1292 614 64 36
142 276 48 54
1444 0 54 64
656 648 62 32
1618 756 108 36
620 824 70 32
734 542 56 44
1666 244 116 66
174 700 64 40
1264 416 68 38
456 244 76 46
340 916 64 36
806 188 52 50
1190 50 66 52
138 68 74 42
856 518 40 56
1058 206 60 46
952 762 48 56
744 280 44 44
882 880 48 42
78 898 68 48
994 838 42 56
1084 604 68 36
392 608 44 48
1038 14 48 60
118 752 72 32
880 276 54 40
72 374 60 50
68 320 64 40
400 204 62 64
752 658 44 50
1104 52 44 60
1400 84 66 40
152 0 82 38
448 422 86 36
828 696 60 40
276 252 42 70
1190 426 62 34
428 48 64 42
1838 796 60 72
496 662 64 38
1626 626 78 34
792 358 38 52
866 368 54 48
748 586 56 38
432 678 52 50
82 844 60 44
862 338 42 58
224 764 60 36
916 474 52 34
36 552 82 36
928 728 52 36
932 364 62 32
1060 778 48 44
1182 530 34 36
830 634 32 42
580 196 48 74
912 620 52 36
1670 36 60 60
180 1008 60 40
1042 472 62 32
754 830 40 38
584 82 66 76
1696 68 92 70
24 160 76 60
500 600 50 44
126 350 48 52
1814 878 74 56
878 422 56 36
800 832 22 52
1048 514 36 44
1092 510 44 64
750 864 34 40
734 506 42 26
1160 658 32 50
62 252 80 52
198 286 76 40
870 630 48 52
1212 208 52 50
192 846 56 38
802 602 60 36
326 2 54 22
802 486 54 30
638 452 30 40
1680 168 118 70
1240 476 58 36
592 578 68 32
764 310 42 48
822 998 46 58
394 678 52 40
588 534 50 46
596 122 48 24
598 868 52 64
738 924 38 42
1186 974 58 42
1130 382 38 36
304 174 58 42
362 200 60 36
1162 730 32 40
326 148 54 36
1796 466 80 36
204 172 38 38
1202 488 44 28
1196 814 48 30
