1378 328 60 72
1310 116 78 90
906 474 58 82
860 616 84 58
920 584 72 60
412 908 76 94
964 354 78 106
1010 436 60 88
1412 162 106 58
178 268 108 68
812 220 82 100
1024 298 86 60
1512 570 112 62
1074 140 96 66
694 270 64 102
1066 650 80 68
1424 410 72 72
606 274 92 62
804 776 90 78
1064 802 94 70
1058 488 68 72
1648 248 86 78
1402 260 104 64
942 192 92 86
740 314 84 80
238 994 104 60
1048 230 108 52
220 544 110 54
228 488 120 62
1474 448 84 96
684 680 84 62
802 516 96 54
468 800 92 78
1474 792 102 52
374 694 86 68
1242 298 88 80
1106 338 90 58
1376 104 90 56
904 210 76 82
286 760 102 74
496 322 98 56
1002 686 80 82
272 666 94 64
820 844 90 68
240 734 98 60
1292 60 92 48
628 726 84 72
226 216 134 74
506 266 78 64
1598 766 118 54
1374 700 70 82
1088 876 76 66
1516 636 80 66
182 148 110 72
22 498 112 50
294 122 122 80
1230 680 96 48
656 794 76 96
338 622 92 90
952 968 72 86
498 6 72 98
490 884 106 72
1302 782 70 74
776 564 96 54
370 14 84 88
452 152 108 68
696 78 94 60
1104 270 58 90
862 718 84 72
238 882 110 80
1482 338 54 76
1528 382 110 60
800 58 104 60
620 14 78 60
160 0 92 60
60 682 98 68
192 694 78 88
134 762 98 56
894 770 72 76
1228 484 66 68
1546 952 98 54
1144 24 64 108
742 432 92 52
1228 752 62 70
168 62 104 76
1488 108 92 72
1616 94 84 72
1232 620 88 50
1700 544 68 70
1682 422 78 90
478 524 98 58
18 312 108 80
1664 162 90 80
210 796 90 86
152 906 102 68
1438 58 74 78
1410 580 98 46
102 332 104 88
1688 622 70 76
638 146 64 62
22 550 108 62
618 820 56 74
230 392 92 62
612 158 72 98
1152 830 56 74
1652 516 72 58
1420 368 68 60
446 8 60 108
624 76 68 66
1004 22 70 46
116 560 86 64
474 742 112 58
710 20 88 40
162 592 96 68
0 200 102 74
624 888 76 60
1106 26 46 78
1746 126 76 84
1148 508 66 56
32 116 100 78
618 940 66 86
1682 906 94 84
216 28 106 76
1590 626 74 72
0 0 94 70
1234 216 46 102
1722 710 78 42
0 278 64 70
22 602 118 60
16 892 80 62
