614 356 80 118
1134 188 60 124
1430 592 98 96
1324 290 88 100
448 618 72 120
652 642 82 116
1368 552 100 88
96 152 106 102
848 202 94 98
1054 182 64 118
1318 32 84 100
1002 518 116 78
1410 814 66 118
1068 688 82 96
772 718 122 78
20 778 108 104
1560 316 78 102
924 228 102 86
260 238 146 78
1592 208 78 112
1488 374 98 94
662 138 72 108
760 586 106 76
606 44 88 96
246 310 120 78
1272 780 106 82
8 290 132 86
876 534 102 82
1042 102 124 82
1226 328 108 82
864 60 132 54
884 834 120 86
778 48 104 88
1232 882 82 78
1028 780 92 104
1016 366 134 76
108 490 146 78
1136 468 78 122
1120 310 82 98
1638 666 86 104
1560 554 80 114
1580 470 144 76
986 304 92 96
822 396 92 94
698 570 96 70
938 636 130 88
858 460 108 82
982 60 78 98
1340 664 70 108
1508 806 108 88
1274 170 68 110
1712 576 90 100
418 48 112 90
610 750 136 72
292 0 92 90
1108 838 92 104
594 186 90 94
1212 602 122 86
1314 874 92 96
1230 120 142 64
1472 734 102 78
690 252 78 100
1618 606 110 66
730 642 108 72
1064 604 110 82
1114 14 86 104
2 496 114 92
640 532 70 110
650 810 114 86
1288 410 130 82
218 86 110 96
1332 480 106 78
722 188 94 88
368 706 118 84
1250 710 124 80
1490 652 112 84
1338 174 96 90
496 482 86 80
602 314 140 72
490 772 70 126
922 714 80 102
728 16 130 72
800 348 66 100
1636 312 86 106
1466 472 106 84
1218 470 80 116
716 346 72 102
1442 122 90 92
806 488 84 98
1222 188 70 132
1700 450 116 84
1530 18 148 72
1646 856 158 88
16 16 126 88
980 438 150 90
400 80 78 86
976 732 108 90
1524 132 72 120
672 882 108 82
1554 694 102 80
958 486 54 122
1052 906 102 88
316 146 90 102
1036 16 94 86
1230 958 114 90
116 932 130 86
260 922 96 132
168 130 106 92
896 394 106 76
1404 718 80 108
118 60 142 62
1628 406 126 70
1228 284 118 64
34 688 100 76
1102 744 86 110
144 736 94 100
1404 60 80 66
1392 372 102 84
1442 46 138 72
136 422 138 76
920 332 90 84
144 622 124 82
1460 866 94 84
10 216 128 76
1670 222 78 110
1576 114 104 104
400 798 66 96
190 652 110 96
1660 120 104 104
1606 542 124 68
586 12 104 62
406 456 124 48
130 562 128 68
1328 964 82 94
712 442 142 74
376 154 100 92
242 588 178 66
1728 258 110 82
284 656 128 82
606 924 86 102
424 494 94 96
430 828 76 110
340 330 106 106
1422 936 122 82
0 112 130 78
320 78 126 86
228 742 94 88
94 860 114 72
464 256 70 118
284 764 144 76
642 472 122 82
1708 738 108 84
476 150 76 102
456 890 154 76
590 596 90 82
1732 334 106 90
150 342 114 88
452 360 114 76
1738 680 88 70
1670 794 110 84
20 416 108 66
504 216 78 98
400 938 70 88
608 480 64 90
350 472 104 86
1716 954 98 80
1620 762 96 70
