1378 344 104 60
1370 516 60 60
946 294 54 76
1230 440 70 56
678 178 60 84
858 132 92 50
842 842 54 68
932 528 62 48
1344 620 60 64
862 706 56 56
1490 408 76 62
1050 668 54 66
704 780 56 74
1526 520 80 46
1086 522 58 60
956 178 70 54
880 350 66 46
924 882 70 44
854 624 74 40
1558 296 70 58
1286 668 60 54
648 312 76 52
754 614 50 80
1078 238 56 62
1362 768 78 44
114 740 86 44
774 336 56 58
832 516 62 48
282 520 70 50
1568 420 68 68
1430 958 92 40
1170 390 60 62
898 290 50 62
1080 596 56 50
1624 192 66 64
424 786 72 40
590 500 78 44
1402 606 70 58
1240 886 58 68
154 664 62 62
32 278 88 54
864 556 50 56
1616 772 76 50
930 578 66 42
1506 248 70 56
248 622 78 42
586 238 82 62
30 578 78 66
1052 416 74 40
1166 618 70 38
762 530 56 46
1610 948 78 74
1592 354 90 40
664 620 86 42
1694 576 76 56
246 966 74 44
334 320 66 68
202 562 62 60
1026 764 76 38
88 444 104 42
468 148 62 62
1176 708 68 40
1468 546 58 50
1292 232 62 60
632 672 54 68
1654 848 92 50
336 224 72 64
598 914 68 44
1344 82 60 68
1186 490 74 44
588 410 66 52
1294 784 66 40
1042 458 68 38
1370 248 68 40
440 264 64 62
454 340 80 48
400 886 88 48
256 248 64 48
1040 166 58 50
1586 140 94 54
1420 206 80 44
1168 926 46 60
1786 898 84 88
898 44 74 52
194 766 80 46
1514 48 84 60
1072 794 54 66
1098 92 46 70
262 804 64 46
130 286 78 62
1076 910 60 50
254 302 54 56
318 948 56 58
1428 74 82 44
322 752 82 40
1656 502 80 52
950 994 84 48
366 706 60 44
104 570 78 62
1202 226 46 66
1188 752 74 40
1596 0 74 54
1242 244 66 54
128 360 74 46
1498 152 82 42
1204 156 68 50
234 868 58 46
1676 384 108 42
1122 306 48 62
1600 566 84 38
1188 120 56 46
1258 132 62 50
596 682 42 68
236 192 84 46
490 0 62 74
1576 606 76 40
1222 28 78 46
480 724 58 56
1288 832 62 42
580 580 42 60
646 824 52 48
1698 688 68 54
1226 792 52 46
1586 646 76 48
14 158 86 60
1276 86 58 46
1648 444 134 48
390 158 78 44
208 158 74 42
502 614 56 46
76 660 80 42
432 78 78 46
1804 812 76 46
1122 186 44 54
1132 86 42 74
496 290 54 52
1178 290 42 68
1694 190 72 64
598 838 50 54
1028 16 54 50
592 772 52 56
1444 274 56 68
136 106 68 54
522 966 56 66
410 122 68 44
592 962 68 42
1422 18 90 48
1726 344 78 46
158 186 76 40
1402 286 68 52
1118 642 42 44
800 16 52 68
196 232 60 34
400 802 52 80
530 910 42 62
42 710 74 40
1204 962 78 40
1706 782 52 64
1402 0 74 48
1140 378 46 74
