894 608 86 76
220 294 124 80
264 144 60 128
804 592 114 84
1016 770 80 90
1408 296 110 80
940 194 124 72
1222 660 120 72
406 176 124 78
474 852 76 84
1044 490 70 92
694 372 80 86
1154 268 66 108
1056 914 124 62
1092 60 92 88
1072 142 80 106
1342 138 116 78
1422 372 108 80
922 406 130 64
976 514 86 72
270 732 122 64
1138 838 70 92
22 118 104 70
266 60 138 58
1558 518 96 80
20 494 112 98
832 202 90 80
1040 672 80 90
748 708 82 108
1602 720 116 86
1070 568 110 60
800 780 106 80
604 614 148 64
1282 192 124 96
928 280 112 82
788 866 72 106
1070 814 88 72
1458 472 84 96
1550 298 94 104
212 826 110 80
1386 678 108 76
848 414 102 80
314 128 84 98
1554 824 84 102
1582 58 68 126
176 698 98 90
1486 60 102 94
1070 626 74 72
694 854 64 114
482 512 106 70
710 176 108 88
892 860 74 106
750 314 104 88
88 736 106 90
452 298 126 84
616 238 116 80
630 702 136 72
758 392 102 86
1550 608 116 84
1220 312 96 90
144 594 88 102
382 568 138 76
1216 764 74 100
1344 62 140 74
278 644 88 94
386 238 84 92
624 824 84 96
626 120 100 62
164 484 84 96
1062 376 114 90
1086 744 92 80
908 120 76 54
1474 622 86 106
1580 230 96 90
1674 786 122 74
1236 478 136 86
752 488 90 62
164 124 88 98
1638 856 86 108
1492 256 72 100
624 352 88 102
400 804 90 78
1556 450 88 84
1598 432 120 68
1164 508 52 94
1542 924 104 66
834 132 112 82
1648 14 138 96
902 474 82 112
40 682 110 76
700 504 94 94
286 880 82 108
1696 722 124 78
606 536 78 78
468 60 100 80
428 692 118 82
246 506 88 96
220 624 88 94
604 650 72 112
1630 308 92 102
400 920 114 82
54 844 130 78
1694 580 124 80
508 640 78 112
1720 642 104 86
44 950 108 82
700 60 76 76
1224 606 98 56
138 48 104 92
108 426 144 64
386 70 84 102
182 914 114 78
620 196 94 60
1130 604 80 64
1090 120 76 34
1674 464 124 86
1778 306 70 88
538 942 64 68
1684 168 120 78
1292 722 108 78
36 312 160 72
136 360 146 68
1094 326 84 86
0 0 66 58
602 748 66 74
340 602 84 116
250 0 122 54
818 928 102 94
64 572 112 78
1394 834 86 92
18 852 80 100
1166 130 60 84
382 468 114 82
586 130 76 90
416 646 86 78
1154 678 66 74
612 970 60 86
