968 90 104 64
1036 254 104 80
990 340 98 76
1040 684 136 66
1106 614 78 84
800 132 86 78
1452 536 104 64
1396 468 158 62
1418 300 82 92
1234 88 106 70
1280 452 88 70
1214 860 90 76
640 632 80 84
842 790 84 94
1090 886 82 84
1236 196 82 92
346 88 94 100
1598 524 86 94
672 710 96 88
754 606 64 90
610 710 82 74
1326 550 124 66
342 6 108 76
800 756 78 94
1254 526 116 74
1378 612 112 72
1274 296 112 66
954 878 108 96
1328 138 108 76
636 228 104 62
864 110 104 80
1310 210 106 68
320 620 100 82
726 14 92 98
186 576 120 72
1106 56 80 86
1504 636 86 62
1220 608 84 108
1052 404 66 88
396 912 114 64
680 540 104 72
664 398 128 70
642 782 94 94
916 578 78 76
1306 660 72 92
602 544 92 90
738 276 96 62
818 290 72 82
444 798 94 96
828 940 104 84
950 706 78 122
882 294 60 104
968 968 88 68
996 490 88 68
1598 356 102 64
218 770 78 110
374 782 70 114
914 206 90 88
1678 626 74 84
928 538 104 64
1030 24 88 66
1544 394 102 74
1362 778 70 112
1246 354 112 78
1552 666 106 60
774 514 70 100
218 294 76 98
236 150 142 72
444 484 80 108
666 932 78 56
1326 396 110 70
394 994 110 64
940 24 108 70
342 696 122 66
950 404 70 94
332 258 104 78
76 542 130 58
1406 74 116 72
102 124 122 86
402 616 122 82
424 232 106 82
66 314 118 82
1140 510 90 58
1678 710 84 74
754 440 88 76
496 752 96 94
1254 150 66 64
1642 288 104 74
142 18 80 118
620 932 58 124
598 254 76 88
274 540 124 70
774 908 78 116
1676 370 92 84
1600 716 86 86
658 284 88 98
1666 560 92 74
426 348 132 78
536 294 62 110
1494 942 88 84
0 196 98 88
474 60 120 60
516 598 86 68
1400 742 104 82
860 606 70 82
88 208 182 74
602 20 86 60
76 876 120 92
1340 60 104 58
1578 282 78 98
1166 22 52 88
432 158 130 62
456 942 90 76
1484 194 118 42
6 108 118 80
400 262 44 78
818 602 46 80
202 436 122 74
874 396 92 64
794 354 84 88
1284 960 136 64
870 520 74 86
38 482 156 72
1560 120 110 82
1676 844 96 96
292 786 94 88
450 438 120 64
1154 410 92 62
1252 680 72 80
160 926 128 76
40 688 98 70
40 960 108 76
32 778 100 106
318 452 114 54
302 940 122 68
1222 730 84 100
400 120 46 64
1500 232 96 78
862 456 102 76
48 60 118 44
622 870 130 70
1628 460 82 72
1726 508 90 64
1768 206 78 86
1564 60 94 62
1746 656 74 96
302 852 96 88
1744 932 72 66
1680 450 84 78
74 596 130 70
1618 200 82 94
596 60 84 38
1566 898 102 64
1570 798 158 78
0 880 88 92
148 0 120 44
1578 964 126 66
770 316 62 100
1740 300 88 62
1684 236 80 74
1688 60 96 60
1276 28 94 40
1010 428 72 66
