1382 28 72 138
12 194 106 106
1302 20 72 126
824 258 72 126
1456 44 96 106
898 300 84 100
248 162 86 104
28 772 102 108
1310 356 86 98
1630 826 82 108
1438 708 120 90
788 672 126 72
1556 672 92 94
1350 664 94 112
980 684 128 68
930 844 76 108
52 866 114 100
44 302 126 94
784 722 92 92
154 280 112 100
1356 280 104 90
444 200 94 94
1228 586 118 80
1306 780 88 90
1422 616 96 92
1234 170 106 84
1694 428 90 110
1416 812 104 88
1222 664 124 76
332 476 94 88
380 314 86 104
340 188 112 84
1030 838 116 76
890 714 96 94
1630 766 122 80
1126 836 86 88
178 702 106 86
1218 334 114 82
124 806 118 94
614 558 100 96
592 210 162 66
1528 490 122 92
1640 238 104 100
650 90 84 112
980 734 90 100
1386 528 138 78
664 652 114 76
1330 472 140 72
966 436 64 108
1072 350 122 70
1428 156 128 82
1698 168 120 82
1450 218 90 94
592 132 92 96
612 840 78 100
110 206 116 82
874 168 100 90
1094 752 90 78
784 310 72 112
744 112 86 100
730 18 110 48
380 632 94 102
1090 608 72 108
924 96 108 84
910 24 114 58
956 176 92 96
1598 570 96 92
328 112 94 86
984 306 128 70
672 334 110 80
1112 60 90 72
804 168 82 102
750 592 100 86
622 272 124 78
472 680 88 88
1376 120 78 60
870 952 82 98
1120 300 96 80
1708 878 90 98
778 494 80 84
620 406 64 124
314 796 108 84
758 434 112 60
648 722 126 74
1014 74 72 118
612 60 98 40
1004 892 76 106
978 354 80 98
1040 406 90 94
272 312 116 80
604 654 74 108
814 530 116 88
706 538 68 122
1244 816 98 106
1646 510 96 94
1050 494 78 110
100 136 132 82
876 482 96 90
1010 26 114 48
0 12 74 78
1008 586 112 84
848 404 84 102
72 38 98 102
158 120 94 38
726 922 86 126
1084 100 64 126
136 620 124 68
400 42 100 102
1116 472 72 124
296 372 84 104
1720 594 96 96
6 106 114 80
400 918 50 72
812 90 104 90
0 536 108 90
358 846 110 78
1200 500 98 82
130 926 122 94
456 344 82 96
1208 60 64 80
1214 742 64 110
254 896 88 102
1306 896 110 74
1516 968 100 92
250 120 90 60
1222 216 78 108
1508 400 108 88
1396 366 96 84
842 886 100 88
246 60 120 100
1748 0 130 64
338 900 92 96
340 4 112 88
1646 628 106 92
478 24 100 84
1490 870 82 106
218 464 114 68
1450 120 110 40
1230 908 100 74
1810 70 62 90
210 824 106 86
912 372 92 78
460 584 96 88
444 966 124 92
510 344 72 116
1634 706 154 72
1532 214 100 104
1570 18 82 120
1076 910 74 108
1506 838 118 80
1700 810 128 72
102 554 126 78
638 910 106 92
524 888 80 82
1432 430 136 80
408 798 114 80
1574 314 82 86
1630 324 124 90
0 614 164 78
322 730 156 72
176 0 94 46
150 42 88 108
20 414 104 62
416 734 118 88
1400 900 86 104
928 606 104 82
14 476 108 74
