866 804 64 66
766 404 58 74
1016 764 64 52
942 598 58 54
1284 314 82 44
666 554 90 34
1034 470 66 58
958 212 78 50
1386 780 60 56
1488 366 60 60
828 558 70 50
686 706 84 42
1010 382 72 40
1408 558 80 40
846 644 56 52
1502 548 54 100
120 318 66 64
622 176 66 64
922 414 52 54
1034 662 62 42
256 0 66 86
916 638 46 58
486 604 62 54
58 518 76 52
600 84 86 78
1042 132 68 56
100 456 92 38
670 648 60 56
826 690 60 50
1040 706 70 42
1644 568 106 56
188 186 70 66
52 270 98 56
1242 822 52 56
170 890 74 68
480 212 74 46
1366 948 86 38
760 564 64 46
642 808 82 40
644 742 60 72
586 686 86 36
1186 458 74 38
446 26 98 56
1080 100 80 44
166 978 72 46
1078 812 64 48
1662 442 76 32
1220 32 68 58
1068 356 70 44
1164 672 60 52
1612 122 72 68
1092 228 52 72
598 296 80 68
1054 210 68 50
1318 506 54 58
594 972 72 88
398 344 60 48
1284 1006 66 48
82 798 80 66
624 840 70 64
1178 542 68 42
106 922 74 46
582 338 82 60
16 152 92 70
1206 604 82 54
1580 476 72 50
580 586 94 32
1512 98 60 68
1692 526 86 40
1182 102 48 68
22 624 84 50
1202 212 66 44
1210 170 60 44
1742 152 74 82
1172 820 66 46
1122 520 40 82
1120 236 44 78
1178 734 78 48
1060 936 58 54
1650 944 82 104
1820 824 78 66
1176 958 62 66
484 138 68 56
750 76 56 76
1208 134 52 44
1032 958 64 46
1790 952 70 56
776 110 94 80
36 452 72 44
1102 894 46 48
1174 772 60 40
1234 594 66 40
1720 352 72 50
1188 920 58 44
