1370 590 100 50
890 230 102 68
762 312 74 78
1312 402 58 66
1474 846 64 76
1572 372 118 54
1602 308 100 62
912 678 82 76
1032 234 78 102
956 510 70 86
1122 342 72 82
1030 350 90 86
1086 886 64 84
990 590 74 72
452 700 88 84
1040 698 68 68
1066 114 114 54
1140 592 70 86
298 304 104 78
350 868 128 66
736 554 80 86
190 296 102 84
1446 538 144 56
266 760 96 54
748 240 78 84
1086 658 68 66
1086 810 92 66
494 326 96 80
1058 512 76 62
800 136 72 76
900 412 88 82
1060 418 64 92
812 932 66 86
716 776 88 64
1284 256 66 90
1556 712 102 70
1242 668 88 56
776 828 80 66
824 296 76 90
1360 738 96 72
748 644 96 66
830 602 66 84
1228 526 118 66
1266 624 96 50
1404 446 78 88
1636 80 112 72
1324 664 70 84
684 210 98 80
896 298 80 90
418 308 102 92
312 652 110 70
808 370 74 86
1520 86 94 72
678 370 70 82
876 772 76 76
1150 506 64 74
234 624 88 96
1524 234 146 64
1508 630 94 84
888 946 80 70
402 560 114 70
616 742 94 62
1244 172 68 86
1016 778 72 84
510 666 88 82
404 640 106 70
952 874 76 74
846 486 88 88
1682 332 110 56
638 526 66 100
1566 588 70 72
234 198 124 84
1688 818 84 78
1406 302 74 66
1290 824 62 76
1048 60 80 62
1238 466 98 52
1334 368 116 54
770 488 98 54
676 608 80 80
1702 494 102 76
1480 332 74 94
102 490 120 70
1122 62 70 66
900 822 112 58
158 834 106 94
680 914 74 92
1644 724 84 76
1614 554 80 106
112 622 114 74
50 294 94 94
1722 166 98 76
1286 982 92 78
1706 642 112 60
424 34 114 70
22 116 104 76
1172 216 48 82
28 552 84 80
180 142 102 92
1314 868 94 60
480 904 82 96
362 88 108 68
612 338 88 64
502 790 74 100
736 928 62 92
646 992 92 66
1620 962 104 58
312 500 98 88
1068 970 92 64
220 424 98 44
1022 966 62 94
1552 858 68 88
1218 864 52 82
1428 172 106 62
1580 988 84 68
400 438 92 54
522 104 64 72
316 38 78 88
52 684 98 66
1696 252 130 84
1106 408 84 92
1246 920 78 84
50 954 110 68
1598 898 80 64
1726 60 94 56
1628 816 74 66
610 74 56 92
4 170 84 108
1464 122 96 48
1722 724 88 72
838 672 86 68
604 592 76 62
54 14 98 94
364 986 88 56
1342 28 88 58
1212 768 70 60
1644 672 114 48
1704 892 98 48
0 22 68 72
60 770 98 94
614 396 66 72
616 854 48 82
1686 394 140 74
1620 8 72 54
620 942 58 66
254 0 122 68
134 930 112 86
1666 158 94 82
1184 24 44 90
448 922 60 86
0 454 64 76
