706 630 68 76
1450 426 96 44
1452 218 84 64
404 836 114 52
1342 810 64 56
520 870 80 70
1508 336 80 56
160 170 94 86
994 346 70 56
1506 666 80 60
934 700 64 72
296 280 116 48
232 808 84 64
640 754 78 98
768 902 78 54
750 178 62 92
1148 322 58 84
922 782 72 54
1384 672 68 58
902 348 72 60
320 834 76 72
1052 694 50 62
836 408 56 84
1396 284 68 72
1374 164 96 52
606 266 66 80
286 926 84 54
1026 760 54 56
788 614 60 78
894 668 46 74
1302 500 62 52
1298 274 62 78
1556 606 74 46
494 320 70 86
1296 632 54 62
472 496 86 54
1448 82 62 78
1340 120 62 80
1092 426 82 46
1276 64 58 98
372 576 86 54
888 944 62 90
94 340 104 58
932 552 84 44
766 326 66 90
844 650 52 78
830 304 54 74
320 528 92 48
402 350 122 66
1712 608 90 52
888 452 74 52
1082 142 76 52
294 460 72 76
852 484 66 56
1126 208 72 66
180 872 86 50
484 254 90 52
190 320 68 60
1258 358 66 64
1114 464 62 48
252 742 82 70
1084 334 68 64
1164 492 50 70
1358 490 82 52
1688 784 74 78
1230 502 76 44
1646 344 86 54
1112 846 64 50
444 640 92 46
106 888 86 72
1314 872 56 62
1464 842 94 44
634 860 78 90
944 884 74 56
486 104 106 64
148 534 90 54
1674 466 98 48
1594 728 66 56
1632 938 66 72
1330 60 76 52
850 606 76 46
372 24 88 60
1672 402 122 56
1568 962 68 50
134 926 116 60
1110 574 50 82
1140 886 56 54
1264 422 76 38
1260 592 50 74
986 832 72 46
234 110 114 58
1128 562 64 58
1050 374 54 60
1320 938 48 60
110 492 76 48
606 208 128 56
926 600 76 52
646 492 70 82
1118 26 98 50
1350 214 90 50
1612 838 90 40
726 16 68 80
386 630 58 70
1098 94 66 42
1694 128 80 66
1012 938 72 52
496 678 64 60
1248 450 74 46
1640 284 86 48
1434 900 78 60
1232 890 52 80
1228 74 66 62
442 456 60 50
532 930 78 50
1674 892 70 52
22 478 90 74
1626 222 88 56
790 438 60 62
1246 194 66 50
1526 20 70 56
634 252 80 54
1830 650 68 80
1220 602 38 76
616 654 52 72
1216 846 60 46
1364 892 72 42
1358 272 62 58
220 730 68 70
1678 274 118 54
26 198 98 72
486 738 64 74
1584 112 132 74
14 332 78 52
1704 50 78 78
192 98 96 46
54 418 86 48
1458 770 110 60
0 226 66 92
472 30 70 68
1388 958 86 44
1700 516 90 60
186 62 70 46
1722 20 96 76
1220 222 50 70
306 602 100 48
618 74 98 62
406 132 96 82
504 218 86 66
34 122 96 72
1628 758 74 56
938 942 62 64
62 954 94 60
1680 186 114 68
1588 886 70 50
1386 1004 64 54
610 32 92 52
484 446 80 46
438 688 68 42
438 728 50 62
546 548 88 44
416 86 88 74
1248 956 70 56
194 432 90 72
412 756 58 62
60 684 90 58
42 596 102 60
1080 924 66 60
1740 716 58 66
1828 474 72 62
1220 326 38 80
1164 148 44 54
122 22 62 52
70 778 104 90
1022 994 62 54
