984 206 78 62
1356 178 64 70
900 178 64 80
780 304 56 80
722 808 88 52
1026 622 64 64
50 220 94 60
1096 300 58 64
954 344 60 50
236 162 92 56
218 254 96 58
650 666 80 56
362 298 72 68
362 812 64 48
634 604 94 56
692 322 58 56
1128 212 54 70
960 444 68 54
1006 364 52 70
1108 372 56 68
1110 608 52 54
360 902 70 82
728 30 86 62
496 220 76 56
1692 216 84 62
1322 730 90 38
1080 176 68 56
952 632 64 68
696 384 72 40
1556 758 72 40
518 788 80 44
906 438 60 54
724 648 58 54
1684 438 72 58
822 374 58 68
1034 744 46 66
1412 186 68 56
248 804 80 48
1630 220 68 52
1400 566 60 54
956 46 50 80
1382 674 62 42
1098 444 66 54
1694 822 76 66
1570 380 86 36
806 632 74 44
1234 276 78 48
1106 896 58 52
294 362 80 52
1596 846 86 42
1712 64 106 46
1120 824 70 54
784 600 50 74
1452 100 58 62
876 788 66 40
1526 200 60 48
244 906 104 66
1136 504 56 52
424 156 68 58
1606 454 66 58
208 60 82 48
1626 654 66 74
134 228 68 84
646 278 52 86
180 458 94 40
652 522 66 56
966 856 66 52
1296 330 60 68
488 16 70 60
172 648 80 54
1590 804 80 38
362 88 66 78
1586 334 80 44
516 282 56 64
1674 520 82 54
1728 114 76 46
1074 516 60 46
794 514 50 74
1252 138 68 42
74 946 82 70
1624 928 70 68
1048 78 64 52
794 950 94 76
1308 70 72 48
480 90 48 72
1072 690 62 48
62 562 68 74
532 834 76 52
824 694 64 52
1084 116 62 52
1418 24 62 64
944 744 56 50
1230 88 70 46
92 524 90 42
616 212 76 44
52 856 106 54
112 802 90 46
1498 144 72 62
1296 664 56 54
1222 598 46 68
784 686 46 68
1310 624 66 38
1740 156 70 56
614 64 64 94
1230 724 60 50
1092 64 72 46
1218 752 48 58
210 750 72 60
1098 740 68 48
1130 566 54 46
1502 488 52 60
1096 776 64 50
1234 662 66 44
1284 874 80 38
1532 436 54 52
534 130 66 58
164 702 84 40
80 288 76 54
674 718 76 58
1732 302 60 58
32 268 64 74
192 818 70 50
120 314 82 58
1002 60 58 54
822 18 62 50
1162 762 44 60
1038 22 66 48
874 724 44 60
1334 500 62 48
912 932 56 58
978 968 50 54
552 900 62 68
50 122 88 68
1350 26 70 44
148 934 106 60
92 778 94 38
1308 536 54 66
1838 728 62 56
1830 774 70 52
636 470 68 56
716 738 76 46
1562 618 70 44
564 246 48 64
1454 386 64 50
1350 348 50 56
1080 962 70 48
422 78 64 70
214 358 82 44
824 754 56 44
1368 632 58 42
118 70 88 50
1532 544 66 36
804 480 54 60
942 700 58 40
1224 874 54 48
1308 920 70 46
550 742 64 64
982 910 50 56
930 992 50 66
1154 454 52 44
632 122 50 22
64 414 80 58
932 886 54 54
150 486 70 46
58 688 92 48
564 568 56 52
1240 982 42 56
308 432 62 54
540 302 64 52
1814 616 78 54
672 914 96 68
1102 24 60 38
662 430 60 40
1630 560 54 40
1220 330 36 64
892 668 52 52
156 748 70 46
562 62 40 32
80 32 72 56
232 0 90 46
644 998 98 50
1166 150 42 58
620 356 42 62
