266 486 90 104
658 366 76 108
952 380 72 100
1388 796 76 114
1508 446 94 96
1590 806 72 116
438 468 90 94
1420 66 92 52
1492 778 130 72
798 938 78 106
1040 244 108 74
1130 210 82 96
378 116 96 88
780 398 86 104
760 724 94 110
1500 308 122 82
380 662 86 100
856 226 118 80
846 406 102 94
1454 660 130 78
212 324 118 84
1228 760 118 80
600 208 76 78
856 120 112 68
842 640 62 120
576 290 122 70
1716 154 80 108
1370 508 132 72
1634 582 98 94
1268 510 70 124
1376 686 82 102
1054 176 108 80
962 644 70 122
1032 712 90 114
146 852 86 120
848 818 68 110
980 24 90 58
1078 304 86 108
1546 588 84 102
840 500 140 74
1350 576 120 82
644 768 94 100
1420 248 124 84
424 748 82 116
948 290 130 80
768 810 86 114
118 314 90 90
1224 712 108 52
1162 14 66 108
810 520 72 114
168 222 78 110
1400 368 138 74
356 948 130 72
1264 60 62 118
1450 180 108 80
1016 622 90 92
1564 366 98 96
1600 132 68 124
1116 838 90 84
1554 522 112 78
1430 604 86 88
994 772 64 124
954 106 110 84
478 608 74 106
698 806 82 108
134 654 134 82
1156 464 62 128
1602 934 88 98
1340 870 104 98
892 576 112 86
346 442 100 88
1064 912 90 84
324 596 106 84
1630 434 136 82
1016 398 108 86
1238 338 98 94
978 580 116 74
1448 894 96 96
80 218 84 104
724 608 86 96
654 914 78 96
854 60 110 52
1094 588 68 108
1166 294 56 114
1648 200 78 104
444 240 140 70
1302 476 94 76
406 878 98 80
884 306 64 98
1060 984 96 62
336 266 118 82
1344 946 80 106
626 598 94 90
1476 816 84 96
1038 830 90 104
1594 282 94 98
1662 60 130 68
980 882 76 118
686 184 94 92
398 308 118 80
1314 638 108 82
150 728 94 96
254 226 76 104
1422 22 80 52
8 116 108 74
658 660 110 80
976 976 94 80
660 110 76 118
496 754 96 72
1566 680 100 106
28 294 88 98
1218 826 72 110
1042 120 122 56
892 784 108 70
152 112 156 72
1656 882 94 84
646 476 84 108
366 392 144 66
1672 340 76 106
1606 18 126 56
1406 950 90 88
46 964 96 70
1260 246 110 90
1688 692 134 76
478 352 94 84
126 574 88 88
580 126 104 106
480 120 94 58
222 594 102 86
240 676 86 110
912 834 102 84
1250 602 80 126
1720 832 90 80
438 706 110 62
1096 20 84 68
1000 488 80 102
1092 456 66 124
246 146 96 86
316 806 88 98
476 816 116 70
204 60 126 82
702 490 104 96
520 486 64 102
600 688 92 94
34 846 90 98
1750 232 70 120
40 778 132 78
1610 646 94 96
1242 434 104 76
298 24 124 90
1294 146 88 78
228 890 100 90
1164 760 62 108
696 74 104 90
1662 778 108 72
38 684 94 72
588 46 112 86
946 520 74 90
1238 888 78 88
130 452 158 78
1730 638 106 78
678 564 126 56
1652 500 98 102
1350 274 110 82
288 754 122 74
0 852 54 86
1346 188 98 90
400 594 34 80
332 892 94 94
1058 486 66 104
286 638 102 96
1530 120 72 120
1660 118 102 82
0 188 86 86
810 306 108 86
404 0 132 62
1226 208 60 100
1722 572 106 74
0 60 134 48
590 370 66 86
1728 758 106 82
1208 286 60 108
128 54 108 84
