1400 248 54 66
1476 222 56 60
366 402 56 64
704 540 58 50
930 766 60 58
1342 432 54 58
1606 78 90 54
616 312 56 64
448 362 82 36
1056 214 70 48
646 216 56 54
1450 720 62 50
1630 644 80 62
1010 386 54 56
844 714 72 38
604 718 70 50
930 164 58 44
822 490 46 66
722 676 78 38
864 448 48 60
598 820 76 54
246 312 72 44
1428 112 74 56
1012 638 56 42
144 852 82 36
1230 182 70 40
1178 312 70 42
174 304 74 38
1672 278 80 56
302 838 72 36
64 514 86 60
662 166 58 54
504 714 62 46
1708 464 70 72
720 168 68 40
684 714 44 56
410 764 72 34
1096 98 48 60
118 590 74 42
794 424 44 66
812 674 66 38
1506 720 60 50
1702 562 70 64
1200 476 60 52
1190 696 52 68
1808 776 92 50
606 446 78 40
1204 78 72 48
38 638 82 40
866 854 56 42
1110 566 44 62
954 908 44 58
1664 224 110 46
120 970 80 50
486 548 62 60
1036 760 72 42
496 54 52 70
1098 378 46 60
308 878 56 48
748 506 60 46
12 150 92 72
1574 590 80 42
184 894 54 62
276 54 76 64
1382 62 80 56
1186 430 58 38
1100 274 54 64
886 888 60 40
400 412 20 58
120 654 62 44
918 838 64 40
28 452 88 50
1036 376 62 46
1076 922 52 48
1174 232 46 62
424 546 68 44
1214 880 54 42
40 710 84 50
1168 384 42 50
1174 890 58 46
122 612 78 42
1322 0 68 48
1492 978 78 50
1224 464 68 46
130 910 58 44
1218 798 52 66
1176 784 28 48
1040 898 50 50
1058 146 66 40
1202 134 56 38
888 1006 54 52
576 424 36 64
1126 2 40 30
1060 866 54 38
1098 696 50 48
44 896 74 42
1110 860 38 38
1070 796 56 60
438 966 50 44
464 524 56 48
934 988 56 48
114 896 62 38
1014 132 50 46
