866 368 46 32
1352 254 32 42
1018 906 44 30
772 232 38 38
948 364 46 28
824 288 46 32
1178 250 32 42
822 792 40 38
912 426 46 30
1042 398 42 30
1272 162 46 32
808 216 38 36
678 906 34 40
894 828 44 30
924 784 38 36
850 892 46 28
272 354 46 32
888 240 38 40
938 166 40 36
920 918 40 36
1236 266 42 34
1046 534 46 32
1114 270 44 32
1432 232 36 46
398 214 40 38
1072 172 42 32
132 222 66 38
986 510 32 42
1194 198 50 32
754 854 42 34
902 926 42 36
968 160 38 38
1182 492 40 34
468 300 42 32
1506 230 44 32
1504 306 40 32
1194 136 40 36
254 816 48 28
1108 116 46 32
1416 346 32 46
1006 520 44 32
1606 232 60 34
328 182 36 36
782 896 44 36
1360 746 38 40
702 164 34 42
1680 134 80 48
672 360 46 24
338 24 62 42
1240 44 32 42
152 306 54 36
1486 272 40 34
900 690 38 36
1608 110 60 36
774 850 48 32
1234 632 38 36
982 546 34 38
412 176 42 30
1516 0 46 22
1584 546 62 38
1770 818 100 74
414 954 54 40
1312 612 40 32
118 650 54 36
1118 220 36 40
1622 292 54 36
1134 60 44 22
1436 222 40 30
1092 916 32 42
1086 602 34 38
440 274 38 34
1306 0 36 26
1614 416 50 42
1290 900 44 30
1678 270 70 42
822 922 40 30
66 316 52 34
98 516 40 34
74 602 46 30
134 720 48 32
1194 60 50 24
756 960 36 42
1186 224 34 42
304 0 44 28
1688 236 64 38
142 522 46 34
590 230 44 28
1180 438 50 26
1108 488 44 34
1094 436 42 34
68 382 38 32
800 856 22 44
168 462 44 26
118 754 34 34
1316 894 46 28
238 538 40 26
840 914 44 30
1464 360 42 34
1018 460 38 36
1174 122 36 30
1096 452 32 42
440 406 78 34
1180 180 40 34
1590 732 54 46
1812 290 54 40
124 84 60 44
270 8 44 30
128 462 52 24
1092 694 42 32
1166 944 38 32
1106 616 44 32
1182 104 36 36
1152 62 38 34
