692 616 94 50
1628 800 100 54
190 532 104 58
920 144 68 76
1126 196 54 78
840 490 60 68
702 294 66 68
1146 328 54 80
274 622 72 84
1330 424 74 58
954 392 46 76
910 634 74 46
1348 498 58 68
1568 414 90 52
378 464 64 70
1380 184 64 58
1016 642 54 60
824 292 70 54
1340 952 90 52
726 368 56 66
440 766 84 50
786 372 78 66
856 334 72 46
1226 338 48 78
646 130 70 82
614 344 64 84
276 784 92 50
1046 500 74 46
1082 126 58 76
1446 554 60 78
1380 378 80 48
1504 556 86 42
1568 212 82 44
1008 960 72 54
1406 22 60 70
1716 244 102 62
1502 606 82 44
914 574 68 48
950 542 62 58
1032 850 72 50
908 806 70 58
804 614 78 34
1502 276 86 44
1514 814 64 56
626 214 102 66
656 484 82 58
1246 288 52 70
834 204 68 74
466 102 76 84
850 694 76 48
1400 484 66 76
1438 782 54 60
1234 662 90 46
1088 676 62 60
1060 768 54 64
1044 556 60 52
1478 70 92 68
1100 368 48 72
1042 258 56 64
420 260 84 64
1064 694 48 68
1388 852 82 40
1394 244 68 48
1310 284 88 50
458 508 82 40
1116 484 72 62
630 370 96 86
768 202 74 92
802 694 54 70
752 52 94 68
1558 100 62 62
700 138 60 64
1230 854 76 58
1094 926 58 52
204 804 74 74
1050 322 56 70
24 486 110 72
70 586 86 70
220 730 100 60
330 150 86 60
836 558 72 54
148 616 90 64
1422 652 84 50
1454 362 82 48
1150 748 50 74
244 444 94 46
690 896 54 60
1524 866 64 76
1610 244 74 50
1578 614 56 70
1080 540 80 44
708 46 56 88
188 286 100 56
1232 74 64 64
1598 136 74 54
1654 718 66 46
34 324 118 64
484 834 92 60
972 452 80 48
1240 226 80 42
770 434 78 52
614 548 90 40
946 68 60 70
642 856 82 50
452 606 72 58
1234 406 84 40
902 312 68 42
1656 20 76 50
850 980 62 64
1406 686 64 52
1254 142 76 46
1020 108 62 68
404 72 94 62
488 46 72 68
1346 226 58 58
812 654 68 40
492 170 94 46
384 738 62 66
240 256 66 64
512 252 82 60
986 498 58 60
1164 526 50 66
268 856 72 68
1014 404 58 62
94 452 140 50
994 26 50 72
1442 226 86 52
1062 426 60 54
1712 568 60 60
1648 554 72 42
46 118 84 68
78 186 92 72
1590 704 66 54
158 0 86 54
244 170 84 54
1404 896 62 64
1242 186 78 42
1660 660 74 50
142 912 92 68
82 48 100 64
782 160 94 48
22 24 98 66
998 782 66 50
1486 986 78 46
1490 424 78 48
284 342 68 70
1688 142 102 42
1510 20 66 50
892 240 56 62
1608 336 84 64
306 2 94 48
198 138 72 64
196 972 82 52
734 916 94 54
548 994 72 64
1284 34 96 54
1506 736 60 60
68 952 92 70
1050 72 68 48
1540 326 78 62
1132 34 76 68
1662 380 68 70
358 894 78 52
1672 178 130 48
1632 592 68 66
298 94 80 48
198 924 72 54
1052 24 76 36
1346 878 62 48
476 208 106 46
978 304 60 66
340 384 70 50
1166 598 44 58
1828 636 72 62
968 264 50 58
620 60 104 54
1224 470 62 48
656 20 70 66
880 868 60 80
1714 318 96 86
1706 438 76 48
104 746 96 100
494 542 82 50
488 690 78 46
452 904 52 68
516 894 84 62
1286 104 72 36
30 222 102 56
296 136 58 52
1234 912 56 54
1654 274 72 68
400 218 84 48
554 644 56 78
62 422 74 46
1736 892 58 52
126 224 88 68
522 598 68 50
1240 954 102 50
652 960 82 52
1720 688 78 48
624 758 48 60
414 822 70 52
1154 942 46 66
802 64 30 44
1710 938 64 52
536 18 58 84
1582 276 56 56
40 848 78 116
808 870 74 48
492 642 80 40
60 682 94 64
