698 602 42 36
886 248 40 36
984 606 46 32
856 344 38 38
892 334 46 32
930 430 38 42
738 570 48 32
460 630 44 32
798 556 44 36
954 360 44 32
590 594 36 34
668 394 34 46
356 62 40 36
786 248 46 28
1038 460 42 32
942 580 42 34
980 658 44 34
858 632 46 30
984 392 48 30
828 706 48 30
860 682 44 30
1122 260 32 44
982 536 36 38
824 244 42 32
922 758 42 40
796 296 36 40
1348 538 38 34
248 714 48 28
1074 666 38 36
1068 600 42 38
658 672 38 40
648 546 40 32
908 564 46 30
772 636 38 36
674 886 38 36
228 410 46 32
1200 444 42 34
1006 714 40 34
466 818 40 38
1314 380 44 34
1204 238 38 30
204 652 38 34
98 476 40 36
974 806 42 30
434 108 44 34
750 692 44 36
208 524 44 34
292 410 46 30
1076 272 40 34
748 356 48 34
172 396 46 30
850 800 34 48
750 374 46 34
902 836 40 34
800 342 24 40
758 392 38 36
926 504 44 38
1574 310 34 40
716 718 38 38
764 434 46 32
164 170 56 38
218 950 38 32
898 72 44 32
330 712 48 26
1236 502 42 34
1574 384 42 34
992 672 40 40
468 32 36 40
604 654 44 34
1554 148 50 46
1478 316 44 36
1436 212 44 32
802 444 44 30
812 800 42 36
20 286 58 46
198 688 42 32
226 0 48 22
322 480 36 36
670 92 54 46
1626 286 46 30
442 772 54 26
610 736 38 38
1230 742 42 32
460 360 48 26
104 224 56 42
590 374 54 26
96 374 44 30
858 822 34 42
128 814 46 30
138 730 48 28
600 676 46 34
214 746 44 34
1082 746 38 36
826 736 42 40
468 690 44 32
1114 794 32 42
492 702 44 32
966 752 44 32
1098 548 44 34
1656 334 38 36
938 256 34 40
304 62 44 28
1206 580 40 34
590 448 44 32
1610 204 48 28
614 770 44 28
1000 694 36 38
652 740 44 30
1186 262 42 32
812 386 46 30
654 62 44 26
814 840 42 30
904 284 38 40
148 518 40 36
1074 244 38 34
154 364 46 28
1300 20 48 44
1066 516 44 38
600 864 44 30
444 1000 72 36
736 670 54 28
782 332 50 28
904 262 42 38
158 120 44 28
1122 110 36 36
588 62 56 44
944 64 36 40
1174 538 40 30
1162 720 36 40
1198 138 40 36
826 818 40 38
1300 896 36 32
1520 464 54 26
1108 422 46 32
1024 692 48 40
800 368 26 34
1640 226 54 40
92 682 50 24
1194 384 46 28
1092 906 46 26
912 492 46 34
172 768 44 28
200 78 42 30
1686 198 70 36
1596 20 48 46
1446 690 38 30
1094 176 42 34
918 576 42 34
224 42 52 38
836 722 46 30
1222 518 42 28
