972 514 80 64
978 786 58 80
980 630 60 102
910 344 110 62
450 740 102 66
898 158 90 84
970 372 92 62
1042 282 90 62
1034 188 80 78
1256 194 74 68
1040 828 58 88
752 178 84 78
252 556 144 56
610 628 130 54
688 316 130 62
1106 194 90 74
1128 582 74 100
1054 596 72 64
1118 262 88 62
838 812 80 80
352 698 88 68
1544 508 106 70
600 94 128 56
834 616 66 76
450 40 72 100
754 390 80 78
722 660 64 96
1054 544 86 52
884 784 98 56
314 658 80 72
812 894 78 72
736 894 66 84
1066 398 114 54
1450 530 94 80
326 950 104 80
1466 78 74 86
1518 636 132 60
1384 16 78 102
938 612 60 76
668 144 104 72
1040 662 62 78
1238 120 102 62
1298 618 60 90
1096 76 82 60
1220 332 70 78
368 566 102 62
820 518 84 80
638 728 94 64
1232 56 62 82
1526 72 70 86
1344 214 66 104
1132 460 74 110
1386 126 74 72
308 292 112 78
474 580 94 76
942 950 62 74
300 204 108 78
1088 724 84 78
1416 426 78 72
416 322 120 78
510 42 80 100
246 248 86 80
1024 976 68 78
1136 314 72 98
856 474 100 50
152 772 110 70
1542 18 78 76
382 876 92 92
598 416 156 52
1316 138 62 90
1336 340 82 92
1418 662 80 54
614 528 106 58
1330 794 72 80
394 160 88 108
304 446 94 50
176 834 134 68
1140 868 60 90
600 252 80 104
1082 446 92 48
1380 874 94 70
776 656 62 84
1646 448 90 48
1550 580 106 64
470 472 76 92
70 960 84 66
1064 116 92 74
154 906 90 106
26 482 86 84
220 332 110 86
270 120 122 80
802 700 56 108
1086 654 92 48
1622 600 104 44
696 764 82 52
1222 454 90 78
400 448 78 66
514 160 80 58
200 52 96 98
876 930 60 86
1388 208 76 100
1244 724 84 48
1306 378 54 86
1436 404 92 44
874 664 90 54
148 224 88 96
438 978 120 70
1506 456 84 52
1078 952 84 72
852 678 60 74
1238 370 84 56
460 910 78 84
1220 614 62 78
1550 378 70 70
1662 114 122 54
152 640 142 62
1192 40 48 86
600 18 120 76
110 150 114 70
76 324 126 64
264 60 80 60
164 538 114 88
708 536 70 64
1510 234 80 108
68 188 76 110
50 684 116 70
18 122 124 74
1096 898 68 66
1250 430 80 52
1216 214 54 100
1000 20 62 56
1668 668 88 48
1702 792 74 60
4 284 92 100
1678 14 124 50
238 702 82 78
1638 816 120 76
96 868 98 94
170 0 102 82
1666 168 118 52
84 50 112 70
36 602 150 74
1254 786 86 62
658 832 72 80
1746 128 78 74
800 482 48 96
1742 498 68 54
1734 642 66 70
0 194 86 94
156 700 106 74
1660 502 106 46
1074 494 66 60
1746 322 68 70
1670 208 124 60
608 150 82 104
1720 726 72 68
616 818 60 126
1510 412 94 56
512 320 114 60
1820 610 80 64
1234 664 88 54
