944 300 66 88
990 546 64 82
1260 402 76 94
1114 328 68 96
992 464 104 64
1344 686 78 88
1350 386 88 82
1708 650 90 64
1556 658 100 60
1066 616 82 88
974 400 98 58
856 436 62 100
896 694 100 58
1218 328 68 82
436 12 116 70
890 492 78 92
1036 740 60 96
770 364 100 54
1428 766 102 64
1148 592 64 92
1070 442 90 46
1230 688 104 58
1012 292 78 98
1684 238 108 66
1228 178 70 82
804 306 76 62
718 784 78 76
616 496 74 70
1550 268 110 64
1212 612 84 76
1136 480 62 102
1636 544 94 76
1256 496 98 78
826 124 78 88
480 118 110 70
892 748 88 62
1108 60 70 86
676 472 84 68
1530 816 82 78
136 524 128 72
954 818 86 58
1330 102 68 88
720 104 90 94
1066 120 64 102
1118 744 62 90
736 850 78 84
746 486 92 76
1600 790 90 56
264 482 98 74
638 846 92 102
1294 752 78 90
1344 254 74 66
308 788 112 68
736 606 66 80
1068 940 102 70
636 66 98 84
1344 560 96 64
1296 214 86 60
932 98 86 82
444 456 132 60
1420 74 86 82
724 312 96 68
814 708 62 96
1476 660 94 64
1408 862 100 62
924 916 90 66
1052 384 78 68
480 332 116 78
1496 740 88 58
1400 22 98 68
1588 724 78 70
938 60 84 60
1718 514 96 88
266 636 98 98
1414 674 72 90
1052 842 74 86
238 768 90 110
1136 806 62 80
136 50 102 72
1600 354 98 74
846 514 58 102
798 60 94 54
1076 712 74 58
636 732 112 86
606 674 70 88
608 344 88 98
862 824 74 78
612 136 60 128
350 646 142 66
1604 988 98 64
1372 334 80 60
1422 478 98 58
1426 552 104 72
54 576 118 68
800 588 70 66
1730 320 98 82
1222 894 84 74
1482 362 90 92
200 412 102 76
432 196 116 66
612 268 112 88
1728 716 84 72
400 318 96 104
266 570 96 66
776 414 80 62
1324 24 86 80
1272 580 90 54
1352 770 78 66
686 594 70 92
1438 212 68 90
706 406 74 58
1496 112 94 84
104 638 122 72
796 640 86 64
1500 900 86 78
102 254 114 72
636 622 74 66
634 936 68 86
256 150 120 62
536 664 64 118
1462 172 84 72
476 246 104 82
24 110 100 78
1546 404 106 70
784 682 58 92
1240 150 98 52
612 556 94 68
1626 102 122 74
228 210 128 70
236 280 94 92
1006 850 64 78
1416 306 104 64
1482 252 78 102
1644 724 104 72
1362 882 58 86
434 500 90 94
410 722 90 78
1236 72 58 76
1674 870 86 70
1312 908 64 76
698 678 90 62
70 228 76 68
1228 780 92 84
1458 448 98 60
312 880 90 92
504 544 82 72
1376 192 70 82
1612 220 80 80
10 306 80 64
164 450 98 82
1150 874 54 78
100 726 136 76
14 484 90 84
928 182 84 68
1594 858 92 74
1732 54 92 76
108 400 114 52
498 608 96 68
56 472 132 76
1470 968 86 60
514 774 86 62
1732 784 78 64
1434 920 72 80
1300 828 104 70
1030 22 80 54
476 830 110 58
160 160 94 72
30 404 104 66
310 532 100 74
192 112 86 62
76 324 128 66
1662 40 98 62
814 866 76 72
792 940 76 54
1250 956 90 54
414 822 82 68
400 946 78 104
1572 940 102 56
142 208 88 56
20 778 96 94
48 688 96 70
1654 436 132 76
1322 622 74 58
28 60 104 40
64 848 156 78
1562 60 102 50
538 478 58 62
1564 16 98 56
1568 98 64 94
728 952 94 56
182 16 110 64
390 530 72 100
126 920 118 72
1544 518 126 78
348 694 96 82
1738 116 102 100
1256 24 58 82
252 90 70 74
