904 688 60 90
982 594 70 76
952 402 88 48
888 634 60 56
288 148 96 58
992 228 62 72
1380 354 68 50
1044 744 70 56
1304 590 64 70
828 126 70 80
1072 430 92 42
1156 328 54 82
1438 252 76 84
1592 240 72 62
1360 548 78 64
1074 298 68 56
1146 478 54 74
774 290 76 54
784 670 76 66
370 206 96 60
1082 228 98 54
1092 914 62 66
1240 368 84 54
114 162 102 56
1094 658 70 66
1572 888 80 86
1100 372 70 46
250 226 78 56
924 886 70 82
1454 598 96 48
1382 412 68 68
1490 302 70 72
764 764 64 78
828 772 66 96
708 484 84 46
500 700 104 58
988 138 62 86
1116 622 76 64
1408 912 64 70
1024 966 72 54
1676 734 82 60
632 558 68 72
92 760 106 64
842 448 54 78
380 322 80 58
876 238 76 64
130 700 114 56
678 292 86 48
1604 442 90 52
1676 346 76 80
712 438 100 34
1694 806 80 62
712 84 70 74
934 334 56 72
670 780 76 50
890 462 58 76
1640 302 84 52
1126 870 58 76
906 278 78 46
1616 506 86 54
1544 662 82 52
1636 574 68 54
628 128 72 52
1440 812 72 56
758 396 78 46
440 836 62 72
280 204 90 52
786 24 66 78
428 964 76 66
1124 60 66 70
272 472 92 62
1048 128 68 86
1550 542 70 60
110 468 114 68
1248 144 74 54
328 822 80 72
638 356 74 70
1446 700 102 50
374 576 78 54
996 60 82 40
810 884 82 62
1582 752 88 48
1508 456 66 62
222 286 92 52
176 10 88 84
374 72 62 94
862 332 76 44
816 374 90 48
606 280 52 62
468 304 82 54
432 368 92 50
720 942 92 62
632 846 52 74
1220 606 70 64
1380 32 94 70
636 878 104 74
456 60 82 54
1380 716 64 58
800 590 68 60
492 472 66 68
726 574 76 48
28 118 104 74
66 952 90 68
532 894 68 68
1620 816 72 70
1326 930 76 48
1686 464 80 42
1342 750 72 58
208 790 90 62
1356 846 72 44
344 12 78 58
644 54 80 66
314 298 74 76
348 964 72 64
1258 422 74 46
244 728 72 60
1692 244 106 54
624 664 74 48
396 912 80 48
1496 962 56 68
40 224 84 102
312 690 96 40
1654 890 74 66
1652 52 86 52
638 180 80 54
1682 90 84 58
62 680 88 72
312 740 82 46
1468 70 68 54
118 320 102 62
634 214 82 66
1232 932 70 54
718 646 66 58
1694 628 86 52
1204 226 62 52
324 426 68 48
18 862 118 64
1220 880 54 66
1190 60 60 86
526 360 70 42
644 950 90 78
1730 878 62 52
1292 406 78 46
350 648 78 40
58 414 86 52
1474 30 92 42
1286 24 64 36
1758 302 58 62
1688 138 84 56
800 60 44 32
378 394 78 38
16 604 126 72
1308 988 54 64
1732 608 70 54
730 618 72 38
518 576 74 60
568 830 52 68
528 154 86 46
1166 152 46 52
