924 358 110 56
1004 476 90 88
1242 374 96 72
1090 616 66 86
1340 22 106 70
1452 236 132 74
970 404 104 58
1392 942 102 66
886 472 132 56
1028 552 68 90
746 512 112 68
620 808 114 58
894 236 102 70
940 78 76 82
982 216 72 100
956 762 82 88
1238 86 106 76
1072 198 102 54
920 546 102 74
866 714 116 66
1074 756 70 96
880 630 104 66
1238 688 110 72
742 790 110 70
1042 230 98 76
1638 352 106 68
1486 326 114 70
990 626 82 76
1230 452 118 56
1224 36 62 98
1042 694 112 68
1632 18 98 74
1374 536 124 82
1052 892 80 86
1122 764 86 94
1476 528 136 62
1242 326 94 54
1474 638 106 80
400 674 88 80
1518 826 90 68
1356 452 110 56
1330 320 132 66
1632 724 110 70
1398 70 110 74
752 728 104 68
1518 742 82 86
714 256 120 86
1030 328 70 94
768 170 88 94
608 646 102 84
1570 486 82 86
284 768 106 84
836 500 74 122
950 152 104 66
1488 46 80 108
710 856 104 78
1464 458 98 80
786 664 98 82
808 284 110 90
1360 376 110 64
1370 780 102 70
740 48 84 102
1554 414 94 78
400 800 140 66
476 854 108 86
906 812 92 96
222 852 100 102
718 120 80 106
850 166 74 92
926 20 84 64
1590 560 114 72
1724 634 106 64
506 230 80 100
1518 18 128 56
696 730 74 102
386 746 108 80
1218 262 96 68
1498 960 106 78
738 412 90 92
16 584 106 96
238 148 106 88
706 574 82 98
848 98 90 86
1442 366 72 90
620 540 96 82
646 146 88 106
482 340 110 70
146 516 118 72
1366 848 102 82
1116 854 74 108
1316 864 76 92
1210 874 84 86
1394 690 88 102
844 60 98 54
500 602 102 68
88 614 112 60
104 114 122 84
1562 626 90 96
186 264 102 72
1564 222 100 100
630 904 124 72
1712 12 100 60
252 76 116 86
400 74 82 68
664 422 96 74
618 726 82 108
288 456 102 68
1550 84 98 88
226 418 98 82
1084 520 88 104
1058 24 70 52
0 468 64 78
1644 220 98 80
622 226 102 98
642 476 86 86
14 112 102 78
1586 322 78 86
206 214 140 74
1090 66 90 80
410 180 86 98
1014 108 86 78
434 282 90 86
1690 572 132 74
320 316 124 80
238 614 102 88
410 856 88 94
14 864 104 106
450 150 86 106
482 700 106 56
1600 824 96 82
674 958 100 68
170 576 112 72
1060 978 102 70
1218 490 100 74
110 662 134 64
1724 396 114 62
104 766 108 92
258 292 106 80
1406 120 82 32
1686 814 112 78
40 508 130 58
1458 156 124 78
88 430 160 76
594 60 58 66
28 408 100 70
330 122 102 64
400 326 46 68
1166 140 58 72
616 282 86 104
1544 900 70 76
1154 494 66 74
1212 204 62 82
78 192 162 78
420 532 72 76
42 696 94 58
1722 498 100 78
1238 938 128 80
1570 722 82 68
0 262 72 98
1644 138 134 76
1678 74 104 78
1740 896 78 102
434 938 144 58
1160 410 72 64
492 14 92 78
1660 508 80 86
184 694 94 92
1500 390 72 76
364 260 92 70
1670 300 108 62
1734 174 82 108
1744 454 102 50
1748 730 70 80
90 346 148 70
1740 690 82 60
338 176 78 84
1118 22 82 46
260 548 100 86
0 182 58 82
1178 308 54 82
508 60 72 44
1512 694 102 50
468 402 84 96
478 74 78 90
592 124 52 108
