1072 806 74 94
898 638 96 78
984 336 102 72
862 836 92 66
1066 638 72 90
1154 210 62 86
744 528 106 68
1232 54 58 94
962 840 66 90
1342 138 110 82
1008 736 74 94
1378 286 76 94
986 658 88 84
864 160 72 94
1254 548 100 80
1574 86 102 68
728 780 96 92
1068 164 110 72
778 198 106 86
710 16 92 74
1582 802 118 60
1494 216 102 70
888 698 80 94
1086 466 96 82
812 900 74 120
826 60 82 56
1522 152 86 76
910 190 88 96
1064 366 108 64
970 262 98 80
408 246 112 70
1560 264 84 90
1058 542 120 78
1040 270 100 72
774 384 72 94
260 278 136 62
1430 728 100 78
1224 738 78 70
992 110 112 80
1418 374 90 80
1432 454 102 70
1280 212 104 84
1604 540 90 70
724 120 78 102
208 4 84 104
828 374 82 82
1150 856 58 88
762 686 110 76
432 20 122 66
14 528 108 98
464 378 100 92
870 900 74 100
1552 20 106 74
1366 16 100 88
406 644 96 64
1676 374 94 84
618 192 138 64
1502 504 100 78
658 700 134 78
1130 42 96 80
1440 286 76 96
1430 512 84 98
598 308 112 76
1224 624 82 82
1382 670 110 70
1330 394 102 76
1230 406 100 60
356 114 104 84
216 204 78 100
1634 282 102 66
1594 416 110 58
1274 26 94 50
20 116 102 70
650 32 80 92
1598 352 78 82
1470 108 72 84
1338 472 92 74
1628 194 108 72
1636 18 94 68
216 524 114 64
614 388 86 104
470 796 116 72
626 608 108 98
1712 176 96 82
1230 686 102 54
1424 806 112 68
652 546 112 78
634 788 110 84
1224 298 72 70
104 484 108 94
1228 932 108 60
442 722 138 56
1328 868 134 74
1744 620 82 88
1164 144 60 66
1092 12 72 110
1714 244 96 90
858 416 78 90
1656 128 136 72
394 334 82 102
1388 192 108 60
1226 364 88 44
646 112 88 88
212 752 74 112
658 244 80 90
444 502 104 94
674 356 88 106
1470 328 118 64
304 776 132 72
900 436 68 120
726 610 66 116
772 592 74 96
1712 60 82 56
1224 458 64 110
1546 480 132 62
1488 980 76 80
38 320 150 66
1728 442 108 66
336 644 86 86
32 20 130 84
936 966 78 92
1436 36 72 102
530 370 62 100
254 836 120 82
144 286 132 62
1372 960 66 80
284 598 100 66
1542 572 80 58
1588 856 84 96
8 834 112 70
1472 22 80 48
1442 856 114 54
546 646 66 114
516 288 80 78
276 180 104 88
328 726 142 50
266 456 102 64
1660 898 80 102
1744 376 84 68
42 688 98 66
140 558 108 74
1692 694 90 74
78 868 114 92
0 212 122 54
1572 610 80 70
436 180 96 78
492 590 114 62
438 74 112 68
134 938 118 90
596 52 68 90
986 18 110 76
982 60 128 62
336 218 88 88
520 840 76 100
194 576 112 90
336 898 82 96
324 498 112 72
1170 276 52 70
1712 992 98 42
122 800 118 72
