1656 160 72 70
902 888 50 62
1514 724 52 64
686 764 54 66
1352 722 74 48
706 328 78 42
1228 648 60 50
1602 572 68 50
914 596 58 68
1554 426 96 42
1598 692 90 44
940 720 72 40
1324 530 72 42
922 400 74 44
836 800 52 56
444 106 68 60
450 744 64 62
732 578 58 52
1258 150 58 68
1426 890 82 46
830 510 78 40
1250 510 70 48
1106 370 58 76
1434 754 84 44
1028 734 76 42
1318 986 72 52
968 232 64 44
1372 138 78 56
1032 90 46 68
1252 812 74 44
78 652 82 46
640 626 58 52
820 214 54 58
874 146 52 74
854 684 50 68
112 952 80 40
1086 514 48 56
472 848 66 46
872 426 80 42
1664 358 94 80
798 424 54 54
874 226 66 46
1650 604 94 44
1250 448 60 52
1204 186 72 56
804 918 58 86
578 160 88 42
792 682 48 50
912 802 58 50
1042 160 72 46
838 120 56 70
846 556 72 36
698 428 54 66
1088 96 62 58
1064 922 52 62
770 560 62 40
1076 818 72 46
1044 486 84 40
1170 852 68 44
810 726 50 50
1046 302 78 48
574 304 66 54
1088 234 54 64
608 208 52 58
1812 644 78 72
1556 902 70 36
1218 912 64 44
376 808 44 74
918 276 52 64
1162 680 62 42
1058 208 64 56
822 460 78 46
642 364 54 64
1196 742 58 54
992 160 56 64
1668 220 104 54
1188 450 66 40
834 24 56 70
286 0 94 40
72 250 82 72
1628 28 94 56
580 810 72 46
1036 970 62 38
654 246 74 46
336 236 76 76
878 270 50 68
642 288 68 46
1650 984 80 56
1498 452 64 44
326 432 68 36
902 22 66 54
76 502 90 36
1066 114 56 54
28 314 72 42
1180 506 54 54
126 720 70 46
124 838 66 52
650 426 58 56
1574 858 80 38
1258 968 56 44
1174 390 60 52
456 880 54 58
1718 312 70 46
170 558 58 44
506 240 60 40
84 906 64 50
156 14 112 70
500 738 72 64
1180 236 44 70
1114 2 42 26
188 700 58 54
218 528 64 40
790 488 48 56
418 844 48 58
1164 942 46 54
1548 950 64 46
1116 18 62 50
1806 780 80 60
458 44 80 54
32 578 58 48
10 154 100 66
210 584 62 44
90 564 68 46
1604 932 96 38
638 18 64 44
38 362 78 46
40 706 80 44
1720 254 74 36
1776 726 76 46
838 62 44 26
754 440 56 56
1188 420 60 42
