386 792 70 118
1586 34 94 94
400 554 84 106
214 286 70 118
732 170 66 128
1236 120 128 70
1572 170 106 86
1236 418 112 64
1506 796 88 104
924 310 104 90
792 120 90 92
938 722 76 104
1040 736 130 66
154 454 100 98
646 878 118 86
794 280 78 112
1086 480 94 104
1148 290 72 106
1070 160 104 86
242 668 96 92
1628 656 134 62
914 542 78 108
1084 312 94 100
796 492 110 90
612 284 106 90
294 864 94 92
1014 258 82 92
734 584 76 122
488 674 98 94
980 524 74 118
616 166 70 114
878 160 88 98
828 388 132 76
1304 26 98 86
1304 688 108 80
14 294 122 94
910 218 82 102
1350 814 68 104
1232 68 102 62
642 774 114 88
174 904 112 88
1040 382 108 82
804 594 56 130
1234 304 64 116
756 418 112 78
894 458 82 102
802 758 92 114
766 60 96 64
1486 502 108 82
1210 748 86 126
1078 56 108 86
598 120 102 60
1032 558 114 90
1300 324 84 96
688 566 66 114
1320 536 114 68
1572 552 82 100
1076 790 120 74
898 60 68 110
320 716 98 92
1234 172 96 106
862 616 90 100
612 542 88 100
1234 676 106 60
1404 812 102 84
1480 20 134 60
844 942 104 90
886 804 114 80
1234 910 104 92
1368 68 90 88
1040 670 126 80
1510 246 76 112
598 466 78 92
22 202 110 96
684 336 124 78
1426 302 96 106
1494 352 86 104
1682 128 162 86
1272 486 106 72
1610 462 132 76
1684 16 142 92
438 292 74 116
20 864 96 96
1746 210 114 82
658 376 84 102
608 728 110 82
1386 234 84 112
1410 742 106 82
1326 410 90 96
660 48 108 82
1222 726 108 66
1232 612 108 82
480 530 112 80
282 326 118 82
508 814 94 96
1668 224 96 94
932 878 80 86
606 654 104 90
468 116 102 82
344 446 102 86
424 628 112 92
1408 126 124 76
514 602 76 88
1006 838 76 106
362 14 122 76
852 870 122 80
250 436 122 82
1532 428 108 72
1458 206 78 102
1652 300 96 92
1516 648 100 88
1230 538 104 80
668 476 86 92
1394 486 120 74
136 848 86 100
472 920 78 104
164 670 84 92
1540 738 98 90
1620 768 78 110
12 106 112 76
278 262 106 74
1768 324 94 84
406 60 98 98
1614 384 126 72
226 754 108 106
1150 540 56 128
1236 990 86 60
228 538 88 124
1328 966 78 94
1688 776 86 90
1650 700 102 90
236 960 112 78
1712 848 106 72
1504 934 90 90
402 172 88 90
56 174 132 90
1574 338 84 94
1716 270 118 78
572 228 78 98
636 14 116 52
146 112 130 76
24 682 118 72
294 534 82 106
1488 584 130 78
0 590 76 98
974 924 76 104
1418 880 136 88
1668 552 116 112
320 100 80 104
106 494 100 92
372 260 90 82
48 958 92 86
488 60 88 54
1554 928 120 90
248 138 78 124
136 334 110 92
182 172 94 104
54 754 158 90
170 828 162 62
192 0 120 50
488 180 82 64
112 604 132 80
378 116 84 74
