934 552 84 64
758 268 74 96
1062 664 96 62
996 476 74 86
898 298 72 86
790 732 118 74
1058 210 114 60
1230 180 78 98
1058 394 130 52
686 720 86 84
878 578 74 98
968 638 84 106
1468 828 88 76
676 796 102 66
614 434 128 72
618 182 98 68
1400 338 100 72
970 74 84 98
1482 230 114 82
828 312 76 100
1284 234 100 82
1400 768 84 110
1238 102 102 52
594 346 158 72
510 232 76 96
1046 132 66 98
1498 546 96 90
774 872 94 98
230 466 122 70
1638 578 122 72
642 512 100 92
710 78 124 78
830 614 68 114
1538 654 110 66
1072 740 106 60
1252 290 92 92
602 102 106 84
1712 244 132 66
1230 566 68 96
1074 498 80 70
176 706 98 92
1634 886 80 86
294 790 164 76
272 302 90 94
1602 494 82 92
872 426 102 76
444 534 126 66
1366 476 112 72
614 20 90 116
1298 874 86 74
948 892 74 102
1466 20 78 70
1632 700 108 70
836 210 66 126
222 898 144 72
1110 292 114 62
1230 44 60 96
690 582 134 58
1252 154 96 58
1076 444 102 56
16 862 98 100
1552 830 104 64
292 638 128 66
686 648 92 86
608 300 138 54
992 284 112 78
1282 956 86 86
1620 290 118 64
88 454 154 58
746 972 78 82
1228 668 106 60
492 454 106 70
276 736 90 94
908 128 64 126
1452 686 94 78
146 512 106 80
756 654 90 88
1410 578 74 82
1654 958 86 90
158 630 126 84
1650 176 148 72
1132 30 74 100
1248 802 102 60
1136 598 66 90
26 402 98 70
1396 426 100 76
448 12 76 98
1660 778 112 62
1686 870 88 70
858 460 70 116
1228 724 68 102
964 150 72 140
1224 906 86 74
770 482 66 104
80 114 160 68
1284 588 88 72
414 466 108 82
1548 946 94 80
632 746 76 108
1734 324 98 70
50 60 134 66
1492 72 106 90
1710 814 106 60
1232 400 106 56
326 98 84 60
1310 476 78 116
348 28 124 82
80 186 96 112
1066 88 102 74
606 242 114 66
1710 930 96 70
634 924 84 102
1512 730 120 80
76 588 132 70
184 794 106 78
92 856 116 84
94 496 64 94
1406 170 68 112
764 142 78 100
426 596 100 86
1536 134 134 82
1528 868 90 88
304 578 118 74
828 14 68 62
1664 484 138 60
1052 906 80 72
1140 770 66 68
1222 494 52 86
1288 60 96 64
1348 602 86 76
1216 850 96 64
1678 432 108 52
128 314 118 70
810 470 64 116
1598 454 90 50
1144 482 64 68
546 928 68 88
92 754 110 88
246 832 124 72
1030 950 64 92
328 924 114 100
1552 328 116 70
464 374 106 78
0 242 62 88
814 120 60 84
298 144 80 90
1244 460 70 68
24 502 86 90
182 918 90 88
54 790 96 82
898 942 76 64
960 20 110 44
1750 710 64 76
1568 82 84 68
400 926 42 74
1690 18 124 82
744 616 96 58
1132 552 74 58
12 108 102 80
822 910 96 100
1160 138 58 74
602 598 68 80
518 16 68 84
1728 140 110 72
1062 256 84 66
274 0 106 48
34 680 96 68
1590 20 92 42
42 964 94 62
1580 374 90 56
