1026 530 84 60
1102 152 72 68
352 738 98 58
914 424 84 62
1468 166 78 68
178 164 100 62
1110 312 84 68
606 520 130 46
1276 264 108 64
876 632 80 70
1240 364 80 86
608 252 74 86
266 160 114 66
926 698 70 76
1304 370 82 86
1470 238 88 102
142 270 130 62
1306 198 96 62
830 328 102 56
1340 318 100 60
1642 356 90 74
448 306 102 52
468 136 118 64
260 228 100 72
920 70 72 92
1040 338 78 66
376 668 78 62
1584 452 78 70
1462 404 74 76
0 212 68 82
406 532 78 62
972 294 96 56
998 794 66 90
1030 176 74 70
1010 120 82 60
1052 960 78 56
1340 82 96 74
1084 392 62 80
390 266 64 88
472 928 124 68
688 192 86 90
1252 156 84 70
292 22 80 84
1356 508 112 52
1568 638 86 54
1118 522 58 84
1114 628 64 52
828 50 74 102
66 222 108 84
1020 76 90 50
1718 316 90 80
964 222 100 64
1718 146 68 70
1654 186 86 74
890 286 82 60
148 710 112 66
268 762 72 80
1258 452 90 50
78 964 84 58
1520 374 104 50
1650 500 76 94
466 218 56 94
420 14 76 84
688 866 100 76
338 452 88 80
1714 22 116 68
48 684 112 70
1246 798 72 72
632 904 72 82
1098 456 68 78
710 572 68 84
176 440 90 72
1384 454 76 54
404 596 88 58
42 116 92 76
702 80 102 68
640 402 88 70
734 346 64 76
206 648 98 86
470 66 102 68
508 568 64 80
496 16 84 48
1148 766 54 74
1142 844 68 60
1574 114 74 80
1102 730 66 54
28 336 106 48
494 750 100 56
878 970 82 80
622 808 114 82
1660 64 84 80
800 470 74 80
1598 200 94 96
304 664 72 78
0 40 78 58
1232 490 82 52
1712 426 76 50
36 600 126 68
1310 896 70 60
678 334 72 70
1234 284 50 86
348 58 86 86
1234 672 94 44
692 664 74 46
608 102 58 84
1230 70 66 60
1176 314 50 100
606 614 64 70
1532 90 80 80
0 0 88 54
262 318 88 84
124 888 112 86
24 864 100 88
292 598 84 74
1728 724 66 54
1306 964 58 46
1708 518 72 70
1394 742 66 64
1674 18 92 46
30 766 102 104
1722 788 70 48
