220 264 104 88
222 814 88 96
1078 218 70 124
242 106 90 98
1048 386 128 58
146 60 116 76
978 562 94 88
1166 296 52 120
1472 220 62 126
1606 334 102 82
1362 864 120 70
732 124 100 88
968 432 124 76
246 200 122 80
796 226 100 88
368 298 94 104
1726 168 114 88
424 12 90 94
1076 160 96 78
1426 98 94 86
1566 74 80 122
840 796 102 100
858 120 90 46
1232 530 116 76
1232 468 94 64
964 846 108 74
138 214 96 102
400 120 86 86
408 198 106 88
1546 258 90 100
1156 194 64 110
1382 60 108 70
1094 830 84 94
866 520 96 94
878 330 134 70
1304 394 116 64
288 860 108 78
1070 464 124 80
628 890 66 100
1042 710 138 76
1300 460 132 60
274 60 120 84
622 184 130 60
852 404 78 120
348 776 120 78
14 4 124 92
1012 132 86 102
1606 220 100 84
1278 722 86 106
834 610 80 102
944 36 80 102
506 730 98 86
1246 632 78 106
20 116 110 70
744 34 102 88
1222 222 76 110
1488 756 96 102
706 748 110 84
1260 62 74 122
1226 890 82 124
1370 588 92 90
914 764 126 76
1542 600 108 76
1162 584 54 106
1502 158 100 92
702 578 98 92
850 914 84 100
1310 628 96 84
1484 946 76 102
1334 220 84 98
362 690 98 88
454 290 102 92
1648 44 78 108
1756 214 112 96
1456 640 114 78
0 178 90 90
308 464 88 102
1494 454 108 80
666 926 82 106
612 758 132 48
1546 690 112 84
102 426 154 56
940 906 92 92
1112 60 110 70
318 602 114 70
122 864 118 82
958 984 94 70
1726 304 100 98
1634 632 108 80
1232 808 116 82
1480 370 86 94
782 384 84 104
600 552 84 70
994 240 90 104
1596 558 106 66
96 478 162 68
94 630 136 78
862 256 96 100
792 504 98 90
504 844 102 86
1058 612 114 84
1582 874 118 76
1676 816 112 106
1648 466 150 66
442 580 96 66
822 20 116 46
636 60 88 80
684 334 142 74
1396 328 112 76
406 630 120 84
1584 942 140 68
1724 518 118 78
1236 342 82 90
30 412 98 58
1556 394 96 92
454 702 96 98
690 486 104 74
1654 520 90 96
46 684 92 78
226 624 122 78
272 0 160 68
628 686 126 76
598 60 58 88
46 952 106 76
44 214 100 94
382 440 144 70
264 528 122 76
624 232 132 72
944 204 68 118
452 494 92 92
24 858 104 100
432 938 92 92
192 558 176 68
1706 598 108 78
88 728 154 84
170 928 114 86
1712 0 120 48
1666 126 130 70
1406 406 98 82
306 928 104 84
100 334 114 62
1768 120 98 56
1720 490 126 50
36 786 174 64
