1248 704 76 108
178 874 116 88
94 856 128 82
1120 288 66 126
1344 846 114 78
374 280 90 112
1262 324 146 54
420 94 112 84
1118 596 80 102
1702 134 126 92
992 20 114 58
1360 182 110 84
1268 146 88 98
968 234 124 68
796 686 90 90
1026 566 90 108
696 252 78 104
284 916 132 86
1112 224 108 84
278 82 100 96
596 518 174 68
1224 638 126 72
866 420 130 66
944 70 64 124
1046 788 86 98
272 714 106 88
748 416 140 72
372 12 122 88
914 652 118 80
872 60 90 72
1072 484 108 78
908 560 112 74
1442 828 118 78
94 736 122 100
686 354 74 112
1470 26 82 102
780 174 90 98
924 728 74 102
956 474 74 106
222 658 116 74
764 586 82 106
710 60 80 108
280 222 114 80
1582 652 134 82
970 834 90 78
740 904 86 100
406 470 84 112
158 268 138 76
1592 140 112 92
1622 410 116 70
288 298 88 100
878 294 84 98
584 384 114 76
1560 496 104 86
996 428 94 92
1716 668 108 74
1334 662 64 120
892 200 94 94
1646 818 100 86
1114 766 96 90
1622 336 122 82
606 258 94 100
1050 694 114 94
1072 386 80 100
816 296 74 110
690 576 94 88
456 240 90 102
800 814 98 92
38 576 126 80
1050 108 108 92
846 470 104 82
734 792 80 122
924 878 86 104
1526 560 110 80
132 642 140 74
582 16 92 100
986 912 74 102
16 112 96 76
1088 60 90 78
1420 424 90 96
906 336 118 76
1252 376 120 58
196 340 100 88
872 126 102 86
1512 306 134 80
814 492 96 100
268 590 142 78
1746 322 122 82
1132 12 84 100
588 170 94 96
382 690 110 88
644 620 80 106
860 852 78 100
1592 732 124 74
162 460 74 116
792 72 108 80
1260 68 92 86
1220 14 78 110
224 484 88 92
1082 874 86 104
1526 780 90 94
1486 240 166 68
1464 700 148 72
1342 120 100 72
1534 18 94 58
830 200 86 114
1656 252 156 66
614 108 144 72
788 952 84 98
1406 750 132 82
680 792 66 120
1000 66 94 92
1516 904 138 78
192 712 110 70
34 226 98 104
1726 724 96 96
602 458 132 66
1220 564 60 100
1538 120 124 60
630 178 118 82
44 960 104 78
1222 220 98 94
950 292 112 66
464 172 100 60
418 888 92 108
36 684 96 70
1372 924 116 80
180 576 130 76
1240 900 108 86
0 538 60 96
488 18 80 98
1238 440 140 60
984 698 88 102
1638 470 180 68
324 646 114 82
288 390 120 80
500 552 108 80
1230 500 100 78
12 868 76 106
1716 512 136 66
518 60 64 110
484 480 104 68
278 522 124 76
1180 292 72 112
596 596 66 82
678 902 74 96
524 620 74 106
82 0 106 40
1298 558 126 84
620 824 74 106
460 340 116 92
40 322 162 68
1610 884 92 90
502 722 88 62
1430 348 128 80
148 60 84 112
626 934 74 86
1316 428 92 62
576 234 58 100
