890 338 58 80
1108 772 76 78
974 498 102 50
972 548 60 98
1478 770 84 58
960 426 84 62
1408 298 70 90
726 730 78 58
1392 246 70 62
1068 662 96 40
918 742 82 64
1126 594 60 64
1148 212 58 72
1076 306 82 54
720 660 74 64
356 18 106 62
968 706 82 64
1644 264 88 62
720 346 58 80
1574 460 60 66
844 616 52 74
864 528 78 80
1420 92 70 74
1086 448 88 42
840 480 100 48
1084 398 86 44
1554 668 86 46
1504 218 92 50
420 718 84 50
830 782 78 68
1072 718 94 52
334 748 80 72
800 400 84 56
490 168 96 54
858 196 108 56
286 818 74 68
1672 342 98 48
1128 880 58 70
358 196 106 46
1712 154 92 70
1302 520 64 56
416 474 82 48
968 830 72 108
764 530 70 48
250 644 86 70
1648 598 94 52
678 94 78 70
696 856 64 72
786 852 70 92
414 648 66 62
1508 888 76 80
1396 714 78 58
1430 652 80 50
1032 858 90 64
1302 832 70 84
1308 720 72 50
1688 920 88 66
1342 192 80 58
494 524 70 66
1406 536 84 48
1608 146 84 80
1312 134 76 56
1218 882 58 72
1678 820 74 70
156 818 90 90
1410 438 72 46
470 662 88 56
782 438 60 72
1436 878 68 62
198 200 98 62
512 278 86 70
1524 136 88 60
1504 506 64 58
1552 972 82 56
1600 830 80 58
694 422 66 58
160 252 92 78
180 562 88 54
108 514 96 58
1312 588 74 52
646 802 90 50
376 246 78 62
718 608 76 54
292 518 76 70
636 744 64 76
280 338 102 52
1596 602 66 58
1084 156 86 52
400 124 80 78
608 164 78 90
1576 278 76 68
412 558 80 68
1250 766 88 52
1512 90 78 56
70 874 92 76
1236 378 78 44
1626 912 64 94
750 24 68 68
1398 946 56 78
830 116 104 68
504 854 98 62
1284 190 62 72
1302 376 82 66
966 64 74 72
1054 912 76 52
1228 490 50 54
1472 302 74 56
622 244 110 78
68 288 88 92
466 886 82 58
1612 776 94 46
640 336 104 70
646 522 92 46
200 90 108 70
1224 260 58 68
1418 598 70 48
262 280 106 46
1608 60 74 62
400 822 72 68
1224 574 62 54
138 346 80 78
28 548 104 66
1524 276 62 60
1348 954 60 74
1626 474 90 72
444 942 84 60
924 60 60 60
92 768 112 68
240 494 84 56
1238 448 68 54
1682 460 92 58
1272 644 66 52
1752 210 64 82
1478 574 64 70
1300 926 80 46
506 214 94 64
204 366 86 70
1540 562 56 70
148 184 66 74
1662 396 144 58
636 940 64 64
104 110 122 62
192 750 96 60
1680 990 94 58
1264 24 62 50
60 188 96 96
1246 682 76 44
280 968 88 58
694 584 52 60
30 116 102 80
1326 34 70 64
148 454 98 66
512 714 102 82
1518 24 90 66
1244 944 70 52
220 708 112 62
1088 66 82 60
402 990 92 52
194 952 88 48
1284 98 52 54
1746 326 66 58
622 482 56 56
266 594 80 46
1470 24 70 64
486 18 110 56
66 948 96 74
72 18 94 96
344 410 78 42
34 608 162 68
522 118 76 64
626 854 44 86
1232 60 66 62
252 372 76 74
634 60 86 50
638 572 58 50
1826 716 74 56
1806 1000 72 52
1184 332 38 76
138 2 76 78
638 622 52 62
1678 710 84 74
550 908 66 78
