1622 154 60 72
1508 340 54 56
1442 456 86 34
686 308 58 50
1400 678 76 38
586 86 58 80
874 588 60 36
726 126 50 64
958 306 56 40
94 180 100 48
868 802 50 48
1538 112 50 56
912 720 58 38
1302 428 58 44
1654 236 128 44
1552 550 60 42
1266 186 60 48
158 692 56 46
1666 416 108 44
720 592 58 34
676 738 56 42
902 106 58 48
940 808 62 36
814 520 52 48
288 244 58 36
842 690 54 36
188 782 60 36
842 342 58 58
686 536 58 40
820 358 56 52
988 582 40 56
1336 514 42 50
250 16 70 54
1050 426 54 42
120 964 92 42
1094 378 44 60
960 950 66 36
1070 912 42 54
1580 644 52 36
1212 188 52 44
608 710 50 66
720 642 54 42
848 860 52 38
614 594 46 54
734 700 62 34
1000 546 60 38
666 588 48 50
1594 98 96 40
60 642 68 40
1014 50 50 58
350 666 62 42
1120 120 36 38
112 450 82 36
830 464 74 42
596 842 70 44
1056 496 54 42
1050 328 60 52
1242 410 42 66
1046 270 38 56
798 468 42 54
1048 756 54 52
1040 130 52 48
1690 332 80 42
596 810 62 36
1048 152 64 46
736 416 38 56
80 796 56 42
1066 676 36 44
1558 740 48 34
30 248 80 52
40 452 74 46
1190 444 64 38
1052 694 46 48
642 468 60 36
1232 754 40 54
708 460 42 60
1552 54 58 56
1186 510 54 40
158 744 62 34
1668 468 88 46
1078 508 44 60
1812 658 78 40
1120 522 36 70
772 422 36 52
1080 800 42 62
1528 914 72 50
1512 496 60 46
1640 626 76 36
1190 704 46 54
1170 782 30 50
590 696 36 64
10 614 78 36
104 772 68 38
1692 168 82 70
1808 420 80 32
1678 134 74 58
1166 120 34 32
1696 512 70 42
1660 672 82 38
1126 62 40 32
74 62 72 72
1646 564 82 38
1638 734 78 32
1048 946 48 54
1312 914 34 48
594 0 50 52
604 60 82 40
12 154 94 74
1054 4 42 22
