1572 168 64 78
374 286 62 80
620 154 58 76
882 442 76 44
904 578 64 62
902 124 68 70
688 166 58 64
856 550 66 50
1292 240 84 50
732 326 46 78
970 300 74 76
294 52 82 76
864 350 44 70
474 80 56 74
990 530 56 52
756 440 44 60
78 600 66 68
1560 268 96 46
376 228 58 52
900 758 64 40
746 256 58 62
916 354 52 58
886 830 58 46
672 274 72 40
442 230 72 58
716 590 48 64
708 852 66 42
1328 510 66 58
808 684 86 42
1644 164 100 78
424 156 68 58
1184 380 60 64
1038 438 78 38
1310 586 72 40
612 640 78 46
700 468 66 46
198 654 70 56
812 308 48 66
1598 804 78 54
1052 136 52 66
312 198 72 58
170 734 70 46
470 522 54 60
1192 210 72 56
366 434 88 44
410 50 58 48
1664 590 70 50
1170 120 38 30
1228 190 78 40
1098 2 46 30
1796 702 90 44
1104 124 38 30
1046 698 68 38
772 324 54 52
98 904 98 44
1614 514 84 44
350 572 64 44
802 552 52 52
1534 602 62 46
430 296 66 56
210 890 64 52
402 294 22 66
12 148 96 82
790 662 66 36
800 584 20 52
1174 70 50 86
766 574 44 60
44 712 82 54
1210 150 86 50
124 958 76 46
912 4 52 20
132 470 68 46
1026 820 62 42
1182 464 76 38
