1386 344 86 72
958 450 80 54
706 584 68 88
822 626 72 90
1362 674 98 50
1062 832 60 78
1572 544 74 84
478 802 80 86
890 204 76 90
1366 170 84 74
1124 262 78 74
1416 834 70 76
1536 376 108 46
1112 334 92 62
1282 602 90 60
858 378 72 84
974 570 68 68
1470 574 102 66
1684 522 88 74
816 250 76 74
1350 862 68 82
906 600 72 74
1508 966 82 58
490 132 88 64
1694 228 92 76
1646 154 74 80
1234 770 76 70
468 238 94 62
1248 128 88 56
388 306 114 68
954 854 86 70
872 500 96 62
1248 678 90 50
768 504 86 50
818 918 84 84
832 326 74 62
1528 318 108 44
654 558 64 80
1230 370 92 50
492 692 94 54
162 730 88 74
1712 154 88 74
1284 474 84 76
674 294 64 84
800 202 88 62
92 172 126 72
1666 614 102 74
196 622 88 84
642 180 78 74
1408 738 60 84
1322 108 86 74
782 14 80 80
1464 400 62 72
1010 678 64 70
640 786 84 94
1244 186 68 70
244 740 96 72
1136 788 56 82
1080 680 78 50
1352 730 66 72
710 828 64 76
232 934 110 60
1234 836 58 74
616 650 64 76
944 914 70 72
494 748 100 54
1084 122 68 66
1600 32 98 66
1582 802 76 80
738 70 100 66
228 268 98 60
1820 940 80 84
318 872 78 64
366 478 102 70
504 56 70 82
1126 60 86 72
638 710 78 74
516 200 82 46
624 364 90 52
1518 400 50 68
496 600 102 64
1596 960 78 86
332 676 104 58
844 826 96 64
698 904 68 76
144 506 82 62
1092 748 88 48
1304 928 82 64
616 306 70 72
1062 592 82 38
1248 920 72 60
140 456 122 54
772 174 52 94
664 62 70 100
172 26 108 72
1286 58 62 68
978 628 64 60
826 772 56 90
1164 218 58 76
736 132 78 56
1660 714 72 50
1224 492 68 68
30 500 98 62
60 60 112 66
206 534 98 58
1714 834 58 62
756 1002 88 50
1170 492 46 80
1000 930 72 84
298 828 76 74
1144 876 50 80
1174 600 42 70
32 762 98 88
454 34 76 66
1036 626 88 48
626 408 124 52
1102 902 56 72
1660 768 84 52
620 218 48 82
304 450 66 50
50 592 128 58
1226 330 60 58
34 124 92 70
762 786 60 68
332 950 102 58
784 812 60 94
484 552 66 62
1660 100 100 52
520 946 92 62
146 280 74 114
142 84 110 52
132 948 118 60
1674 434 68 62
146 614 68 60
104 120 158 56
14 330 74 58
1180 750 50 84
1678 972 76 86
614 18 50 80
106 852 90 66
1682 402 50 52
70 950 86 62
320 730 84 50
456 508 62 66
1730 60 68 50
60 682 96 56
90 894 146 62
1742 414 66 70
1220 60 80 62
1122 22 60 38
604 62 54 80
338 782 78 66
