1494 348 118 88
248 180 90 112
1406 216 68 116
354 820 98 98
438 916 128 82
860 770 100 96
192 266 108 88
720 130 74 108
776 92 72 110
874 386 76 114
940 276 92 94
298 280 104 90
104 738 100 104
660 786 114 80
1134 474 74 112
628 556 96 102
166 666 110 96
1248 386 112 84
638 728 148 62
898 498 110 82
1352 554 118 66
1502 230 104 98
1242 70 80 104
30 188 102 122
426 710 86 100
1416 690 108 88
808 212 94 92
282 906 96 98
300 114 104 96
416 458 84 108
958 156 76 102
1236 474 104 94
922 88 82 94
926 370 112 76
1330 594 92 100
762 374 112 94
1698 160 138 76
706 60 116 62
760 782 92 86
608 468 88 94
1224 614 112 88
902 16 106 72
380 166 124 86
818 282 88 98
1342 132 100 92
1488 106 82 100
986 532 116 80
800 504 68 88
410 16 110 94
1648 60 80 110
998 20 100 66
818 896 70 116
1042 608 110 78
962 748 122 80
714 632 106 72
1302 62 100 74
1242 716 106 88
470 614 88 92
1026 284 150 78
650 216 126 88
1052 870 106 86
94 82 142 94
474 166 104 92
862 934 84 112
984 672 106 82
1136 570 78 90
1062 352 120 78
610 156 110 80
314 490 112 86
400 340 114 80
1042 194 126 80
1414 24 104 78
792 586 100 96
1068 682 80 100
54 558 98 98
1430 596 88 88
856 60 72 112
1596 918 94 92
978 422 118 76
1102 778 78 104
1040 124 106 92
610 290 122 82
510 694 80 100
1390 94 92 106
314 568 104 86
954 904 94 92
378 654 94 92
476 268 84 102
478 366 108 88
1322 498 88 82
1500 802 92 98
658 656 92 76
418 580 120 70
1456 662 128 70
136 582 96 92
460 786 102 84
852 858 106 74
0 0 126 66
1718 86 118 82
1538 764 134 78
334 34 100 94
402 236 108 88
1302 202 78 104
1244 216 82 96
82 448 164 66
1568 630 124 80
602 640 66 106
0 564 64 98
1538 512 124 72
1710 16 128 74
862 622 126 110
6 100 102 94
1266 28 124 44
466 120 104 64
1192 312 104 88
1162 746 58 120
1394 762 122 74
1702 912 100 90
22 680 118 88
1566 184 84 102
1714 690 104 88
718 568 92 80
1030 938 106 82
90 826 70 118
1598 334 112 86
1686 446 138 76
606 18 138 58
12 842 82 122
1498 962 96 82
1652 850 94 90
314 642 72 112
592 60 90 38
0 766 102 90
1506 60 116 60
0 242 66 104
0 470 80 84
614 812 70 120
1510 20 108 56
1756 630 94 86
138 508 160 74
1648 358 150 76
1756 332 106 68
152 562 194 66
1222 746 84 112
1598 152 104 96
1252 852 84 106
