1230 272 36 40
1082 322 36 40
984 156 38 36
872 152 44 32
1196 604 44 34
1432 828 38 38
1516 776 40 30
116 620 40 34
1330 300 46 28
1348 734 36 38
1320 382 36 42
270 586 38 36
1036 268 34 44
914 896 36 42
1320 630 42 34
438 498 42 32
856 196 42 34
1502 848 38 40
1044 600 44 30
934 250 50 30
362 290 38 38
186 580 40 34
1102 72 38 42
878 122 40 36
286 544 42 30
1350 688 38 36
1380 868 48 30
1358 904 40 36
1224 488 44 32
388 520 32 44
1032 850 42 32
234 682 40 36
382 568 44 28
1116 120 38 36
1074 236 40 34
1270 994 38 34
218 742 44 36
1298 592 42 32
1024 822 42 34
1370 796 46 30
1322 150 34 46
1380 130 62 50
1406 796 44 34
234 100 38 40
240 756 40 30
352 62 40 30
390 146 38 38
414 190 36 34
1804 854 48 44
1114 228 38 48
1182 946 48 26
1200 424 48 28
1426 852 44 32
1072 818 46 34
1052 212 44 34
226 198 56 34
832 72 48 32
1040 964 38 38
1194 516 44 32
902 986 42 30
924 1014 38 32
1086 426 52 28
1370 888 44 32
1444 332 40 36
1016 940 46 30
1660 858 44 32
156 848 40 30
120 780 40 40
400 120 34 24
1116 918 32 38
404 174 36 36
478 654 42 30
206 540 58 28
1136 238 32 46
1184 172 34 46
440 374 50 30
150 108 40 30
934 138 50 28
194 466 62 32
1090 178 46 30
602 60 66 42
422 386 48 28
116 386 46 26
384 310 50 30
416 830 52 24
190 546 40 30
412 432 44 30
64 794 38 30
286 4 38 30
364 132 38 32
404 32 40 30
336 80 40 32
518 266 50 30
1078 788 34 34
1012 730 50 30
1062 966 38 38
