726 866 78 46
902 630 68 54
1092 654 54 62
1594 440 98 44
952 202 56 66
1344 854 60 66
794 696 50 68
300 690 76 52
960 568 74 40
1048 778 60 56
910 456 66 44
642 686 74 48
344 352 60 68
724 314 54 66
720 502 64 50
1338 396 76 46
608 330 70 48
1350 548 70 78
1406 670 76 52
592 578 72 56
1090 392 62 62
464 144 76 56
164 452 80 54
260 248 68 66
104 708 98 42
1636 244 100 56
1050 698 56 62
278 576 68 64
1224 804 82 48
846 696 60 72
788 400 52 60
130 504 64 54
1264 642 54 54
1680 366 100 52
22 536 88 48
1050 208 74 50
1298 0 80 56
338 98 72 40
208 740 54 58
924 516 78 38
448 276 74 66
1168 672 58 56
596 520 60 50
620 386 64 52
464 538 92 48
1240 586 72 42
956 616 52 64
1304 206 58 58
1112 240 46 80
1168 770 84 40
1654 60 80 56
780 338 64 54
1240 884 74 40
166 132 70 66
1372 512 86 42
636 506 64 46
1044 452 76 36
996 52 82 56
956 860 56 68
1192 522 76 38
16 608 96 50
586 118 96 70
616 816 72 78
230 890 78 44
594 726 70 54
1186 120 58 66
1448 420 66 68
1226 282 62 52
1190 238 54 60
934 130 68 50
270 338 76 48
1206 158 68 42
1680 552 68 62
1484 784 78 54
1048 142 72 52
1618 956 64 74
680 360 50 58
950 948 66 50
1518 698 58 60
1116 532 40 70
242 350 50 58
336 42 78 58
622 930 78 48
1596 534 86 54
172 352 74 48
1174 352 60 44
1776 810 106 50
580 404 62 72
1620 776 72 62
1382 970 62 64
1220 88 78 60
290 0 84 52
16 156 82 64
1656 850 80 60
590 652 50 52
1718 318 82 44
226 534 60 68
1174 390 50 54
90 768 84 48
1272 256 66 50
490 68 64 68
136 620 68 48
686 968 44 60
480 604 74 48
120 1000 82 52
732 1018 80 36
470 772 106 48
1062 938 46 68
1090 94 58 72
244 948 70 50
1180 922 66 46
1118 184 44 56
1822 340 76 56
1164 536 42 56
1710 510 60 40
178 976 68 46
1110 2 64 46
968 10 56 58
44 712 72 38
32 450 80 50
252 996 56 42
588 0 68 68
1674 956 72 52
1656 754 80 40
726 6 72 54
