1240 166 106 56
1228 480 70 76
1070 128 106 58
912 542 84 80
1712 240 108 68
1128 274 86 72
1336 304 98 72
1010 626 86 60
1132 330 76 94
1030 280 72 86
244 898 88 70
808 518 74 88
948 268 64 82
1070 188 100 66
1130 476 80 88
1676 312 106 58
1382 94 74 92
1678 144 100 78
1234 42 58 102
1596 254 90 76
1526 212 74 80
1392 184 104 62
628 596 78 62
1606 514 96 46
1602 162 96 80
964 762 72 94
840 206 70 60
354 266 84 98
628 256 90 68
788 152 72 96
600 136 88 84
1360 236 94 72
1372 606 88 60
1508 666 70 86
1470 236 64 68
1644 60 94 66
1082 692 96 52
1276 570 94 68
644 652 68 88
1090 384 84 56
914 458 58 88
196 124 84 70
672 356 82 64
1542 414 98 46
1390 918 80 70
1546 800 84 66
278 626 108 66
60 952 108 72
1098 738 84 54
1494 288 92 78
684 182 68 76
930 64 76 62
686 460 66 54
1730 54 96 70
716 128 84 80
1170 202 46 102
648 70 76 98
1654 620 86 70
1436 82 60 92
126 190 86 102
326 862 96 68
202 184 84 96
1404 412 96 66
400 12 96 80
608 660 50 84
408 108 92 72
1256 276 84 120
240 612 58 92
292 64 126 66
772 778 64 106
1102 640 66 58
390 598 110 48
1128 770 80 68
884 268 74 70
1088 422 86 54
24 564 84 58
1344 32 84 88
320 684 96 88
162 876 98 90
624 482 70 62
1620 818 78 86
1110 62 64 78
500 778 98 78
504 954 86 66
442 288 100 82
1606 728 106 54
654 768 70 102
1142 602 68 98
1512 20 96 50
1692 574 78 48
86 840 104 72
1636 558 66 56
1450 32 88 72
312 948 100 74
282 188 72 82
1320 900 70 68
40 124 96 62
1590 452 74 68
16 494 112 72
120 684 132 72
1244 646 56 66
440 890 92 54
380 60 84 36
956 374 80 54
1076 896 94 72
1434 646 98 42
50 220 102 82
1104 472 66 54
782 400 78 70
1122 828 74 70
280 494 76 74
1446 804 98 64
254 120 82 78
24 886 94 78
334 454 92 70
608 754 46 68
62 682 84 68
1828 450 66 82
82 778 136 66
184 448 82 68
1394 686 76 40
0 214 38 82
24 62 110 46
8 608 86 72
