866 210 38 36
712 182 46 30
992 308 40 32
692 152 36 36
902 410 36 34
604 368 42 32
1030 334 42 32
610 148 44 30
1066 866 42 34
650 310 44 32
1428 754 42 28
658 342 38 38
1628 528 38 32
1806 852 66 32
602 130 44 32
600 178 48 32
1608 640 42 30
1820 676 70 36
1014 320 46 34
1022 912 36 40
936 72 40 36
596 206 30 44
604 394 42 40
472 76 36 36
600 276 42 34
606 450 42 34
618 162 44 30
526 242 40 42
594 310 40 32
608 426 40 38
462 314 38 30
650 120 44 22
1662 720 52 30
1648 242 72 38
948 24 38 34
124 62 72 54
48 534 42 28
1652 98 36 38
1670 556 54 24
956 748 30 40
1690 270 72 46
666 46 38 36
1538 738 42 34
1654 370 40 32
374 68 44 30
582 60 40 26
1658 340 58 26
1654 350 46 34
538 180 36 42
400 66 26 24
1662 772 54 26
538 206 38 36
1572 772 48 28
456 112 44 28
1548 710 42 30
642 98 38 38
538 410 38 32
530 162 40 38
608 112 46 34
606 300 50 30
598 70 42 38
1106 908 40 34
654 546 32 38
