1530 904 66 38
1576 420 62 38
1802 712 82 36
282 198 64 40
1718 166 78 68
188 506 68 34
950 860 58 36
116 584 56 44
1490 400 48 52
406 100 46 48
170 90 54 52
140 240 48 58
154 680 46 48
296 560 64 36
220 1024 66 34
992 710 52 46
52 578 58 50
682 264 54 48
946 62 66 48
1296 912 54 86
124 750 76 34
1218 614 48 52
406 236 62 34
174 844 54 46
954 760 52 44
854 474 32 44
684 372 54 44
888 362 58 40
288 892 52 44
104 506 74 32
1224 400 60 36
1052 562 56 40
1132 106 42 30
1294 332 44 50
726 440 66 36
1104 546 34 44
506 374 50 46
676 816 46 32
1546 1012 64 38
946 488 52 44
736 786 40 38
752 858 38 44
946 442 34 46
306 330 56 34
660 640 54 34
908 424 42 30
52 366 66 44
192 350 52 38
1214 230 64 42
1188 306 34 42
700 748 40 42
1354 414 62 40
1328 396 58 36
602 314 46 28
1114 420 40 36
1112 658 38 44
1632 552 44 48
788 264 34 42
674 440 48 44
1566 0 72 36
1188 746 62 36
1188 426 48 48
1060 424 46 46
1666 942 56 50
852 394 30 42
418 416 42 32
464 510 32 42
1814 534 66 46
712 524 52 34
1208 664 46 48
808 288 42 34
460 434 34 40
1196 60 42 28
788 728 32 48
732 268 56 40
852 318 42 32
752 358 42 32
490 516 34 50
356 70 54 38
436 324 44 30
400 348 28 42
602 346 48 48
1220 60 52 54
210 942 56 34
1238 920 62 32
454 682 66 34
800 376 40 38
860 358 36 36
432 366 38 40
360 656 36 44
370 552 72 42
378 398 36 34
742 26 64 54
1082 714 36 38
26 652 66 34
1218 286 36 42
324 394 32 42
800 338 26 36
1108 150 42 34
642 318 48 40
426 278 36 38
1190 270 38 34
316 358 42 32
402 700 42 34
156 228 62 38
364 488 40 34
94 790 64 38
1188 174 34 38
1612 986 92 50
600 482 52 22
656 364 46 28
1106 200 38 46
714 862 40 32
1172 970 64 36
842 302 44 30
714 838 46 32
534 370 36 34
196 280 48 42
