1244 416 118 72
1222 606 80 96
1302 112 108 62
1048 434 70 96
846 600 82 86
1378 188 100 76
1066 338 84 102
908 574 110 64
1224 370 132 60
748 776 92 86
812 542 102 62
722 174 86 90
1550 600 94 82
1070 260 94 84
904 636 112 74
932 376 118 68
294 732 132 82
764 630 96 84
896 808 138 74
1250 684 102 72
798 268 70 92
926 730 96 88
1466 706 110 66
1304 614 144 70
1150 284 62 132
1102 448 80 102
1386 664 84 106
482 158 100 84
858 322 94 60
288 652 98 106
1058 718 112 60
1076 636 80 96
1250 140 106 78
1076 778 92 80
176 106 72 110
794 884 114 76
1224 732 88 96
720 412 120 76
488 842 112 78
704 564 106 82
1034 564 126 74
348 484 146 64
672 638 92 72
1666 454 106 90
656 750 110 80
1532 304 126 80
870 384 94 96
1408 340 114 76
426 614 128 68
1440 404 110 74
606 20 122 82
662 354 108 72
1306 12 92 104
976 458 90 72
1136 572 78 84
640 834 102 98
1054 914 112 78
684 698 114 64
18 110 100 76
608 112 134 78
848 188 106 80
782 712 112 82
1012 836 116 80
36 292 104 102
1330 218 80 102
480 296 106 76
258 132 72 106
614 248 110 86
870 472 118 64
1558 510 140 84
910 256 74 104
998 312 84 98
632 556 96 100
416 220 84 114
1510 934 84 102
1484 862 112 78
1380 256 114 82
1470 466 138 74
956 192 70 108
862 934 112 76
974 20 104 52
482 48 102 86
590 152 92 102
796 186 98 100
1494 544 90 92
968 526 108 74
1442 48 84 90
672 936 116 80
1242 266 96 80
1382 438 92 114
784 66 118 84
1460 650 96 64
264 468 116 70
1698 668 108 70
1472 614 98 62
160 814 124 86
156 750 144 66
734 250 70 130
1480 226 84 90
48 952 94 78
1230 20 100 72
2 490 130 72
598 652 74 108
1034 62 104 68
640 308 124 70
498 350 96 82
1722 780 84 110
870 120 86 58
1112 60 80 58
1332 846 116 88
1424 502 84 108
38 580 140 76
1508 168 104 96
304 902 110 82
1278 876 76 110
224 292 134 76
332 292 96 86
114 478 100 106
1610 236 88 100
1388 946 78 102
1636 14 86 92
12 880 112 84
1220 298 56 112
204 492 88 98
148 248 110 92
1550 838 106 76
724 490 154 80
84 210 104 90
1608 378 148 74
496 466 98 56
1030 120 130 78
488 716 74 100
154 430 100 82
1244 74 82 66
606 744 68 94
630 474 86 102
1686 894 104 88
1658 686 90 102
1258 956 92 90
486 532 98 88
1402 108 98 86
400 40 96 88
0 576 82 86
1694 216 116 102
44 760 126 98
44 60 148 66
604 930 64 122
1462 22 112 52
1700 514 108 88
1156 760 54 116
1716 120 98 38
416 730 90 88
1596 920 94 92
1650 148 76 116
1216 844 52 104
26 682 114 72
460 0 110 68
794 966 94 90
1720 140 114 84
800 402 36 92
1522 68 86 78
388 864 112 76
382 926 84 102
36 406 90 64
298 108 86 94
1558 766 116 88
1724 346 108 78
1772 302 62 88
1742 8 118 84
442 936 96 114
1586 164 76 86
110 698 134 72
222 578 154 82
1184 16 40 94
130 330 104 82
228 862 98 96
1214 760 50 92
1586 54 90 90
264 0 90 96
