1464 628 106 78
1222 206 112 76
1106 734 80 94
700 740 118 80
904 814 128 78
26 182 104 110
950 210 100 72
1068 152 66 114
1236 432 92 78
1456 116 92 96
1256 890 72 120
1470 224 108 88
1342 628 122 82
1116 290 92 92
624 572 98 94
900 120 86 62
784 654 108 84
1054 406 116 80
1114 188 82 106
648 668 114 78
910 430 68 130
1594 244 158 76
744 580 110 76
814 78 94 92
62 482 98 110
1226 84 130 72
230 160 112 82
1236 138 104 80
1234 354 100 84
868 686 100 96
900 886 120 74
442 726 106 88
362 110 86 102
264 694 84 110
1442 36 120 80
1344 468 100 90
894 18 96 62
1006 448 74 122
1218 728 86 120
354 800 94 88
880 322 120 82
620 806 100 90
602 194 160 72
698 328 112 80
1574 348 114 84
450 242 144 82
1334 82 82 106
758 438 120 50
1494 866 108 84
772 60 86 60
22 104 110 82
854 336 68 128
968 564 128 86
1656 648 132 64
932 266 90 84
1592 628 114 58
612 60 116 76
770 166 90 102
1298 394 90 72
206 510 116 88
774 516 100 76
414 544 126 78
418 38 100 92
628 494 84 92
836 198 72 108
1222 486 76 86
982 382 62 120
230 60 126 78
616 286 82 96
400 252 78 96
662 380 104 68
1392 890 130 80
1730 310 98 94
648 116 130 80
790 854 92 90
706 480 162 62
1080 52 80 100
630 896 124 86
1398 298 118 92
1060 952 92 48
1644 166 108 78
1080 120 82 38
190 838 78 88
422 168 104 106
684 24 98 78
204 448 130 70
320 432 92 94
180 556 122 78
892 606 86 86
1532 706 108 84
1004 16 74 70
1056 280 62 126
342 718 102 90
236 814 114 86
312 228 104 84
608 738 60 98
1588 68 132 78
1152 850 58 98
300 292 76 108
508 124 84 78
1076 898 110 66
1480 448 138 66
216 276 104 82
1054 1000 124 60
348 384 118 56
1746 24 122 76
118 918 128 84
288 638 96 92
440 876 98 84
34 282 92 90
1626 440 122 72
520 60 72 98
996 276 78 78
1228 60 62 72
1424 414 78 106
1728 494 100 86
344 540 104 72
94 72 146 80
92 356 136 52
454 404 80 100
416 818 124 94
34 760 92 96
1642 322 114 86
36 402 92 68
108 412 142 74
60 594 116 84
1736 594 84 64
524 880 72 78
610 130 74 86
304 586 112 78
188 0 130 58
58 850 132 108
1620 552 154 76
816 586 104 80
542 768 52 116
102 658 124 48
500 934 74 92
