964 346 36 36
1480 678 44 32
1102 656 34 40
1574 342 40 32
1518 636 38 32
1016 330 44 36
1582 180 42 32
1482 362 38 34
1070 218 40 46
608 362 42 34
1028 116 42 34
946 372 44 32
1026 780 42 34
1056 390 52 28
1018 650 36 42
646 202 38 36
930 386 46 26
1046 262 44 32
1458 776 36 36
1018 200 40 38
606 902 38 38
930 156 36 34
1130 266 32 40
676 294 38 36
1084 344 56 30
694 192 34 38
624 244 42 30
522 288 40 38
662 882 40 36
1086 308 46 36
1668 684 44 34
598 260 46 34
1078 134 38 38
664 280 42 36
1586 62 50 22
644 290 42 34
40 266 60 38
1652 728 60 26
526 830 42 32
1646 554 44 28
1096 360 50 32
1022 76 44 34
726 36 30 40
1168 398 30 40
1646 662 54 26
602 160 38 32
1570 226 42 36
1666 704 48 34
626 28 36 44
1030 64 42 26
1116 138 42 32
608 408 44 30
1058 328 42 36
1052 206 44 36
1672 478 44 30
1048 440 40 34
1610 210 48 30
546 198 32 42
978 60 38 34
546 896 34 36
606 214 42 38
316 732 40 38
610 302 42 34
352 130 46 28
476 770 34 42
1112 214 40 34
612 62 46 22
600 120 38 38
1702 202 42 32
1098 884 40 36
1676 764 40 32
1684 160 36 34
1126 338 42 30
612 804 42 36
1100 170 40 32
84 356 44 30
1164 856 32 40
970 30 36 38
1096 700 40 34
1036 28 34 42
602 180 44 36
1642 520 44 32
606 738 38 42
1654 742 52 28
604 460 34 38
1010 94 40 36
1676 370 72 40
1556 216 34 36
1104 406 44 32
1680 780 38 32
118 304 46 26
1052 844 46 34
1106 326 48 32
1138 374 40 38
1116 418 42 34
1812 850 54 32
1002 78 40 34
662 436 38 32
544 304 38 34
1568 828 40 34
610 932 38 34
672 8 36 34
1688 252 56 28
1700 140 44 30
1622 826 54 28
536 712 32 42
1704 120 50 20
642 136 40 38
534 564 40 32
1718 76 64 54
1132 392 40 38
