230 4 84 112
1056 684 86 84
1618 16 120 70
842 428 108 66
234 158 66 130
844 192 78 106
1118 318 104 82
932 220 102 84
1390 282 94 98
342 10 82 112
1572 292 104 80
1014 576 90 86
1228 374 124 72
1318 60 112 58
860 586 110 70
160 470 138 72
414 612 100 102
760 280 102 106
970 118 98 88
610 550 84 106
1062 398 70 104
1064 70 90 92
722 298 68 116
1494 100 100 80
864 644 90 90
1488 822 76 102
940 622 74 110
1088 606 122 64
282 778 150 66
448 148 78 118
1330 244 84 96
1086 248 66 114
950 876 110 66
1678 56 108 88
1064 20 106 46
806 366 116 80
1732 498 100 92
874 490 86 106
1302 466 80 108
724 64 90 94
442 96 106 82
1322 778 70 104
1368 126 80 100
1642 664 102 84
928 322 114 82
138 234 106 92
476 260 100 76
1570 800 104 72
454 882 102 78
788 666 100 88
352 938 110 92
1430 60 80 86
1660 142 120 78
762 728 76 94
636 936 100 118
620 206 130 74
348 126 98 92
1464 176 108 80
1226 192 72 118
1094 832 92 86
1000 496 80 98
588 478 112 68
1524 60 86 42
1002 932 58 108
948 496 78 78
1532 430 72 110
1060 170 126 72
284 862 100 98
946 442 100 66
640 644 78 104
224 514 108 88
1224 32 70 118
72 166 162 72
1516 642 112 100
44 768 104 70
10 2 112 104
768 522 130 72
490 332 84 76
598 364 70 80
202 652 136 68
142 594 124 84
1434 408 118 86
22 122 100 64
856 802 98 92
1650 390 92 98
1404 700 102 76
8 600 112 86
1170 212 46 104
600 736 76 108
94 0 138 82
952 22 90 48
1232 654 122 68
630 276 90 98
630 814 102 64
1356 752 112 78
754 456 100 62
438 494 110 66
1572 200 100 96
1502 298 88 92
1780 120 76 56
280 320 150 74
1398 490 82 92
726 942 72 96
400 204 88 94
0 512 60 110
238 812 102 100
852 20 110 42
290 202 96 88
310 698 98 94
46 954 108 72
708 844 92 86
210 706 132 70
1348 864 86 88
500 732 92 88
1738 598 94 80
42 682 98 76
1062 944 74 102
182 746 98 94
436 810 132 76
1686 744 94 96
412 324 90 94
160 418 140 60
58 210 98 84
1682 284 112 86
78 840 92 88
1464 506 64 96
708 652 86 100
176 926 96 80
1162 134 62 72
496 594 86 92
642 370 90 90
1674 854 104 88
1392 824 84 96
1744 734 78 72
352 504 96 80
332 592 124 82
406 540 100 80
1598 548 134 78
1606 714 104 92
1460 252 80 86
1742 226 112 74
1138 542 112 52
176 832 72 104
400 840 68 108
458 944 90 84
1726 892 100 78
1160 404 78 78
522 156 58 74
1364 20 100 48
1218 850 60 106
