894 350 76 82
1240 368 94 62
944 648 90 66
1392 116 78 80
958 534 90 60
1546 136 106 58
1056 628 82 60
1260 484 88 54
1062 152 70 80
922 160 80 100
804 274 80 76
754 236 80 68
1074 100 96 58
954 596 98 50
814 794 102 70
1286 672 104 50
1510 718 92 78
182 424 112 60
1440 208 116 54
1058 420 76 76
1592 238 92 70
1654 16 88 70
1554 452 88 62
1516 280 90 76
898 504 80 78
324 792 110 68
448 680 126 52
986 846 100 52
652 342 96 66
1326 236 90 74
1374 578 106 64
842 578 74 98
1640 336 92 64
1362 314 64 90
726 122 82 96
1084 246 74 96
1642 82 68 78
1550 580 104 62
1064 370 68 62
792 66 108 70
1066 24 76 72
1428 338 60 70
354 274 108 68
1562 360 100 54
682 744 88 64
466 116 128 70
816 164 84 82
984 442 104 62
1120 342 56 72
1256 558 110 64
1442 278 80 70
964 894 82 50
1118 888 86 66
386 714 116 56
86 776 150 60
92 510 114 80
1670 118 116 66
354 618 108 54
300 338 106 66
1718 390 100 50
438 60 114 56
1240 114 82 44
1500 638 112 58
248 716 100 78
294 60 82 60
1142 36 64 88
0 292 118 66
1102 726 74 98
620 938 48 78
670 474 82 58
1106 226 84 60
1434 758 76 74
610 456 64 90
400 440 110 80
152 708 108 72
1236 196 56 74
452 240 106 78
808 502 76 74
168 860 66 92
1298 726 80 80
368 48 82 104
70 952 94 72
332 856 122 60
1672 792 76 62
1278 194 60 82
1542 192 74 68
186 16 104 76
758 492 78 60
692 800 88 56
1084 946 76 52
1552 954 68 78
808 424 80 66
644 16 76 80
1278 60 58 64
602 60 70 82
1246 906 72 56
146 56 98 66
38 582 118 92
1578 894 86 58
520 864 76 52
46 122 92 64
1248 710 50 72
48 684 108 68
1446 140 78 78
360 548 98 58
1064 708 68 60
1218 746 52 100
198 314 108 88
1174 218 46 82
622 554 84 88
1208 32 48 88
98 26 96 54
618 146 100 76
266 646 128 68
634 852 78 94
0 10 104 86
72 862 92 100
246 964 102 78
1744 442 68 62
224 854 76 86
14 802 84 86
386 4 76 38
56 414 92 56
416 952 76 88
684 964 74 74
1702 662 64 82
498 592 82 62
530 914 64 92
610 654 58 78
4 186 90 104
1010 926 76 102
1666 498 130 52
1746 154 76 52
1164 144 58 58
524 358 110 58
