914 564 90 60
984 814 98 58
1382 188 100 64
1310 328 78 80
1096 602 58 84
1454 344 92 76
780 604 90 62
882 216 88 82
984 146 108 66
474 854 90 92
1098 352 108 46
1240 92 86 66
886 108 104 70
1098 872 70 78
616 290 78 74
1510 168 72 92
646 404 110 56
508 626 80 72
956 430 70 68
992 212 66 84
1030 546 94 48
1650 198 72 92
762 16 74 100
858 292 80 88
1256 224 86 62
1290 142 84 62
1228 360 96 54
650 198 72 88
1036 272 94 68
1578 606 94 52
916 738 88 62
1506 534 74 82
1056 60 58 94
1558 152 82 66
610 548 74 82
370 802 88 80
920 378 96 48
1232 674 106 52
734 562 64 56
1702 302 118 68
1076 682 74 46
130 696 116 52
956 514 92 52
670 514 102 54
1370 112 70 82
902 466 74 82
716 802 86 58
1158 214 60 80
1602 448 90 60
1238 414 94 54
1726 222 102 82
638 908 76 54
114 194 92 84
378 488 92 68
760 492 82 48
102 274 94 70
1678 54 90 80
140 330 102 72
664 802 74 76
1216 748 88 66
198 814 94 70
1582 18 78 54
206 128 94 70
354 568 84 78
492 294 68 92
40 488 120 80
8 290 102 62
1110 76 60 78
608 140 72 96
286 322 92 100
410 552 96 50
1092 730 68 58
1354 684 98 56
1704 164 120 60
40 16 116 90
516 456 74 76
1682 734 88 40
42 126 94 64
186 930 94 80
60 862 126 82
264 778 56 66
1664 538 74 66
1348 58 72 56
268 854 82 52
322 904 122 62
1158 478 56 96
1302 844 84 38
248 970 112 64
62 952 108 70
1230 188 58 90
186 424 94 56
1438 72 68 88
280 716 88 76
1302 782 60 62
58 682 92 64
1688 398 84 90
1418 780 74 64
1706 474 66 64
446 182 92 52
890 702 84 52
166 138 80 96
60 412 84 52
1552 418 60 92
436 320 74 76
148 620 84 66
1184 24 46 112
1846 486 52 72
0 22 54 76
610 856 42 68
184 6 92 70
176 576 94 56
524 772 72 62
704 962 82 56
