1322 322 68 50
116 750 78 34
650 568 64 58
1248 690 52 60
728 452 66 42
1084 370 54 66
262 638 64 36
1394 622 58 54
64 220 92 72
816 380 62 54
1086 238 48 60
916 566 58 42
476 250 56 44
892 674 50 42
316 724 48 56
64 376 108 38
206 666 52 50
1660 158 128 56
310 784 48 56
664 82 62 56
1680 276 116 64
738 600 50 50
1568 744 56 42
748 660 50 48
778 484 50 50
864 874 46 48
1076 662 42 52
1044 198 60 46
1618 800 94 56
1044 432 68 38
834 512 60 38
108 674 72 36
1068 612 44 42
1062 510 44 62
612 818 54 68
1102 100 48 56
1176 510 62 38
1194 226 46 60
206 604 60 38
1048 472 50 48
888 126 66 48
608 902 52 56
1188 760 50 48
1050 152 66 38
464 124 88 54
812 550 38 54
110 480 78 42
74 886 80 66
1062 770 44 48
748 760 48 52
1298 132 66 50
1640 708 60 48
104 532 56 38
742 558 58 48
1046 824 62 36
1038 722 58 34
102 928 78 42
652 758 56 44
894 24 44 64
1036 944 62 52
478 156 58 52
1228 166 56 52
1108 912 28 54
1030 912 68 40
496 646 78 42
1662 664 88 52
26 268 90 40
724 830 44 44
1072 42 60 40
1178 1004 60 42
1176 938 50 58
104 414 76 34
584 712 44 58
658 990 56 40
780 800 58 48
750 982 40 58
1096 492 52 44
900 990 32 38
462 996 78 40
48 492 66 32
992 1002 52 48
992 60 56 56
714 762 46 38
1640 460 138 48
1036 1006 40 34
1704 556 64 54
