632 146 92 100
314 136 94 96
1216 340 114 70
1050 418 126 62
1230 406 116 62
232 80 88 104
286 930 86 102
748 170 112 72
824 758 124 64
1072 608 92 78
856 824 84 86
468 636 104 88
726 300 74 82
980 572 90 84
906 104 104 74
434 218 118 62
984 272 72 120
950 714 92 106
1590 720 112 80
1224 832 104 68
1052 120 112 60
1222 570 68 124
780 94 110 84
444 582 124 64
1588 18 100 74
1618 202 110 72
1080 466 104 98
1132 222 84 90
500 264 80 108
1050 718 120 70
1552 352 120 74
714 76 80 110
1272 224 128 82
324 726 94 94
1072 172 84 98
1226 680 108 58
400 882 80 88
1138 300 82 96
1030 282 114 80
1280 22 86 78
918 900 102 72
1588 120 100 66
760 584 76 102
674 604 108 82
1024 774 98 70
1504 724 106 78
454 850 118 72
170 810 134 76
890 572 86 108
592 242 68 106
616 534 96 90
1632 134 110 76
478 124 72 106
1510 600 88 100
254 852 86 96
46 688 90 64
638 716 96 98
1462 378 94 92
1378 492 88 92
646 306 94 86
794 298 98 100
74 174 86 106
440 60 106 82
114 122 124 82
766 14 100 88
1158 470 56 124
1724 194 96 98
476 504 88 94
994 376 90 74
1614 400 128 68
1726 346 106 90
228 732 86 98
1578 920 116 70
168 660 96 100
1332 618 94 98
1624 306 144 66
908 456 68 116
1340 292 110 76
428 262 64 112
954 424 86 108
12 112 110 74
632 644 76 96
1282 582 76 98
1596 246 94 96
1514 50 110 92
738 682 110 72
212 306 120 80
614 60 92 94
1232 492 92 90
1380 926 70 100
1370 18 90 98
910 168 114 82
1506 844 96 88
844 252 96 100
994 76 68 102
856 404 92 90
832 906 80 100
946 20 90 80
764 482 86 106
1670 516 104 72
984 184 78 114
808 612 76 106
500 26 80 76
320 120 106 44
1226 728 98 94
162 214 78 104
1598 832 116 82
1102 66 78 66
1536 450 114 86
1018 832 60 64
1488 232 94 92
126 40 106 90
1330 908 70 92
1476 552 100 92
700 364 78 64
1614 542 86 96
1358 870 116 60
1126 848 72 112
304 674 154 58
1682 684 94 82
434 392 94 64
728 798 92 80
826 554 72 84
286 278 110 88
228 210 104 78
62 772 144 74
836 672 98 92
1164 582 50 90
304 464 74 110
1072 838 74 92
1328 800 74 104
1392 168 100 82
1454 468 80 104
1420 60 106 56
1336 464 70 118
126 934 122 78
1226 22 64 74
372 334 86 94
14 0 124 62
1648 620 98 80
1398 796 96 74
1602 466 110 76
630 826 92 70
600 338 68 88
472 960 114 72
412 500 78 86
1734 134 104 66
1242 182 72 90
82 568 106 88
206 558 96 88
24 404 94 64
400 530 44 98
1468 826 58 92
22 288 158 80
494 904 92 88
686 774 68 102
4 882 94 96
838 478 74 104
220 478 88 100
324 358 78 84
1180 24 50 94
44 954 108 70
688 896 86 70
630 120 68 42
1194 748 66 112
1250 134 80 88
800 60 62 48
