972 488 96 58
1230 394 114 62
1068 168 118 66
742 316 86 78
1050 542 96 64
1276 574 88 70
1332 492 76 88
888 570 84 82
974 548 80 82
776 502 72 96
1578 536 102 64
1076 242 98 78
1556 798 90 96
1398 484 72 90
630 708 124 60
1450 478 106 60
1140 580 68 104
1012 654 98 74
1078 628 90 90
1078 424 68 74
1356 594 90 72
1364 942 102 70
620 522 128 60
894 676 92 72
740 662 82 102
1236 94 112 66
1406 702 100 74
828 534 70 96
1424 332 88 90
1554 462 104 80
870 812 64 102
1434 558 84 90
1128 472 74 108
856 610 66 82
1366 292 118 72
1496 524 92 68
950 762 106 74
802 682 86 84
1640 298 116 64
1212 596 72 90
412 766 98 84
646 760 96 60
770 60 82 86
1072 340 90 92
1356 378 80 108
1518 582 90 92
420 120 110 72
932 348 92 86
764 250 90 82
1242 448 90 62
728 14 68 102
868 16 84 72
1110 868 66 100
424 630 76 104
466 314 92 74
330 624 134 68
1368 874 84 74
1128 322 74 94
790 18 84 60
1242 178 70 102
660 420 90 64
432 560 118 62
914 960 68 96
888 324 74 94
1440 794 88 70
888 208 82 96
1712 796 106 70
440 166 112 92
958 190 72 116
1516 384 112 82
770 134 124 76
934 910 86 74
774 402 110 72
418 858 86 64
1720 372 102 60
1370 756 82 92
490 786 90 92
1628 816 88 82
1240 656 86 62
1646 742 142 56
462 450 114 54
646 652 94 56
630 352 98 104
828 328 74 112
1494 156 100 82
1068 120 104 60
400 506 90 70
908 60 90 94
994 370 78 106
1218 756 92 76
1476 228 96 92
1520 904 104 68
1038 976 60 82
784 826 106 78
1312 700 76 94
1628 362 100 88
62 202 126 82
1050 22 124 60
396 60 120 48
1230 60 92 60
1646 452 82 64
820 202 82 116
944 250 68 110
638 198 124 76
222 204 118 80
112 808 144 66
1056 832 90 80
1472 96 84 86
720 932 104 94
624 842 78 80
1410 170 86 104
1524 966 122 68
528 956 80 90
166 556 150 58
284 442 100 98
598 84 136 78
1730 424 104 78
1672 864 108 66
306 558 144 64
272 326 100 84
1578 182 124 74
56 302 102 90
1332 142 84 104
406 912 74 78
1726 296 104 80
140 642 128 72
604 232 98 114
1652 508 76 90
18 114 110 74
1222 486 44 86
1726 602 88 82
908 450 60 98
42 0 104 98
1240 924 84 76
332 226 92 108
1454 18 96 92
1300 848 84 70
382 262 112 76
1072 980 94 78
1212 314 78 66
734 762 100 68
1262 866 66 78
630 620 92 58
94 410 150 54
98 464 134 64
764 452 104 54
484 630 80 92
498 60 92 68
400 816 80 64
274 892 118 80
396 316 102 80
610 554 72 86
112 134 110 82
46 962 104 70
1266 154 82 100
48 762 90 96
1236 710 94 58
204 888 90 94
1690 100 90 54
1594 74 88 64
90 72 126 70
90 348 132 62
708 860 86 70
100 876 106 90
1524 42 80 102
1482 832 114 72
126 0 124 82
116 962 150 72
304 132 108 90
1164 26 60 104
1066 60 102 44
526 686 78 70
230 60 94 50
198 64 78 106
1722 60 94 46
1214 872 64 78
304 0 100 96
716 792 92 72
100 696 132 78
1700 122 108 96
858 434 84 96
48 684 86 66
38 410 86 60
1656 640 138 68
58 568 116 64
968 850 86 80
220 376 124 52
454 930 100 72
758 872 78 64
0 174 74 80
548 900 70 64
