1564 160 86 66
928 514 62 60
924 178 74 66
1378 104 60 74
212 134 76 56
150 310 72 78
828 314 48 68
696 296 66 54
242 364 76 58
1504 288 64 78
1270 22 68 76
646 550 62 64
860 352 66 52
780 446 62 58
894 580 48 70
732 560 56 64
114 130 86 58
696 392 66 44
916 388 54 62
190 834 70 56
798 738 60 50
846 656 76 46
1190 96 52 88
780 538 54 56
1214 156 76 48
860 528 48 60
1038 714 72 44
1724 180 86 58
1560 16 78 98
436 506 62 72
322 936 92 52
1650 134 90 60
1082 276 66 72
1002 652 54 64
400 130 62 94
64 532 100 56
1190 212 56 76
1648 262 68 94
948 828 54 58
568 406 60 54
900 2 64 78
614 208 64 58
52 362 98 46
292 794 62 70
1500 628 78 38
914 448 70 36
602 528 48 58
750 420 48 54
40 710 84 58
1092 636 44 60
878 948 54 50
1618 74 80 84
646 682 56 50
730 644 60 40
1174 732 74 42
804 218 68 44
1048 200 46 54
836 430 50 64
1716 260 74 58
724 100 76 48
1302 666 64 34
442 380 86 44
776 664 68 44
1524 782 56 70
1174 668 50 58
0 626 86 44
662 976 58 48
1020 426 74 44
280 866 58 46
592 296 50 56
1060 678 58 60
12 152 92 74
22 296 88 52
492 660 64 38
594 120 58 70
1586 410 70 48
400 736 68 64
1340 738 66 36
798 128 60 54
1100 172 66 70
1578 470 72 38
572 228 54 66
808 172 64 42
34 450 80 46
576 708 44 66
698 504 78 38
338 0 62 70
1028 954 44 62
