210 270 72 60
438 168 72 58
148 578 82 38
950 320 64 40
864 386 52 62
734 418 66 46
852 502 72 34
358 774 82 38
744 570 52 58
1378 18 90 94
574 178 88 78
950 688 50 52
788 524 44 58
112 708 84 40
904 596 44 56
936 248 56 40
830 660 54 64
946 412 54 46
842 534 46 68
586 382 82 38
822 452 52 46
992 452 64 38
1102 238 58 78
242 468 88 32
648 432 62 40
870 60 50 70
450 492 60 40
358 488 72 34
1586 686 88 46
92 196 90 44
1530 578 106 42
1000 738 42 66
594 728 72 72
114 130 82 50
584 682 94 50
30 792 76 50
64 236 74 58
68 498 94 68
1012 204 50 42
1056 142 54 52
152 890 60 46
340 956 52 50
1062 230 66 46
1048 190 66 36
696 912 40 64
174 190 74 70
124 794 66 50
44 714 74 50
1114 96 62 56
22 342 110 66
580 36 54 70
1634 612 100 50
346 596 50 48
1032 734 66 44
32 444 76 48
882 940 46 60
588 958 74 52
1060 772 46 66
590 824 88 76
180 448 54 38
268 956 72 44
108 456 80 46
294 1000 50 58
1182 554 40 78
144 760 74 32
80 902 78 56
1034 950 38 62
402 992 54 56
1182 98 42 58
1064 916 40 56
418 574 72 50
378 4 74 50
342 1000 52 54
1108 922 32 52
628 472 70 30
