928 588 100 68
1360 232 104 60
882 484 70 100
1600 92 88 72
1112 560 66 74
908 176 86 68
1042 378 80 90
1086 242 90 92
1002 654 66 92
796 88 108 64
1648 150 90 72
1312 434 78 80
1244 364 90 54
1000 958 76 62
1332 288 88 60
1304 76 76 98
1476 124 86 96
960 778 84 92
900 710 84 54
354 840 84 92
720 322 70 82
1352 392 112 54
1252 290 94 66
1056 668 108 64
1078 134 82 70
200 182 106 72
1076 888 86 74
218 452 92 54
1312 576 116 56
810 732 82 90
1326 712 68 60
594 356 94 62
1166 592 50 96
410 204 80 96
626 810 90 80
1692 98 94 70
188 292 102 88
846 980 70 64
628 644 100 68
1242 76 80 74
1024 120 64 96
742 816 80 94
1006 70 72 80
1586 846 92 56
1092 464 84 64
690 524 74 96
1716 14 104 70
1742 194 82 78
1228 658 102 54
230 782 98 90
618 260 94 60
438 900 80 94
1044 452 74 72
94 292 110 90
206 688 68 84
1636 688 90 68
176 0 112 56
744 392 94 66
650 68 62 98
178 548 96 76
1644 48 104 64
1432 676 120 60
136 986 116 70
844 862 78 82
38 118 100 74
66 682 94 68
1638 590 90 70
90 60 116 74
186 410 104 42
282 980 88 74
624 498 88 96
158 642 98 72
534 934 70 60
1140 372 82 96
0 186 92 80
1126 732 64 100
54 948 108 78
1624 524 90 68
278 0 102 82
664 20 68 50
66 598 98 84
1082 722 90 72
1156 60 46 70
1736 298 78 54
1666 330 72 84
50 412 98 58
620 738 54 78
14 556 98 66
148 760 66 78
12 494 100 56
1578 20 74 46
1254 884 84 56
90 770 60 62
1244 704 76 56
326 364 116 46
286 590 128 68
1616 752 110 62
