854 180 104 86
1052 384 110 72
744 578 68 116
1520 330 92 100
1434 776 74 116
808 322 126 70
1246 24 68 128
1050 124 100 76
1518 798 126 86
1446 446 80 100
1470 384 96 90
670 34 76 114
750 120 108 54
1560 512 80 110
1116 494 94 102
938 290 82 102
312 762 96 98
926 578 126 72
1570 620 76 108
1314 446 134 70
1042 446 128 76
1334 762 110 84
748 490 120 74
1240 396 112 96
40 0 84 102
1310 318 80 106
868 506 102 88
1254 170 102 102
950 460 104 78
578 60 98 94
1614 500 142 78
1420 588 82 104
948 390 92 80
638 488 108 82
1022 270 90 92
872 690 82 106
828 382 96 98
1286 806 70 118
916 842 106 88
1716 264 110 84
1558 16 100 82
1366 686 104 84
948 232 142 76
12 114 100 72
936 120 88 94
1322 514 102 90
1496 254 130 94
1224 734 84 108
1652 60 92 50
1092 322 118 78
664 356 128 76
742 766 88 94
656 896 106 82
1490 94 98 88
456 818 98 94
1102 220 96 104
1044 178 88 100
1226 612 132 78
876 440 128 78
744 894 122 84
1110 752 98 102
1268 120 100 62
928 714 122 56
738 394 90 98
1232 524 110 90
736 668 132 76
1686 612 116 104
792 268 96 92
500 940 94 76
1008 816 106 64
952 924 78 104
1304 660 76 120
1004 514 110 88
800 80 76 90
1638 112 82 104
450 722 102 94
36 684 88 78
800 738 80 94
1722 522 94 106
1502 180 96 92
1384 322 138 78
638 568 100 86
960 352 122 66
1356 902 110 82
1466 546 114 88
462 60 80 56
1510 720 92 86
696 312 132 64
622 384 104 94
636 830 122 76
886 10 78 104
1112 590 84 86
590 124 92 102
490 592 104 76
1324 940 88 94
1454 948 104 78
1650 656 86 108
1376 504 104 88
1060 864 116 78
382 86 132 68
1452 684 96 78
1584 282 118 84
1756 8 118 82
1226 896 108 86
1246 678 86 94
1316 282 122 58
1126 16 90 94
176 692 100 92
1064 56 100 84
446 264 106 78
302 184 134 72
1656 336 86 98
1494 868 90 100
400 948 126 84
390 360 142 74
100 754 176 68
808 60 102 48
1028 920 108 84
1394 48 68 82
686 640 78 100
1334 836 112 76
48 214 106 88
1028 704 122 64
356 248 102 78
1008 628 92 88
506 492 78 76
914 652 108 68
738 206 86 100
584 252 76 112
1208 218 84 90
1570 888 74 102
310 120 130 74
198 218 150 68
332 352 84 98
490 306 94 78
646 252 78 108
1352 138 120 88
1326 22 102 70
888 776 96 92
950 60 80 72
292 490 142 64
0 480 144 64
136 818 114 102
630 176 120 80
1690 146 78 102
1034 574 112 72
1628 780 88 86
622 774 112 72
386 866 86 118
1080 642 74 86
400 14 74 78
1346 618 74 124
160 166 80 82
148 276 122 80
1568 188 94 94
668 730 96 76
444 472 96 82
1362 254 166 60
356 538 128 80
142 636 118 70
1674 856 104 94
250 276 116 88
1438 162 116 84
1760 202 108 98
336 448 158 60
360 296 112 70
1714 96 142 60
1134 844 96 72
1218 294 48 122
278 646 162 72
1478 610 100 86
