268 554 100 102
1368 748 106 96
696 816 74 112
1234 704 118 62
1250 364 78 94
660 214 86 100
1342 388 106 94
1408 268 108 74
1518 384 98 92
1420 338 88 100
1556 298 116 82
1112 300 80 110
382 86 118 78
278 670 96 102
188 864 92 100
1038 132 96 92
1352 60 90 100
888 120 122 64
918 272 118 72
1480 824 82 104
1030 788 72 122
794 928 82 106
970 574 88 94
800 626 108 86
1296 186 84 122
958 388 72 114
898 706 130 78
1126 190 78 122
790 704 100 96
870 616 138 76
896 828 84 100
1708 664 124 70
800 144 126 84
1224 736 70 108
254 224 78 106
934 18 86 72
880 334 126 80
1420 522 108 76
106 470 120 84
286 276 160 62
1580 100 64 120
682 520 86 98
1220 468 82 98
1042 216 98 88
1504 922 74 108
1326 514 130 76
628 120 112 86
892 922 70 116
1116 566 84 102
878 186 100 86
954 774 76 104
80 304 118 76
830 780 82 100
470 312 106 78
1052 412 84 96
622 892 96 86
1762 298 80 116
582 148 80 104
742 222 108 82
1034 24 74 126
850 552 152 68
636 722 116 84
1070 748 108 82
606 268 94 92
864 270 64 116
50 30 110 66
400 556 88 106
1564 782 84 118
1376 120 120 78
256 926 82 96
760 494 102 106
756 378 88 98
1050 910 118 80
1614 434 72 108
1284 768 76 88
1328 664 88 98
798 60 126 68
850 378 78 114
690 340 98 84
452 30 88 96
1526 514 88 100
1574 890 76 110
1714 226 120 80
1582 722 84 96
1726 510 98 94
1134 840 76 108
222 60 142 58
1696 604 140 70
438 672 136 62
10 112 100 76
248 98 132 70
458 750 124 70
1412 902 84 98
684 34 86 114
988 298 102 88
1426 592 114 74
752 286 84 100
380 472 138 74
1230 182 98 88
1300 824 108 82
306 744 104 82
1616 624 134 70
1654 168 150 98
1600 372 162 70
0 852 106 88
500 808 102 80
1670 802 126 80
1216 60 64 62
1406 666 110 62
1090 22 86 52
1410 176 96 78
486 138 98 76
1434 448 126 74
160 818 144 62
886 448 82 106
1042 984 124 76
1412 704 142 70
1060 650 80 116
306 146 112 90
584 16 108 82
366 898 100 98
508 950 76 102
1232 622 96 78
1150 488 70 108
124 0 126 46
260 478 118 82
686 640 86 96
1660 740 154 68
618 646 86 98
1690 36 78 94
616 390 134 72
430 242 130 82
340 12 124 58
1688 882 108 132
150 120 126 92
1364 614 90 80
576 80 92 72
26 956 118 88
1328 926 70 104
1638 552 130 70
1750 68 92 98
32 684 102 76
340 196 102 88
172 640 108 90
336 804 142 90
602 426 68 128
416 336 92 80
400 718 92 86
148 706 152 66
1380 940 82 92
1302 582 78 90
1220 900 116 94
506 484 80 90
820 472 88 98
238 736 82 102
460 886 106 86
1514 570 138 74
500 596 84 88
506 208 72 92
112 826 84 114
280 852 116 88
270 322 86 106
