1062 380 54 78
828 318 56 74
930 498 66 64
1424 460 80 52
1076 526 64 60
910 262 98 50
1302 304 68 54
1404 390 72 66
972 508 68 70
818 712 66 70
414 368 64 66
822 582 82 40
716 722 52 70
1098 248 62 70
944 138 52 74
1004 84 62 78
1014 294 56 68
366 518 72 62
606 288 70 64
1308 576 74 46
732 146 68 80
730 880 66 76
306 344 68 60
788 272 52 84
1546 608 74 56
1386 744 70 54
728 570 80 38
1598 306 78 52
1018 736 80 40
228 190 80 60
322 648 74 42
340 860 60 48
440 116 78 58
1094 620 56 44
36 232 78 72
702 364 84 40
1304 416 60 56
1100 90 50 78
614 794 60 62
1404 928 96 46
1192 158 90 40
756 488 78 42
598 410 62 78
1422 706 78 46
166 716 70 58
608 612 78 58
828 518 82 40
114 296 94 46
1330 56 78 56
1274 628 62 60
1386 652 54 60
1390 244 70 48
886 898 74 58
258 860 60 58
718 422 96 50
226 132 86 50
220 562 64 62
766 808 68 54
588 684 76 60
1264 844 72 56
1050 204 76 56
1264 740 68 42
426 754 62 74
168 880 66 56
226 268 86 46
116 124 72 58
904 638 58 70
580 190 68 80
564 294 66 100
42 806 78 60
1198 330 68 52
154 340 72 46
164 794 70 68
1372 978 58 64
274 480 66 56
176 20 86 80
254 720 78 52
956 882 46 54
586 886 82 52
1268 790 68 46
594 942 78 58
364 330 62 50
818 90 60 56
1556 936 78 46
786 880 66 54
706 16 58 68
676 696 56 54
668 548 48 60
1230 558 70 38
1270 496 70 46
1344 782 82 42
182 476 62 66
1628 600 82 52
688 480 66 54
1640 332 108 50
472 172 78 54
680 634 62 46
1260 942 74 54
462 24 80 64
468 234 86 50
22 524 90 54
62 654 86 40
106 56 92 56
1650 910 88 46
1132 372 46 60
1434 266 64 54
1560 984 62 52
158 396 70 52
600 568 70 44
234 924 78 38
1694 408 70 68
970 14 56 62
220 984 88 50
36 708 88 50
1652 384 82 46
494 750 66 58
1620 820 126 48
314 48 74 58
1196 520 80 36
780 760 56 48
1198 224 62 54
1020 794 52 54
30 456 88 44
12 160 86 58
414 200 70 52
344 952 78 54
334 722 66 52
458 732 74 64
164 236 58 74
1216 674 50 58
286 300 76 44
114 900 62 42
618 52 72 62
498 808 60 54
24 356 110 60
1194 464 66 38
190 686 62 40
112 226 64 60
832 16 84 46
1206 32 92 50
1188 84 80 52
1062 786 56 88
1100 918 44 74
342 986 52 52
400 44 58 70
1606 656 48 70
314 694 76 42
1172 668 50 50
752 1016 72 44
328 150 58 52
1316 14 76 50
1610 872 78 46
1724 60 90 74
1714 168 86 76
1682 966 66 56
306 100 62 44
1032 898 62 56
932 638 54 48
1236 294 60 54
1116 184 52 62
1186 1008 56 46
150 942 70 40
370 102 54 56
1106 458 62 58
1196 578 48 56
1640 668 72 52
1178 238 52 72
1234 600 52 54
974 984 64 46
1404 0 84 70
192 634 94 40
1174 408 66 44
400 948 28 48
296 162 52 62
450 976 106 74
1094 724 60 60
