1580 120 58 50
1438 228 60 54
1304 534 58 40
426 168 52 56
348 102 74 36
436 256 48 56
246 206 54 48
160 1014 78 38
678 198 48 54
948 778 48 50
1274 310 54 46
260 154 58 50
116 968 80 34
1366 172 68 34
1384 304 68 36
1642 552 108 40
714 440 48 54
376 310 42 54
592 346 44 52
184 478 68 30
1696 160 92 80
732 36 58 46
174 660 52 40
300 208 56 44
336 400 48 52
200 136 64 36
462 246 72 40
114 678 62 34
1260 796 52 44
584 400 42 54
1620 626 58 44
1318 184 48 52
218 534 44 54
1084 388 56 46
1422 118 64 36
324 284 50 44
1640 678 68 42
1026 498 34 40
614 274 52 56
772 712 36 42
1040 774 56 44
112 56 78 44
64 616 76 34
1326 326 54 48
246 854 50 40
416 980 52 40
490 630 66 36
610 726 60 46
650 614 62 32
594 178 60 48
256 540 72 58
778 370 54 48
466 0 74 52
40 682 76 34
1182 406 54 38
1682 108 114 56
352 496 66 34
1180 520 30 42
1638 876 98 76
1416 84 74 32
748 676 38 42
1538 626 76 34
1056 110 36 44
368 914 50 44
1252 204 56 36
1848 770 50 46
1114 254 48 52
728 398 54 34
866 564 32 50
1062 886 50 42
1312 906 52 50
1078 62 48 56
250 276 50 40
934 628 44 30
1182 110 38 38
1680 710 60 44
1214 180 44 32
1072 322 36 44
994 112 42 52
946 320 40 58
1228 694 60 42
742 570 38 42
812 636 30 46
920 472 30 50
1062 604 58 32
910 448 32 46
192 894 60 32
400 492 20 42
416 870 52 34
696 926 50 50
944 142 44 48
1058 204 50 40
974 310 50 44
1178 846 30 50
1192 236 40 52
1068 928 44 52
74 834 66 36
1810 340 60 50
260 676 50 42
400 96 20 42
1622 730 102 46
1264 122 50 56
1032 476 50 26
600 762 66 38
1776 854 66 38
1182 308 40 38
826 580 40 36
1018 262 52 46
996 206 46 32
820 710 48 32
350 724 64 32
602 644 48 46
94 128 86 34
1176 950 44 52
1158 656 32 44
160 772 68 36
1186 708 46 30
742 856 70 36
1006 222 48 28
1124 918 32 44
1028 542 44 28
704 510 42 32
1182 790 68 32
586 598 44 40
1104 570 42 34
400 758 54 48
1086 522 46 32
896 702 46 30
784 842 44 32
340 812 32 44
1090 698 48 28
1056 542 46 30
1210 216 38 34
1122 820 32 38
1014 240 46 30
318 0 68 40
930 606 44 34
854 4 36 34
808 788 30 46
98 770 54 48
88 386 74 38
224 742 44 28
848 576 36 38
1032 520 36 34
1280 934 50 30
1678 812 62 44
1140 602 42 32
38 442 76 46
784 772 38 32
252 704 50 42
1180 464 38 34
536 302 36 62
1040 1006 52 42
1220 946 30 38
1086 718 38 36
1110 214 40 36
734 642 46 28
782 816 36 38
