774 638 32 40
966 300 34 40
1588 256 44 50
664 534 42 38
866 654 36 42
922 570 40 34
900 316 36 44
838 388 38 40
1684 328 64 44
274 754 46 28
936 726 44 32
1082 670 36 36
960 592 42 34
812 498 40 38
1228 292 34 46
712 368 48 32
796 384 32 48
840 482 38 46
372 44 56 44
1674 140 94 50
734 336 42 32
980 414 34 42
1044 292 34 44
674 370 36 34
1682 374 58 52
794 166 48 34
1258 172 42 32
1266 314 44 36
848 214 38 38
202 768 50 28
590 424 46 28
850 618 46 30
990 162 38 34
1284 262 42 34
616 358 38 36
1090 242 46 32
1192 118 36 40
1356 666 36 38
972 98 42 32
1256 340 34 42
658 296 36 44
788 688 38 44
1288 218 42 34
1298 184 40 34
1088 622 36 38
1248 132 44 34
414 646 40 30
1110 534 36 36
1216 200 36 38
1020 536 50 32
908 118 34 42
666 568 42 28
1098 606 44 34
1058 706 42 30
302 384 46 32
304 778 46 36
982 70 46 32
102 506 50 40
614 808 34 44
132 302 50 30
1232 754 36 32
876 160 38 46
714 692 42 30
1792 714 68 38
416 874 32 38
852 850 34 42
322 754 38 36
128 738 52 24
602 690 42 34
1714 214 48 52
290 812 42 32
278 60 64 30
930 64 34 44
598 650 46 30
44 568 44 44
874 40 34 46
1096 220 38 34
462 350 46 36
152 348 32 42
836 756 46 34
1382 504 54 46
1532 442 48 28
876 854 32 42
1234 970 40 36
1006 694 52 26
364 180 42 48
1290 240 36 38
118 256 48 30
800 244 20 40
1214 68 42 34
1396 84 34 40
326 334 40 30
156 120 36 34
1040 872 50 40
1334 134 32 48
1572 554 48 26
1362 350 34 48
368 814 42 32
1352 110 32 44
1384 126 34 44
1668 520 52 40
940 26 38 36
1388 380 42 36
904 20 32 44
158 0 50 44
638 452 30 42
310 266 50 30
866 792 48 36
1372 528 36 36
400 64 34 20
1166 788 24 48
422 1012 70 36
1152 120 38 28
374 144 32 42
604 960 36 34
308 1016 58 36
622 438 42 36
846 774 48 28
606 588 40 30
1100 692 42 28
300 962 46 26
1158 712 38 34
1182 180 42 36
