896 346 94 70
1238 88 102 74
776 254 88 76
1230 708 112 60
1094 482 102 64
622 250 106 80
882 724 96 76
646 200 118 62
1250 348 74 92
812 748 84 100
1118 754 80 96
746 580 70 88
1056 670 106 58
444 658 116 70
1230 190 72 94
988 856 86 94
808 606 100 74
1394 108 102 100
1388 578 100 70
1334 784 92 88
1236 648 98 66
212 130 104 100
816 358 86 94
1058 720 80 70
680 830 118 72
1404 22 88 70
1072 250 118 74
1454 680 116 64
810 848 108 70
402 120 124 66
1128 312 74 102
1438 736 82 96
1056 896 74 112
718 664 78 100
1074 172 108 78
1688 622 92 58
1254 858 122 68
862 526 84 66
1166 200 52 104
1028 564 76 78
636 622 84 98
1378 628 84 92
632 326 112 84
596 360 88 98
1310 354 94 64
1360 722 88 80
670 60 102 56
966 432 68 78
628 562 90 70
1548 498 88 82
1476 14 80 106
884 420 100 64
1070 390 96 46
1580 724 104 90
1304 528 92 80
1500 378 98 96
474 882 88 100
888 474 96 54
1586 636 118 66
822 670 98 86
850 248 70 96
88 316 108 88
740 80 76 98
322 140 102 88
924 138 90 56
24 6 102 92
968 508 110 60
1214 586 54 94
1118 870 62 96
92 744 98 92
1300 26 90 46
26 118 92 70
484 464 98 54
944 548 94 52
1508 882 114 64
1208 748 54 122
1438 876 84 108
948 238 78 68
1340 280 110 80
1256 152 70 56
1684 236 164 64
1522 184 90 84
780 182 90 76
1144 588 66 106
786 448 106 58
1706 568 90 58
1568 574 122 64
780 906 110 76
1068 428 74 66
402 460 104 80
210 296 88 96
1734 498 96 76
450 310 76 86
1636 678 92 78
760 372 68 98
506 280 78 100
1238 460 72 76
1468 154 78 98
466 766 100 78
1322 152 68 120
1278 422 92 56
630 506 88 64
1506 262 102 74
1374 426 84 72
1080 74 84 86
948 660 122 56
144 120 118 52
508 574 78 84
774 126 92 72
1506 794 124 70
852 156 72 94
792 516 94 76
1224 966 86 58
948 596 72 66
1612 804 70 118
618 924 128 72
404 10 106 74
300 670 100 98
1674 306 158 86
1570 218 120 80
444 236 74 84
16 582 104 98
1586 62 102 62
24 262 110 80
1644 486 114 74
1626 146 100 76
528 678 68 120
986 354 108 86
474 16 114 62
626 780 114 84
530 382 70 84
1476 968 60 84
352 324 112 96
1438 404 76 84
1400 502 76 84
980 166 72 84
100 596 100 92
286 930 100 84
322 218 112 66
1130 60 60 66
876 226 76 84
1518 952 74 94
1720 786 88 98
1230 60 66 56
1530 92 104 78
380 654 82 64
1432 342 102 68
412 754 88 98
452 162 100 88
1686 120 106 76
408 934 102 74
694 464 64 106
544 122 50 112
0 840 144 64
286 744 86 94
212 0 84 92
1224 908 88 72
190 604 108 64
22 684 120 70
1778 120 74 78
966 692 72 66
1040 22 92 56
234 658 98 66
1218 492 60 84
290 60 98 54
0 160 48 68
1040 60 88 48
166 544 76 78
912 196 82 48
1666 876 134 74
436 600 80 90
0 774 124 82
400 990 80 58
362 406 100 56
414 524 80 72
222 536 102 68
374 620 76 58
232 968 80 86
800 6 68 52
702 382 96 72
316 240 86 104
