664 474 102 72
1376 126 88 72
690 382 100 66
1246 276 88 82
786 406 92 66
1072 654 106 70
816 742 88 90
1082 492 108 76
916 924 88 76
28 180 88 110
1310 232 100 68
1072 180 102 76
864 700 98 76
974 722 112 70
786 568 74 96
1430 416 104 68
702 598 98 72
976 504 92 90
1334 432 94 66
862 436 66 98
1070 96 92 80
814 624 94 60
272 536 118 68
1124 862 74 100
1114 332 100 74
934 776 80 80
840 294 90 78
1286 160 102 74
968 432 90 82
708 274 80 94
1384 854 100 64
750 664 112 72
686 550 82 78
706 100 66 114
1258 726 76 90
1014 788 94 66
1018 584 104 72
370 506 110 90
1324 768 88 70
1634 612 94 86
1642 838 86 86
638 60 86 78
624 348 78 110
1470 828 92 94
968 616 84 122
74 478 102 102
706 774 114 82
1036 434 104 60
1062 382 94 64
6 28 116 70
1434 654 86 80
1070 716 98 66
1348 636 88 62
1466 94 100 72
842 46 82 98
1540 522 106 68
1314 862 100 64
778 300 74 84
772 238 64 108
992 832 82 100
880 22 104 62
1244 96 92 80
1076 284 116 66
1336 286 116 76
654 694 132 68
1088 772 68 110
630 244 74 104
16 108 100 74
274 438 82 102
1428 576 102 74
304 132 100 88
1386 60 104 68
194 644 98 78
496 342 92 70
822 496 80 88
620 582 84 98
1000 304 76 140
32 402 94 70
366 60 98 64
830 178 96 88
1470 698 106 74
980 944 88 84
472 434 108 62
822 958 122 80
484 866 74 82
60 850 122 66
1242 634 90 52
1448 182 72 118
1714 576 92 68
328 286 100 88
1154 580 64 80
1514 748 80 96
272 680 98 68
490 552 90 104
1326 24 112 48
172 510 122 78
110 40 106 78
1612 252 78 76
1240 514 98 70
1714 304 118 44
414 316 104 88
370 362 98 74
1582 910 86 54
482 250 74 108
738 18 84 68
1520 632 124 74
1228 214 108 62
42 956 104 72
1438 310 84 116
1242 916 84 74
460 142 80 106
170 760 98 52
486 76 102 78
260 316 114 74
1546 432 84 84
350 650 104 72
8 886 100 72
1090 572 82 72
1516 146 76 96
1376 984 78 76
396 232 110 80
756 496 86 76
1274 680 100 56
118 266 82 100
1520 336 70 84
1712 660 112 62
1502 264 74 78
1338 930 78 56
362 590 106 72
1734 804 78 86
1712 60 94 70
610 192 80 60
504 786 82 68
1228 810 66 94
1392 736 90 68
1426 478 86 88
1576 166 74 84
1466 926 118 82
1634 536 88 68
696 912 98 70
320 204 154 76
110 696 140 62
810 18 76 62
1604 690 108 72
1634 180 84 92
1406 920 64 64
162 430 126 82
398 126 86 94
1018 54 94 74
632 798 94 106
1290 806 68 86
52 768 108 86
1592 764 134 70
214 124 106 92
408 748 104 76
536 258 56 96
1606 14 100 60
1646 958 68 80
1424 22 80 44
638 892 90 78
284 910 94 74
1238 424 64 104
1484 24 90 70
606 10 64 64
152 126 88 96
278 4 106 72
670 960 92 80
1302 566 84 76
1598 964 58 94
1710 880 98 66
1236 976 60 76
40 566 98 96
1168 684 62 70
524 168 82 64
184 594 128 66
1226 20 38 92
412 918 98 58
1538 76 92 68
1660 916 74 58
1214 752 68 72
1718 740 86 68
378 728 64 76
204 802 90 74
602 60 42 70
1764 10 88 60
1050 932 114 82
1144 776 66 82
400 972 44 82
502 526 138 58
1338 494 96 52
754 982 98 70
40 688 98 60
1734 244 96 64
448 666 134 78
488 722 98 76
118 0 134 56
1644 98 96 68
332 798 86 66
1696 348 116 52
138 806 78 80
1356 544 96 68
1700 126 86 96
126 584 124 66
0 830 60 84
