144 214 86 118
174 140 88 128
850 644 94 90
1642 232 98 94
936 690 74 110
972 516 78 106
1410 62 68 126
758 892 94 92
400 170 92 100
196 72 92 96
1510 688 74 132
1040 664 88 98
1480 342 82 102
1496 146 82 114
314 744 84 110
1644 84 82 118
1320 136 92 92
1002 734 108 86
886 424 80 100
854 376 104 86
1734 132 96 104
1400 438 106 96
380 258 94 96
1380 228 96 90
314 898 108 90
962 218 124 80
1250 140 78 114
1098 44 76 112
794 184 106 88
1322 570 100 88
298 154 106 100
1042 480 122 74
998 584 100 90
1416 542 104 90
654 502 124 70
638 806 74 118
448 750 114 82
450 628 92 92
222 818 112 88
1482 872 90 108
1392 820 98 96
1082 234 62 114
860 126 102 90
1542 318 98 84
602 638 66 124
1128 234 88 90
1658 602 112 92
982 60 106 80
708 230 112 74
1322 372 92 88
668 354 110 80
1154 488 62 124
156 956 158 76
1028 376 138 78
1242 398 98 96
942 326 124 84
288 80 98 84
816 282 80 114
1584 740 142 76
308 672 126 76
892 280 108 84
2 0 136 56
1090 120 72 48
1286 680 80 104
1570 416 82 102
1290 60 120 46
676 126 92 92
1516 244 112 74
66 764 114 76
278 536 84 116
502 120 80 88
1652 344 114 80
600 734 78 104
422 858 82 98
1056 892 74 122
696 788 84 98
816 580 120 78
724 556 136 74
594 102 94 82
1262 600 86 100
368 434 76 116
656 272 102 88
394 340 96 92
432 444 122 70
852 872 92 96
10 116 100 72
290 604 168 82
874 64 114 84
1364 686 76 112
120 836 88 94
12 314 130 94
458 556 104 82
756 288 80 102
1712 60 94 102
240 426 144 68
678 60 146 80
1648 484 102 86
750 118 116 74
1734 498 96 92
470 248 94 92
1106 860 70 114
574 46 94 70
876 826 118 74
1444 494 168 76
604 208 74 112
708 14 144 70
30 684 106 72
1104 306 108 94
702 732 150 82
450 948 110 98
1218 210 70 94
1628 818 116 78
710 646 100 94
672 700 84 96
382 802 110 84
734 624 112 72
670 916 84 94
628 462 84 92
1664 16 152 56
16 408 112 72
1746 288 86 108
6 176 108 100
1536 940 104 94
98 528 116 82
800 20 46 70
902 990 118 70
34 860 88 98
1352 898 72 118
212 684 106 100
0 762 70 56
386 530 82 100
378 946 86 102
14 488 160 70
166 874 108 100
1208 60 60 74
944 880 96 88
1788 192 78 86
