312 296 52 48
1642 318 72 36
682 586 60 42
686 408 60 40
1402 244 54 38
866 188 60 32
1204 286 64 40
368 810 66 34
72 650 74 36
786 456 42 54
80 326 60 40
154 552 64 36
192 962 52 46
592 380 64 36
724 270 74 40
1034 720 66 36
90 260 70 36
1060 122 56 42
1090 250 50 46
1672 266 96 46
822 474 52 48
1034 302 40 56
694 324 52 42
830 794 62 32
1198 226 42 60
196 244 44 40
1818 670 64 42
908 274 40 54
1814 718 84 58
422 420 66 46
408 928 74 62
486 514 42 40
716 754 48 44
114 924 72 42
1080 676 32 46
880 372 28 50
1012 450 48 28
380 228 46 50
1032 58 58 48
938 516 42 50
1206 186 52 40
764 330 32 38
46 340 58 44
886 670 32 46
402 108 64 54
74 852 76 36
846 368 30 50
1536 780 68 34
598 306 56 34
344 172 54 52
1092 4 36 34
264 214 54 46
36 786 60 44
1648 430 94 34
102 402 68 30
450 508 38 36
1074 916 38 56
530 120 42 28
792 610 58 40
678 744 50 42
1168 122 38 26
1088 460 36 40
1646 660 92 42
1048 778 44 26
1084 22 34 42
132 1012 66 40
1808 352 72 52
1018 920 36 36
1808 306 88 46
1100 684 34 46
1030 996 40 54
1094 764 46 32
586 712 44 68
1186 486 54 46
1010 876 58 64
1052 2 44 18
300 166 40 36
22 296 58 38
24 160 80 62
1174 666 44 48
330 258 52 44
