654 442 74 32
292 338 74 38
746 372 46 64
1006 194 68 40
1666 382 106 52
80 848 74 46
1034 766 68 36
1468 64 62 64
126 984 78 36
714 96 56 66
930 494 44 62
424 190 70 48
868 516 62 40
80 648 72 48
1322 178 78 46
1040 456 66 32
768 432 70 42
972 602 60 42
44 588 66 66
144 790 78 34
1700 462 74 68
224 856 56 46
1058 506 62 40
866 60 52 64
24 290 82 54
1104 524 52 68
1088 906 52 74
782 476 46 52
1274 256 56 64
820 380 50 48
580 578 84 46
866 458 50 48
976 674 66 40
1276 208 56 50
1252 352 54 50
588 268 80 56
106 692 86 38
1650 334 70 52
1242 784 60 52
672 608 68 36
1248 408 76 34
114 106 74 52
462 528 60 48
224 924 56 52
766 86 56 54
1070 660 70 32
68 520 60 54
1184 718 64 38
582 304 68 66
872 774 46 66
1180 236 46 66
938 636 58 36
1218 266 56 56
346 0 58 78
482 112 62 60
1222 166 58 54
878 404 52 46
588 806 70 42
1230 734 56 46
1068 924 46 64
860 858 50 56
250 974 62 38
1094 96 48 60
590 978 70 50
1186 478 66 36
1256 434 68 42
986 988 64 44
1654 238 132 62
1174 772 60 38
1158 386 42 70
38 902 70 36
430 112 62 46
358 906 54 50
98 586 76 38
838 674 66 38
46 706 74 48
802 12 52 52
132 534 64 46
1184 440 70 38
1086 788 44 58
452 72 88 38
36 452 76 40
152 502 64 48
836 852 48 52
358 998 56 50
1052 150 66 34
1096 2 62 44
722 742 44 46
12 154 92 70
1164 946 60 50
1170 540 32 36
430 0 52 58
516 286 46 62
840 768 34 42
764 662 40 34
766 790 40 38
1096 208 58 44
838 800 32 44
1058 120 40 26
846 724 62 38
1158 648 54 50
764 728 38 40
1798 734 78 42
448 30 88 44
1708 552 64 46
746 736 34 44
1024 962 62 38
1248 478 54 44
732 694 48 26
506 218 48 36
1170 990 68 40
1158 10 44 62
134 924 66 38
