1262 418 32 40
1106 642 44 36
1454 304 38 36
1100 524 44 40
872 304 52 34
1464 260 40 34
776 636 38 42
1306 646 34 40
848 696 40 34
1420 682 40 32
1170 348 44 36
1348 760 40 34
1414 540 40 38
792 372 44 42
1356 224 42 34
928 784 38 36
1488 452 48 32
1176 326 50 32
940 690 42 34
1366 100 36 40
820 778 38 44
900 386 50 32
1534 214 50 28
1244 794 44 30
1012 430 46 36
962 324 50 34
978 210 44 40
1210 624 36 38
1102 242 40 42
1092 584 54 32
1378 570 46 32
1108 556 46 34
1574 396 42 36
916 418 54 32
1018 456 40 40
1458 402 44 32
1276 562 42 36
1410 594 44 34
802 640 26 42
716 254 46 32
1042 310 52 34
476 538 36 40
886 424 42 36
1332 44 38 38
438 606 44 32
980 826 32 42
896 134 34 38
886 108 48 34
904 406 48 32
938 512 42 36
1224 470 44 34
938 544 50 36
972 342 48 34
1122 76 44 34
828 270 42 36
1042 332 54 30
1178 306 42 36
522 110 42 36
1162 932 36 38
1474 182 36 36
1036 620 44 34
928 468 42 38
1050 436 46 36
1612 120 50 24
436 208 38 42
898 348 48 34
1176 398 46 38
800 268 28 40
1290 576 40 32
1384 900 38 32
1214 380 44 34
902 180 40 40
1012 528 40 38
1220 726 42 40
656 800 44 36
1264 76 42 38
910 588 42 38
860 204 42 36
1250 218 46 34
1192 346 54 32
604 244 38 38
1194 100 34 42
1018 702 46 36
1266 144 44 30
792 350 50 34
460 666 42 32
1258 832 42 36
854 726 34 42
430 428 32 38
904 288 46 34
528 212 42 30
1636 396 38 36
488 850 46 32
1206 362 40 34
1220 752 42 34
474 148 38 34
950 292 48 32
946 260 42 38
1188 768 46 34
642 276 44 36
1308 244 44 30
1048 200 54 34
1064 232 46 38
660 748 46 36
1668 172 52 26
1012 554 44 32
948 238 42 36
652 676 48 32
844 168 40 40
400 128 24 38
742 288 46 34
1060 380 50 38
884 642 46 28
546 546 36 40
800 390 22 44
1062 780 44 34
1260 382 42 34
1376 838 36 36
952 312 56 26
1004 406 50 34
810 60 38 30
934 488 40 38
978 722 40 40
1234 936 38 36
1526 296 54 26
1304 670 40 36
1576 640 42 34
950 446 44 38
1056 356 50 32
1018 250 42 36
802 182 28 42
1476 498 48 26
738 184 42 38
524 228 46 36
498 174 42 34
928 600 42 36
1024 302 44 38
518 636 40 40
992 140 40 36
490 680 42 32
1048 408 48 36
526 900 36 40
1544 950 40 30
696 620 46 36
1102 182 50 32
1010 510 44 34
910 454 38 38
1036 448 42 40
434 174 44 34
1096 410 50 36
1176 670 46 34
1192 578 50 32
370 738 44 28
898 326 50 34
1002 690 44 36
800 100 28 40
800 246 28 40
534 28 40 34
860 336 46 36
462 132 34 38
1018 172 40 38
786 294 44 34
1652 66 42 32
822 102 44 36
922 274 46 36
154 80 64 34
832 28 38 42
606 298 46 34
1108 334 48 28
694 738 44 32
542 342 40 36
804 124 36 30
1476 958 44 28
606 462 42 32
1090 108 52 32
1710 334 44 30
502 704 36 40
1620 536 42 32
1200 140 38 32
670 516 36 38
998 392 46 32
646 406 48 32
502 506 32 40
1098 602 48 28
1044 284 50 36
400 204 38 36
1630 486 42 32
660 780 42 36
516 386 38 38
1188 60 52 22
1580 480 52 28
814 140 34 36
774 258 48 36
760 808 44 32
1212 210 38 40
76 528 46 30
1032 186 46 34
1132 28 40 38
1276 650 40 36
1586 728 46 28
944 616 44 30
1604 280 46 28
1200 608 44 36
1594 420 38 34
654 236 46 34
758 654 44 36
736 30 46 32
1268 512 48 28
614 280 48 32
812 658 44 36
964 644 44 28
728 844 48 30
862 60 44 32
1064 478 48 34
1278 64 38 30
926 330 56 30
850 310 48 36
856 22 36 40
1178 728 48 34
714 28 42 34
1208 430 52 32
1130 60 38 32
650 460 56 28
1012 120 40 24
750 230 54 30
662 562 38 36
1610 448 50 24
990 360 46 32
1010 318 46 36
734 60 42 32
1276 32 42 36
1482 432 38 34
1660 336 54 24
1204 656 42 30
152 978 60 40
736 762 38 36
1496 36 38 40
492 152 40 34
1056 142 40 38
946 668 44 32
764 354 38 40
1068 60 44 26
1170 460 46 32
918 26 36 42
1234 552 42 34
604 120 44 26
1648 224 42 32
624 166 46 30
664 580 46 32
1052 930 38 36
1092 296 48 36
1108 278 50 32
926 226 40 36
830 156 38 42
802 208 30 36
970 918 32 38
978 432 40 40
1088 144 46 32
932 430 48 34
1100 224 42 36
732 244 54 30
772 308 44 32
922 572 40 34
980 152 38 36
1218 40 46 30
1664 298 42 32
538 708 38 40
1034 154 40 36
612 316 44 32
720 628 42 34
1226 178 50 34
1186 276 44 32
824 682 44 32
1004 196 46 36
654 294 46 32
624 332 46 32
1190 418 52 32
1004 84 34 36
1454 12 38 32
528 446 42 34
1084 460 52 32
660 878 46 32
714 326 46 34
1820 342 60 38
904 366 40 34
538 380 40 38
1208 596 48 32
754 116 48 34
650 260 50 30
686 318 38 32
1232 120 46 30
954 466 44 40
1638 376 42 28
1308 62 48 22
504 248 38 32
1526 764 46 32
658 598 48 30
1310 74 38 36
728 380 44 32
800 70 38 36
1628 264 46 30
706 204 44 34
1014 356 52 32
1224 884 42 36
1588 706 44 30
772 242 50 32
896 60 46 30
1668 494 50 28
740 330 50 30
670 130 42 32
1034 346 52 28
730 660 48 32
150 730 60 30
516 662 42 32
534 292 44 32
1264 538 42 34
766 138 44 34
532 924 38 38
1188 698 50 40
726 344 50 28
534 60 46 22
546 686 40 36
1026 420 52 32
860 120 54 26
890 28 36 44
598 142 40 36
1096 788 40 34
706 272 48 32
1100 158 50 26
706 666 40 36
738 136 44 38
458 120 40 22
706 228 46 34
1082 772 46 32
1222 444 44 30
768 338 48 30
1062 258 42 38
1240 400 36 42
1214 166 46 30
1550 964 40 32
1152 864 38 34
838 60 44 22
798 26 36 40
1178 250 36 38
800 666 30 34
758 826 46 30
866 8 36 30
1086 492 56 30
972 230 44 36
1102 694 48 34
840 294 46 34
1640 240 38 32
684 138 48 34
1642 204 38 30
1012 474 36 36
1068 120 46 22
1540 894 58 42
610 30 46 30
730 310 54 32
604 772 48 32
1566 824 44 30
1048 516 54 32
634 150 48 28
1222 142 46 28
1096 750 42 38
1226 532 42 38
732 362 46 32
1058 888 44 34
752 262 40 38
818 214 52 30
1094 436 44 36
1098 314 52 30
