1562 780 76 36
1388 800 70 36
1596 708 82 40
914 154 70 42
272 748 68 36
1006 236 70 38
1628 876 86 58
214 360 58 46
1446 136 72 38
1352 216 66 38
190 160 74 40
166 68 70 48
124 504 54 56
882 260 46 48
1678 694 74 52
1570 484 64 38
640 28 66 38
42 322 64 46
1592 446 78 28
860 530 58 40
1446 378 60 36
114 670 74 38
1428 652 56 44
1276 262 60 38
1074 214 44 60
220 792 62 40
200 658 66 30
594 208 48 64
1088 634 60 42
704 650 60 32
1052 158 58 42
1228 526 58 44
276 350 58 38
798 884 66 38
1086 102 66 50
130 700 72 40
718 982 60 34
1514 184 78 36
716 908 54 50
104 348 66 34
42 678 72 36
1178 698 54 38
1042 4 52 58
1184 416 50 42
28 526 60 38
922 74 52 52
468 378 42 46
456 536 64 34
1284 482 58 46
1380 670 56 40
596 158 48 48
1436 102 62 38
698 300 56 42
1316 654 42 58
806 488 58 44
1120 372 42 52
1282 390 58 36
1036 726 60 34
824 376 50 48
484 992 68 48
812 286 60 34
172 866 52 58
778 572 40 54
1304 80 50 72
1222 586 48 54
374 276 46 56
852 828 52 36
494 788 68 34
1448 424 60 44
780 446 44 50
1000 68 50 58
642 294 54 36
982 528 46 50
1088 914 50 48
700 784 50 42
1198 226 42 62
234 0 66 48
692 366 52 48
800 768 22 38
594 502 56 44
1052 858 44 56
380 350 46 50
996 568 44 60
956 442 58 40
1192 466 56 36
468 2 80 48
940 578 48 42
1688 286 92 44
868 424 50 48
656 398 44 50
1254 304 58 40
960 670 54 42
1554 134 50 48
174 822 58 36
1796 784 64 58
474 428 52 40
76 902 56 46
1098 796 40 56
964 30 54 44
586 440 56 38
1212 770 44 46
734 124 66 46
748 684 34 44
900 624 34 44
658 348 58 38
758 362 44 46
792 658 42 34
456 590 56 44
1296 346 50 42
1336 480 56 34
696 168 74 44
1618 20 70 44
1678 588 58 58
420 348 48 44
1188 80 50 44
1840 446 58 64
264 490 50 56
688 742 34 38
784 834 34 40
1208 142 46 28
1688 336 62 56
1518 886 86 52
1182 592 54 48
200 696 62 40
1814 248 80 50
1180 980 44 42
1220 188 36 38
532 284 34 40
898 590 40 32
26 602 56 36
804 330 36 42
938 488 38 34
1496 418 46 48
1166 896 72 38
1312 122 34 28
1674 414 78 48
308 240 64 44
1288 186 78 40
1172 374 34 36
226 466 62 42
1032 1020 58 40
176 130 56 38
574 12 44 62
934 622 52 44
612 318 46 50
1096 2 42 28
130 960 66 40
1708 136 68 36
1088 438 48 28
718 728 42 32
800 726 22 40
742 100 52 46
814 354 42 30
1254 1004 36 38
1154 896 36 34
918 422 38 38
148 998 80 38
1098 492 42 32
20 160 80 58
