1602 324 62 42
170 224 60 62
1386 310 52 62
1620 170 74 76
662 570 54 44
220 490 54 58
868 86 50 56
1670 662 62 46
1676 224 92 46
1448 114 60 50
926 618 60 42
236 988 60 42
1624 400 82 36
772 68 50 60
336 836 48 54
1176 698 70 40
1028 82 62 56
128 820 72 52
796 472 54 50
1532 932 52 50
874 852 56 46
126 992 80 46
1040 762 74 38
756 826 46 50
480 534 54 52
728 564 64 34
440 720 54 44
126 542 54 50
1288 638 56 40
730 996 62 40
858 624 56 44
1278 590 54 32
1404 746 70 30
1178 532 36 34
838 532 66 34
1496 192 56 46
920 500 40 54
474 660 44 52
332 156 86 46
1604 914 62 46
1252 670 48 50
1432 236 66 36
872 474 44 52
918 466 48 30
1412 554 82 62
1414 508 60 42
1470 298 58 44
1802 826 80 40
1032 20 48 54
774 426 46 54
400 132 22 52
606 460 50 54
1452 664 66 38
1520 632 54 48
1562 610 58 36
1250 148 50 54
934 398 48 50
1230 80 60 44
674 706 48 40
1470 2 56 20
770 694 40 56
1210 134 50 60
974 270 62 44
1172 400 42 32
938 264 32 40
1428 162 44 52
44 456 70 38
1102 388 32 46
750 280 56 46
1052 486 48 42
1070 522 42 54
954 278 46 54
1048 450 50 30
102 210 74 40
122 792 60 40
900 206 40 48
1120 348 40 36
972 532 50 40
586 610 26 52
1136 286 30 44
1426 950 46 54
400 86 20 56
152 600 62 38
938 224 54 38
898 420 40 54
1586 582 58 38
334 526 60 38
800 404 24 44
0 550 60 46
388 890 62 34
436 560 34 38
884 310 48 64
684 748 42 52
1496 234 56 44
1474 954 46 56
492 388 66 38
360 28 50 62
1222 512 48 40
848 252 44 52
808 394 34 38
1054 60 68 34
340 104 42 32
1080 24 52 56
784 914 56 40
696 640 50 52
758 356 38 36
1196 794 44 64
1438 30 70 50
1006 410 50 44
1184 746 72 34
826 328 32 48
392 530 48 30
802 348 30 36
400 512 38 32
382 644 62 34
788 388 36 38
804 864 48 46
444 656 46 50
1740 256 54 70
818 796 46 52
1448 268 48 48
732 688 42 30
794 638 82 38
38 700 90 66
376 580 42 30
900 254 36 38
656 640 56 40
1170 618 48 42
0 510 26 30
722 746 56 44
796 782 34 38
438 622 44 28
782 864 32 42
858 334 36 40
