324 250 76 112
796 668 90 104
1056 106 106 72
318 792 80 116
1132 194 76 120
1226 326 98 74
392 170 90 108
454 126 92 98
146 752 80 114
438 558 84 108
604 282 104 82
656 662 104 72
1536 692 100 90
1064 440 98 82
1342 862 92 74
822 100 128 76
1116 764 104 90
1140 304 78 104
654 600 134 68
1248 376 78 98
600 356 106 92
926 368 118 62
920 18 98 74
680 796 90 102
454 66 114 82
404 792 82 108
612 86 118 86
470 666 112 98
962 92 70 110
58 220 110 88
680 534 104 74
1032 252 84 106
1040 172 104 80
1392 298 146 66
794 16 82 76
940 634 130 78
1408 370 106 74
1492 250 106 88
594 652 90 94
936 286 96 88
1266 792 110 72
352 620 90 94
232 696 86 98
1498 358 90 102
1760 120 108 56
764 366 62 120
294 726 94 90
1662 786 82 108
628 224 100 70
1218 606 80 98
952 752 66 126
1632 430 134 74
1218 826 76 110
982 558 106 84
1538 448 80 110
678 722 90 80
890 704 110 84
1444 780 108 66
1054 514 108 84
774 808 98 92
174 878 100 96
830 794 98 84
922 578 70 110
452 840 124 78
1076 880 74 94
328 902 76 120
856 288 96 90
1600 228 96 96
618 516 70 120
416 488 128 84
366 444 144 58
1666 112 102 70
728 18 80 86
162 216 70 112
650 890 116 78
1356 174 102 86
1530 580 120 74
850 424 108 86
1296 496 118 76
1516 816 96 80
1638 60 116 72
940 892 104 98
1038 790 90 74
202 330 162 84
1358 600 68 116
1234 186 66 116
700 172 88 100
1074 598 112 84
848 178 84 96
42 958 102 76
928 486 140 72
764 582 108 80
1132 60 72 70
968 698 110 90
1308 372 74 100
780 894 116 84
610 128 86 116
1578 322 96 92
296 2 110 88
270 570 82 108
1750 166 118 74
762 484 74 104
726 252 124 78
900 166 96 88
1232 44 92 100
302 158 92 104
1436 444 96 80
1164 494 72 104
752 636 74 102
1348 120 120 68
820 370 78 104
12 112 104 76
868 18 68 68
448 906 108 86
1366 454 98 64
488 206 94 86
1332 326 106 72
620 728 88 92
192 424 106 66
1430 902 78 112
1644 304 96 98
1368 704 94 78
1050 20 104 78
400 72 58 92
256 918 80 110
1118 852 94 78
800 194 70 90
388 6 100 86
170 824 158 74
978 836 118 70
1426 692 120 96
226 256 102 80
44 308 108 82
464 120 102 38
608 792 68 106
816 492 76 110
1068 974 92 86
866 498 108 84
16 0 90 50
664 444 108 78
1236 946 124 86
944 420 112 70
1578 950 106 78
1440 826 86 86
150 152 118 76
1572 168 102 78
0 544 122 78
1502 60 98 68
1216 710 132 74
0 896 60 110
1422 584 122 84
1304 726 98 84
1438 162 78 108
1490 130 72 118
1750 60 116 44
1712 516 116 90
1740 818 88 86
28 602 152 94
1296 926 98 70
400 740 104 72
1684 880 102 92
1536 106 94 76
172 0 92 94
1162 408 72 72
84 456 128 96
860 974 110 82
0 216 58 78
596 944 88 86
578 16 82 110
1628 616 116 78
368 672 116 80
1724 332 122 80
108 0 68 50
