992 312 64 86
644 728 92 58
980 430 84 48
1078 118 58 68
1380 134 66 66
1098 178 68 68
358 324 88 74
1478 270 80 58
1246 372 80 54
778 214 74 72
638 778 76 98
818 686 70 76
628 230 86 62
984 488 76 48
978 734 80 76
1424 656 70 76
1340 396 68 66
1580 672 100 48
1022 222 84 50
876 632 52 72
1006 176 86 46
888 408 66 70
824 288 80 66
1052 598 66 80
1094 908 62 54
956 868 82 66
1168 206 50 84
1700 222 74 86
1224 196 74 62
1302 606 64 70
1466 72 64 86
146 322 80 80
744 638 58 68
1296 488 88 68
370 844 106 84
1482 548 94 74
472 312 86 60
1082 310 78 56
372 758 100 58
844 162 66 80
1150 324 56 84
376 702 74 52
1702 144 80 60
1106 246 62 54
1476 210 48 52
940 620 96 50
1076 694 62 74
334 506 66 82
1286 58 88 66
1140 502 72 56
872 548 70 66
438 720 116 64
1294 778 88 62
64 954 92 66
944 956 88 64
244 884 92 76
1240 440 84 48
248 616 68 72
466 900 102 66
322 80 120 68
606 334 114 52
822 616 56 68
1250 156 76 48
686 376 60 68
766 536 60 100
1640 464 68 88
1234 652 88 52
732 294 60 68
120 734 122 62
342 662 72 52
1684 694 98 44
788 292 50 82
842 410 62 78
612 138 100 68
1434 474 78 62
500 364 98 50
616 296 102 44
60 496 106 64
1226 736 60 74
1106 464 80 46
808 90 78 64
50 304 106 90
1554 888 78 60
1090 392 88 50
674 886 78 78
1032 936 74 64
1502 684 72 82
1602 120 68 88
166 570 90 52
852 922 80 84
1212 32 62 108
632 628 94 44
1426 24 72 50
686 502 80 66
394 530 64 58
1160 856 48 82
170 624 74 66
1362 626 70 56
634 580 74 48
1222 328 50 70
520 116 68 76
440 564 76 82
1724 612 74 72
440 466 74 50
256 780 86 74
88 84 150 58
934 576 68 50
52 196 102 84
1692 768 64 58
732 998 50 52
214 852 100 44
30 122 102 70
680 86 74 60
662 668 82 58
1390 414 90 46
84 550 106 60
1650 78 54 74
310 606 58 86
748 36 72 70
42 826 114 54
1666 392 74 58
672 448 80 46
404 6 110 46
118 666 80 38
1234 970 90 42
58 692 94 56
1722 442 84 52
182 450 68 40
1162 768 46 72
24 60 90 50
1580 798 94 46
1338 24 58 50
1216 868 54 72
1534 20 78 42
14 622 84 68
400 936 66 76
600 62 66 58
1092 430 84 44
110 186 84 78
28 872 98 66
640 962 68 64
554 920 56 80
0 298 52 84
332 450 62 44
1750 496 54 44
626 928 70 66
