982 230 40 36
826 300 44 32
948 442 46 30
886 210 44 36
1048 454 38 36
218 680 40 36
1014 146 36 42
892 340 46 32
946 98 38 36
1006 574 40 38
990 294 44 32
1092 386 58 30
180 362 42 30
1064 166 50 28
1046 368 44 34
1024 588 42 36
1094 632 48 32
1018 310 46 30
1120 274 42 30
942 146 36 44
1056 484 42 32
1038 318 50 28
922 262 52 34
1172 690 40 34
894 712 34 38
972 322 44 32
1184 498 36 36
1094 72 44 32
786 106 34 38
246 400 38 32
936 298 42 38
1096 652 44 36
306 540 44 34
210 218 44 30
126 764 46 28
1080 324 50 28
80 394 48 26
602 252 38 40
1190 730 46 32
210 246 36 38
258 704 40 34
1188 422 40 34
1096 800 44 32
1046 732 46 28
1040 392 40 36
800 122 30 26
462 430 36 34
1052 662 46 34
1204 286 30 44
136 480 42 32
1056 594 42 34
516 356 38 32
1668 414 46 28
1266 980 38 32
900 358 44 30
1232 784 38 36
1056 646 46 32
1088 896 42 34
188 156 42 32
916 328 50 28
438 122 50 20
996 126 40 36
1058 770 42 32
1714 144 42 34
1178 390 34 38
1166 944 32 36
1068 38 40 38
1066 784 46 30
284 890 40 30
1702 190 62 50
1080 924 48 30
644 176 32 38
594 122 34 32
952 120 46 22
1650 180 64 32
1668 358 54 26
58 258 40 28
596 312 44 28
1260 32 38 30
248 554 44 28
1050 60 56 20
1084 104 44 34
1694 320 58 38
1082 736 48 32
190 732 40 32
162 62 42 32
1072 628 42 34
1800 384 78 30
980 120 50 22
1188 758 46 30
610 378 44 28
1098 192 46 30
452 772 46 28
34 378 46 30
134 286 68 34
1022 120 56 20
