1560 392 56 54
1442 434 66 42
888 158 64 38
1400 32 66 60
310 66 58 52
310 202 54 40
708 362 50 52
1368 588 58 36
1288 266 60 38
158 850 68 44
1340 880 62 38
1648 710 68 52
104 260 110 42
1320 608 54 42
178 114 50 50
1696 318 82 38
294 688 52 46
828 588 62 36
400 272 56 38
1502 372 44 50
402 50 54 58
1346 800 70 32
648 150 64 42
452 854 44 60
1044 474 62 42
1100 654 34 46
1604 112 58 40
1344 438 50 40
1196 136 56 38
936 670 46 46
136 136 62 62
1252 784 58 40
1690 370 80 56
896 922 66 36
896 756 52 50
876 490 50 46
858 766 30 46
756 74 42 60
1172 678 36 36
338 774 36 40
276 306 52 40
488 952 50 44
812 682 58 36
1000 442 28 48
908 522 50 50
1300 428 46 52
400 796 76 40
802 730 40 38
230 818 46 48
860 386 28 52
104 478 80 36
1326 32 48 50
742 954 52 44
808 456 40 54
80 518 74 44
748 648 56 42
1638 944 86 46
1092 888 36 42
1240 478 60 40
1082 274 38 34
1114 530 40 60
892 604 52 38
1126 282 32 46
906 396 52 44
404 832 66 44
932 724 36 38
1020 220 36 44
318 152 50 44
746 122 52 18
372 144 40 48
304 942 56 36
592 170 72 46
1780 868 74 40
590 926 68 54
966 934 42 54
1084 766 42 32
1224 682 36 44
1110 304 40 42
390 744 38 40
712 904 42 52
786 830 46 42
1102 802 42 34
670 560 34 42
1652 830 54 44
1182 308 46 28
1078 122 44 26
584 280 80 40
1188 756 44 32
654 904 52 44
1108 346 32 44
390 318 54 46
1164 62 38 24
1088 312 38 38
366 694 32 44
80 866 72 46
1184 386 60 66
702 610 46 46
1122 62 44 34
610 0 52 64
408 2 62 56
1234 748 30 42
402 706 40 34
592 356 74 44
446 942 36 38
358 324 48 48
666 632 34 42
1060 224 46 36
1660 366 74 40
340 820 50 28
1028 968 52 46
1144 380 36 36
1292 506 38 34
1096 784 36 34
1112 400 40 36
1188 196 32 44
1138 100 38 36
822 850 56 62
1798 412 78 42
588 58 46 50
140 614 54 40
1328 486 64 42
574 126 34 32
1146 338 36 40
1240 0 68 50
