776 340 54 42
856 104 52 52
1472 122 60 38
830 250 64 38
830 738 72 34
1032 362 44 56
1212 164 64 42
860 222 64 40
1040 700 52 42
992 546 52 40
904 422 46 44
1096 386 34 42
148 676 52 42
1102 498 44 32
1060 810 56 40
154 718 56 42
812 670 58 40
772 578 38 36
896 380 36 38
912 530 42 48
436 676 64 36
1208 560 30 48
1232 730 34 46
916 590 38 42
268 570 52 40
246 512 72 40
1112 274 52 36
1024 506 60 32
1210 638 44 48
1260 60 52 62
648 676 64 34
1240 388 48 48
1116 80 54 46
1328 288 44 50
1186 370 34 36
1228 536 48 32
1300 370 48 30
1094 194 30 44
1692 474 64 46
1314 418 36 36
754 630 40 38
1346 442 44 32
798 738 40 34
1206 358 36 38
1654 844 54 54
1416 350 44 30
746 964 72 52
694 730 50 40
1174 392 36 36
1360 358 44 32
392 120 66 32
742 764 34 42
786 776 34 46
1470 396 40 48
1412 380 46 30
1358 378 40 36
1284 720 52 38
1394 438 48 30
1068 34 44 34
1206 476 36 36
416 718 74 52
722 1014 72 42
1358 336 40 34
1400 310 38 38
1268 720 30 50
690 608 40 38
1352 392 34 38
1114 428 42 32
20 164 80 56
1354 314 36 36
1168 782 38 36
