1506 676 92 62
1078 372 74 80
996 486 70 80
946 572 94 64
1064 680 100 56
860 802 70 86
814 514 96 68
670 310 78 68
1106 494 56 94
980 318 104 54
946 264 100 66
972 368 86 88
844 660 78 80
456 244 124 62
1080 196 100 82
730 322 68 92
704 162 94 60
186 304 102 84
1016 792 68 90
464 780 108 62
746 420 86 50
1068 126 110 74
776 270 80 76
774 572 68 98
1082 732 92 70
640 716 98 66
768 832 80 82
1230 644 90 54
926 898 80 84
478 296 116 62
766 74 88 74
1400 720 68 98
626 194 78 72
1224 746 102 62
824 604 94 62
942 730 96 56
1348 360 98 60
1246 350 80 90
1328 652 106 58
916 760 58 76
1378 898 76 82
1562 874 102 62
396 172 96 82
722 218 96 66
478 590 124 60
400 552 88 68
268 914 92 68
644 806 68 100
1304 814 80 84
424 346 82 88
664 522 94 46
1346 422 66 76
840 418 90 66
1348 518 76 102
424 850 102 82
858 178 106 72
670 84 88 66
1428 372 90 62
258 844 116 60
864 452 108 58
1306 712 80 74
652 248 92 52
662 472 84 54
972 986 84 70
1392 984 80 76
424 648 100 78
1478 842 100 64
864 68 92 76
1240 588 74 58
1496 76 102 74
110 708 146 64
402 728 98 60
676 770 100 72
948 68 82 88
1260 250 118 64
1380 812 88 64
778 936 68 86
1488 16 70 60
1716 430 110 72
84 524 130 56
192 112 80 106
182 762 92 74
840 926 86 74
1506 464 78 86
336 214 94 100
260 548 90 88
292 784 90 62
738 908 56 92
1642 174 84 92
354 860 82 72
1652 366 170 74
342 326 106 78
242 272 136 80
1364 230 80 70
1240 916 80 68
270 434 100 90
1418 454 104 70
1604 594 104 76
1146 850 64 84
1230 440 76 92
1316 940 78 76
1602 272 102 70
100 314 108 78
668 896 80 74
1358 130 62 98
412 446 118 60
1494 562 112 60
504 96 82 74
1236 22 80 72
1556 776 90 78
650 598 74 106
1652 884 98 86
22 0 88 96
188 646 122 78
210 76 132 68
30 114 100 80
318 140 90 98
1160 510 60 66
1318 84 76 90
1584 364 102 74
1706 174 74 108
370 774 84 84
1580 166 74 104
198 4 84 102
1250 106 84 64
420 52 106 84
1008 914 94 86
646 414 76 50
1250 976 74 52
28 586 138 66
1628 498 136 80
532 840 72 58
1706 704 92 78
506 520 104 60
1748 118 88 92
1668 288 134 78
448 924 102 52
524 892 70 64
1118 890 80 66
24 488 94 96
1582 96 120 70
62 948 98 78
458 986 96 66
474 392 80 54
1300 60 98 44
80 758 114 88
622 78 60 86
1702 620 110 86
1492 204 96 64
642 16 102 76
1440 264 92 54
1612 724 92 82
1654 950 116 48
1686 16 102 48
1084 904 82 78
1404 124 76 76
1434 218 72 52
522 614 82 76
82 52 128 78
1182 60 56 66
1168 762 56 86
1686 750 86 82
1212 864 46 90
1662 74 100 56
0 326 138 66
672 990 86 68
1676 568 118 80
1740 28 88 70
536 356 66 76
110 878 134 76
1556 496 72 84
548 166 54 70
1204 306 54 112
18 766 90 94
1112 64 86 66
966 120 58 38
