1552 210 64 54
36 530 80 34
1652 390 88 46
1404 68 66 56
236 132 56 64
428 130 64 50
302 236 62 44
922 352 46 58
1016 622 56 50
632 806 52 60
116 360 78 38
458 60 74 40
1572 296 80 38
152 850 66 56
896 874 44 58
1276 272 50 60
1244 420 76 40
194 520 70 36
668 692 58 40
622 156 48 62
266 564 56 36
120 996 86 48
916 208 48 70
846 816 44 54
1062 254 52 58
912 474 46 44
786 450 44 62
966 514 64 32
1106 278 50 54
1260 588 60 48
840 684 56 48
114 448 80 34
456 340 82 40
1432 226 52 56
442 190 62 52
914 624 66 36
608 890 58 66
124 698 64 52
1536 826 64 42
1346 232 62 50
1490 216 50 66
682 200 40 62
162 598 70 36
1350 438 48 54
896 570 50 52
1102 378 52 48
1206 200 60 36
850 534 62 42
910 990 50 58
378 550 68 34
1646 566 82 40
1014 914 60 40
262 898 56 54
224 942 50 42
1318 206 62 46
744 530 46 48
1102 644 42 60
588 26 80 64
1010 380 60 40
370 486 52 46
588 94 42 68
1558 486 70 32
466 386 56 50
842 630 46 48
1536 556 46 58
1514 498 48 52
1576 544 52 60
1594 118 70 46
1204 134 48 50
48 860 56 44
746 228 54 48
1598 670 62 34
1620 26 60 68
1192 346 48 56
1038 722 66 34
986 78 48 60
42 446 74 46
826 238 42 56
946 54 54 46
914 946 64 44
84 254 80 40
354 78 60 58
848 332 54 44
778 608 56 40
688 422 60 36
1420 446 42 52
1260 130 60 46
482 958 62 40
18 152 86 68
1612 762 68 38
592 366 62 34
182 694 50 56
876 284 44 52
1190 236 42 60
812 574 48 42
1602 880 58 38
1676 282 64 44
400 688 64 42
440 816 70 40
1052 780 50 40
632 630 48 42
596 600 64 38
1490 966 60 40
432 730 38 36
1124 536 36 58
698 326 58 44
1664 788 58 48
474 750 48 52
1586 718 50 44
1072 820 44 60
1164 788 42 60
656 356 52 40
1320 128 54 56
400 74 20 48
1806 470 70 56
1070 922 52 46
1018 0 46 48
392 728 34 42
444 480 44 44
1156 124 40 26
510 386 54 42
22 366 76 42
1568 784 56 40
206 746 36 40
414 860 60 38
626 106 50 54
600 504 46 56
622 538 34 42
1018 46 58 42
1726 366 56 52
646 414 38 34
1098 434 48 40
1716 470 56 46
660 316 52 42
46 708 72 46
1714 240 50 48
