174 94 72 68
304 982 70 62
1452 122 62 62
1050 302 54 52
1590 22 76 78
396 22 52 70
1266 204 62 46
1286 268 48 60
292 146 64 52
938 510 56 40
400 266 44 60
294 920 82 38
944 244 60 54
1350 180 74 42
200 260 54 48
120 692 74 40
220 66 72 78
1268 552 48 54
1300 96 56 52
358 138 52 62
860 248 58 38
850 314 64 42
648 276 68 48
200 794 78 34
910 388 54 44
646 94 56 52
1260 470 58 58
388 220 52 44
830 98 52 58
350 240 50 60
976 618 72 32
1202 218 66 42
952 74 58 46
156 326 74 36
222 582 56 40
1784 688 80 46
780 526 56 46
924 454 62 36
1438 18 68 48
454 136 76 42
952 302 58 36
112 890 68 40
1658 260 66 46
812 424 42 56
1512 664 80 36
74 256 74 46
1004 448 44 66
282 306 58 46
1190 582 56 50
1094 530 50 52
202 888 72 32
746 558 42 58
1184 406 48 54
200 368 56 46
196 926 74 32
1040 452 64 32
378 742 46 54
446 46 54 66
404 60 40 26
714 642 50 58
152 954 64 40
938 918 44 44
434 588 54 42
116 760 74 32
1632 410 66 42
844 842 78 36
1512 394 70 42
112 60 56 50
774 862 46 30
1090 666 50 54
1060 226 82 48
284 230 66 34
708 686 58 40
756 116 38 40
704 384 58 62
22 156 84 70
156 540 88 30
778 740 38 40
1522 358 70 42
968 392 50 46
1216 144 54 58
800 782 22 48
508 182 54 48
26 248 66 56
58 976 70 44
262 374 56 40
600 820 56 52
1134 98 40 58
914 320 44 48
792 572 56 42
0 522 74 44
720 418 36 36
982 550 56 44
778 666 36 40
1090 800 58 78
1038 610 62 34
1520 752 56 32
1240 0 40 32
878 808 44 30
1676 664 76 56
850 436 58 50
42 452 76 38
818 734 40 32
354 334 56 42
278 60 56 40
116 584 68 36
946 848 62 34
94 616 52 40
1072 396 44 60
1182 500 48 58
940 350 50 48
224 854 76 38
1198 460 68 36
1034 228 64 62
654 434 66 44
1504 312 54 42
126 738 68 34
800 672 62 42
1026 68 48 58
416 118 48 40
468 1006 64 48
1202 96 30 48
1122 2 36 38
1076 60 52 48
1190 120 36 32
1796 582 64 44
78 526 64 42
