800 706 82 88
1058 566 102 64
932 582 66 78
876 670 78 88
836 256 78 98
472 642 94 74
864 516 88 96
814 602 72 94
828 360 88 86
1010 612 80 74
466 120 98 54
698 374 92 64
1286 488 106 52
1110 806 84 88
1066 138 82 90
1328 728 92 62
980 758 96 60
992 448 100 62
910 262 66 118
872 152 84 70
1226 340 72 88
878 756 72 100
1318 150 84 74
1222 866 82 80
1574 774 118 80
712 558 90 74
718 844 122 76
1374 522 100 78
960 274 96 84
964 368 74 72
1510 118 100 84
1232 734 96 66
614 72 86 96
750 450 106 58
818 20 118 62
1452 594 128 58
1240 264 68 92
1114 218 80 104
1714 288 106 56
1006 504 74 84
872 892 86 84
348 692 122 66
428 784 88 92
1224 486 70 104
668 634 104 60
1304 290 78 86
944 654 74 94
1328 874 84 82
1594 130 92 82
732 152 106 70
1378 796 80 64
636 326 80 124
1550 670 106 60
1288 540 98 62
382 224 120 78
736 684 86 78
1222 584 64 86
1064 352 92 98
1444 506 110 62
418 608 78 90
1494 230 98 82
984 402 106 56
1424 764 100 58
988 100 90 90
628 542 110 92
1020 820 96 82
1086 690 58 98
320 254 112 80
490 720 112 68
304 174 112 68
1242 156 86 72
1522 698 80 86
636 852 94 80
1140 310 74 104
1350 602 68 108
1058 892 106 68
1364 376 84 80
1028 672 78 80
626 926 100 70
1418 208 100 64
84 172 100 94
634 686 72 90
188 308 102 80
338 326 114 64
1562 308 76 78
1634 302 94 70
12 184 98 110
1096 602 72 92
1246 86 88 74
1506 932 86 64
1356 322 106 62
1510 368 80 90
632 764 98 92
1286 620 72 94
1018 60 96 72
1704 340 130 64
826 82 96 78
16 110 100 78
220 724 98 72
390 478 106 76
1236 934 100 46
328 768 114 96
46 960 102 70
1450 264 70 106
1714 752 86 62
808 928 80 88
1408 926 84 94
1308 370 68 88
1504 60 104 60
1592 64 110 60
1232 412 120 62
1680 240 98 60
1244 662 66 80
188 250 134 76
224 892 104 70
452 856 90 92
1644 700 148 60
1638 840 88 88
688 680 70 70
1398 620 82 86
282 844 102 76
1050 962 114 82
1566 612 116 68
1386 856 90 62
1458 876 88 72
1092 58 102 64
340 42 60 100
280 652 84 102
1404 60 82 88
106 112 124 76
1722 592 100 58
372 832 90 92
514 376 84 90
1642 174 80 78
1364 18 72 72
712 20 78 80
158 972 130 72
522 782 78 70
1324 70 92 96
676 100 80 90
184 822 120 84
770 508 82 108
218 144 106 88
170 678 86 100
194 472 136 62
622 172 106 84
1494 306 90 80
176 60 84 50
1452 96 86 94
510 194 82 66
400 0 80 68
1534 20 102 48
1564 510 98 86
1390 698 134 50
664 984 82 76
1460 432 94 76
966 872 98 80
96 622 110 80
86 756 124 66
92 500 104 78
1170 512 48 88
1228 44 52 80
1138 26 76 48
1634 18 114 74
1658 458 116 58
192 624 128 86
250 368 114 62
788 60 60 70
484 980 86 80
344 616 104 84
1296 946 64 90
1712 120 102 50
324 570 116 70
508 522 96 60
0 526 58 90
622 16 102 44
320 902 102 66
14 282 100 102
726 88 98 68
30 682 108 74
112 904 136 80
286 556 84 94
1674 522 106 78
1162 136 64 72
520 844 76 76
124 0 86 66
1752 804 60 74
524 464 74 54
82 796 64 92
756 970 82 62
1708 892 100 62
400 374 42 66
524 308 68 78
1746 654 72 68
