1064 556 74 58
806 812 92 64
926 772 88 60
864 150 74 84
1070 808 76 70
1230 194 64 72
738 826 74 84
988 246 66 88
832 50 90 70
120 828 82 62
1168 324 48 84
1716 112 80 74
676 702 84 62
1120 502 90 46
864 646 64 82
880 326 78 58
978 396 68 66
830 384 98 54
1404 788 78 76
1138 864 66 84
1242 330 52 84
924 902 66 84
946 714 94 60
176 118 96 78
962 544 58 80
1050 316 74 66
638 302 94 64
224 692 104 56
894 470 80 56
1314 280 64 90
452 618 94 46
744 228 78 78
1558 670 74 58
610 686 72 56
650 592 72 76
694 768 62 74
1102 380 58 56
812 636 60 86
702 120 78 88
1332 688 72 58
1642 134 88 64
294 542 88 58
116 758 76 70
1674 194 104 62
1076 150 92 50
148 470 112 50
1280 506 68 100
372 886 100 60
1150 598 62 78
1080 670 82 40
1408 336 86 62
244 930 100 66
1144 32 56 96
418 518 70 80
312 144 134 62
1266 670 70 84
470 244 74 86
1480 244 92 62
706 66 94 58
1340 516 86 56
966 616 78 52
636 958 108 50
1070 54 62 80
934 360 60 74
360 622 94 58
1430 108 86 56
910 264 70 72
764 424 72 52
210 296 108 76
1476 310 84 56
1062 210 56 78
770 498 80 80
238 56 96 68
486 666 62 80
1608 604 90 54
462 910 128 56
632 752 68 64
1242 408 82 46
114 516 82 66
258 168 82 104
56 866 84 82
1108 724 64 86
904 576 64 80
470 772 82 70
472 198 78 46
1288 80 92 48
440 90 98 58
1686 504 108 46
1132 330 48 80
1526 952 80 60
636 160 76 94
1238 462 56 70
1630 28 78 72
1422 548 64 68
1242 974 90 52
1348 606 62 52
1650 650 88 58
416 318 92 92
536 664 56 90
1384 642 60 60
400 734 72 60
74 960 78 62
1588 112 68 88
1104 640 84 42
46 570 100 48
142 664 102 66
1548 354 88 58
1224 522 52 52
268 650 96 46
364 696 68 60
1224 892 66 64
762 606 70 62
1372 292 90 46
600 180 54 70
222 602 98 50
474 520 94 68
648 228 100 56
1452 498 66 74
454 150 78 48
44 122 88 62
1474 428 78 46
644 518 72 68
232 1002 86 58
288 816 88 82
1408 60 74 56
1702 328 118 78
1110 200 58 68
1516 18 86 40
1628 684 56 76
132 880 72 90
186 520 88 90
374 800 58 66
1070 712 60 62
1454 170 120 58
1590 894 80 50
1692 970 76 84
124 302 104 64
26 60 106 36
1480 976 60 64
16 818 92 58
334 676 72 54
1610 930 72 60
1294 26 92 36
1218 844 54 58
1606 1014 64 42
1726 658 60 54
612 14 116 82
698 420 82 50
1260 32 60 56
136 0 118 76
60 694 98 52
1680 540 58 72
1704 722 92 52
14 490 96 66
542 768 50 72
58 416 88 52
1660 766 120 46
1652 818 128 84
1178 222 40 70
82 608 70 78
1690 20 94 88
58 276 82 42
1514 488 82 48
118 628 80 72
1378 26 58 38
252 424 70 40
638 460 72 38
1138 940 50 74
762 10 74 50
