994 470 68 96
444 786 120 64
916 560 110 58
1050 556 80 90
1064 464 92 80
856 468 136 56
446 652 104 82
800 196 102 82
964 906 94 86
1382 638 104 62
1534 810 106 66
1050 640 68 110
1072 724 110 62
1632 218 78 80
850 796 108 56
1082 168 92 96
1218 384 142 58
716 254 78 92
1062 292 72 100
1356 376 106 58
848 120 88 68
498 144 98 76
1334 184 86 90
1124 756 70 86
618 84 78 84
766 292 84 108
876 632 138 70
608 866 112 68
1542 14 86 102
616 502 136 62
606 320 148 66
628 750 92 94
1230 684 106 50
1520 180 92 98
674 562 114 80
420 598 110 74
730 702 120 74
1220 604 82 92
414 178 110 78
1104 610 88 84
1364 22 88 82
1142 44 80 72
1104 328 94 82
866 732 102 74
82 252 126 62
1150 220 68 108
1060 384 90 86
1712 456 120 62
1652 536 94 76
238 958 112 78
1412 40 86 106
1672 146 100 86
876 912 98 102
1602 590 106 88
836 18 118 68
632 382 138 68
122 656 116 62
948 184 110 78
300 252 76 98
1062 912 78 96
1206 300 64 106
316 174 104 84
192 872 116 80
380 50 130 82
1718 200 90 106
186 702 98 64
1574 108 106 80
370 270 76 110
122 956 144 70
2 782 96 90
42 682 92 72
1454 158 86 90
1112 846 70 114
800 398 130 80
190 292 114 80
602 460 94 76
46 856 112 94
272 112 136 74
16 114 108 70
344 802 96 90
1576 914 104 72
160 452 124 72
1570 380 90 98
1000 76 76 92
1476 868 84 72
452 452 76 110
1650 860 80 80
1260 150 68 96
1384 440 94 70
856 60 90 34
400 362 70 80
632 936 82 112
1764 78 90 66
716 12 76 104
1048 96 92 70
1246 862 86 90
1662 808 128 92
1658 64 102 80
662 64 112 84
466 932 96 86
146 132 134 86
36 0 140 58
262 700 94 68
292 430 116 80
44 952 106 80
1230 190 72 92
1650 716 146 72
1630 300 200 72
332 882 100 84
76 564 116 86
412 336 120 72
1286 336 78 74
462 378 102 80
1188 500 88 70
1744 614 84 96
1786 16 68 74
602 18 76 84
1726 942 78 70
540 684 66 78
492 14 86 96
1154 408 84 62
8 188 88 108
1162 136 60 68
72 492 124 84
56 40 134 96
410 958 92 76
400 584 50 96
1736 556 92 70
1738 784 76 92
176 376 100 86
