1068 450 116 68
1050 302 122 60
1050 670 110 72
940 358 110 76
1604 538 88 80
1064 360 116 78
1230 434 130 64
656 756 90 80
1114 490 84 104
466 796 98 104
920 570 78 116
1490 582 124 68
952 488 104 64
1024 184 88 88
80 194 104 100
1100 172 90 108
942 690 90 86
940 548 116 62
1102 872 88 88
258 920 70 108
442 894 102 68
328 784 96 104
748 120 102 80
166 146 68 118
898 246 102 86
886 750 94 98
1102 604 102 78
1436 24 118 82
834 588 80 106
1226 22 74 120
612 230 130 78
790 844 106 96
946 148 88 100
388 470 146 58
942 10 80 106
800 20 64 78
384 706 106 82
1118 746 74 106
70 756 172 70
970 856 102 90
1390 510 136 72
222 180 84 104
1054 132 114 68
1226 620 100 86
612 12 100 92
826 114 114 82
430 294 74 88
1660 76 106 76
908 814 114 84
1644 616 108 70
840 176 104 98
458 102 118 70
442 598 140 72
2 256 132 76
702 376 98 78
1230 472 70 116
846 932 102 94
168 314 152 84
842 514 100 84
770 506 92 102
466 60 102 52
1494 150 118 86
1682 304 114 90
788 384 112 82
1320 710 116 88
702 502 86 94
768 608 78 114
1356 74 82 102
758 310 100 100
726 230 98 96
1476 272 128 64
1692 224 130 74
1344 390 96 100
482 508 88 102
630 818 82 92
610 676 118 84
478 694 104 80
1068 60 102 84
1390 222 124 82
1646 12 108 68
486 248 100 84
1702 104 142 98
330 658 98 98
110 690 158 76
1412 126 84 94
716 630 86 100
1212 746 58 106
1540 384 120 82
1446 318 106 84
404 924 64 122
1230 704 94 80
0 322 134 70
906 442 74 108
0 516 114 72
640 322 76 104
326 900 82 130
1170 200 48 120
84 874 114 82
94 512 118 56
622 540 86 104
1246 170 104 68
198 0 84 58
268 644 68 128
1142 60 78 52
1052 922 106 90
118 568 94 92
1228 888 102 80
214 512 96 92
634 110 114 82
1622 732 72 106
1768 290 82 92
306 482 86 98
800 100 44 78
38 414 84 58
0 616 72 76
106 44 118 92
138 628 146 76
400 552 86 66
186 434 126 72
1740 6 122 74
882 394 66 124
1718 664 112 64
40 688 102 70
290 174 140 70
1646 406 108 78
282 248 108 96
12 112 112 80
608 260 72 110
1210 306 50 116
1704 720 102 74
130 930 124 74
300 80 106 104
1274 82 96 104
598 66 74 82
600 346 52 96
1432 868 100 58
712 450 100 78
1718 418 86 100
1186 564 50 108
400 108 88 76
434 182 122 82
46 960 100 80
1414 454 136 64
400 238 78 90
1630 912 134 64
