416 340 96 100
760 828 72 126
1550 508 88 86
410 256 110 86
212 604 114 86
754 650 86 102
1008 470 136 66
1606 482 158 62
1236 420 112 66
1246 66 82 88
92 136 126 86
1362 526 102 76
1656 116 70 118
638 186 74 110
778 376 108 80
628 768 116 90
1384 886 88 100
400 548 128 72
708 164 64 110
1234 764 70 116
1720 196 124 88
988 412 78 98
1232 682 108 76
730 290 126 74
248 736 94 94
596 610 158 68
406 908 106 84
1110 166 70 124
836 604 62 114
826 704 82 94
944 596 108 86
1072 600 90 90
1056 26 76 108
1110 756 76 114
1066 676 80 108
1716 60 108 62
956 144 78 96
1614 542 128 62
1578 238 72 114
318 634 96 92
634 374 106 86
180 506 96 88
838 420 102 86
882 330 86 94
906 768 82 108
1480 528 78 106
1456 462 104 78
752 130 106 84
876 136 84 116
116 918 134 82
1218 14 54 104
590 260 80 98
340 280 74 110
1424 148 120 90
346 694 112 104
980 758 70 116
948 510 124 94
180 246 102 86
118 708 104 96
636 478 124 76
860 18 90 86
788 494 78 106
482 650 96 64
1542 854 84 100
636 894 92 120
1354 18 108 90
1294 518 72 116
626 60 110 68
1322 388 92 100
1312 174 86 98
1044 400 92 78
1168 190 52 134
1222 300 64 118
878 240 88 100
486 850 94 98
1660 274 166 70
1056 524 116 80
178 828 118 90
1320 296 114 76
834 786 80 102
604 854 94 98
426 764 134 82
710 60 104 88
964 238 80 100
924 82 102 78
878 694 112 90
1736 104 90 98
1142 572 70 126
1452 902 112 88
1212 878 104 90
1382 456 114 74
1048 144 98 80
1302 874 84 104
12 862 84 114
466 972 94 88
1234 192 58 122
506 14 76 106
1552 950 114 78
1486 268 86 96
1042 776 88 104
64 296 116 96
454 106 82 108
254 0 120 84
1424 614 118 76
72 624 180 92
1018 214 70 118
1348 122 110 80
1424 308 90 94
892 860 112 84
276 508 100 96
828 182 68 118
1050 896 110 86
1214 474 84 90
726 576 122 82
1718 832 98 88
1402 374 96 94
1564 344 102 82
1596 28 110 96
806 88 118 78
1666 676 146 76
1640 908 150 84
1708 532 126 78
1416 120 104 40
742 432 124 72
800 220 64 88
586 136 66 94
1516 16 108 80
326 876 102 112
592 550 86 72
1730 598 108 64
740 760 140 74
1140 496 72 104
1328 970 76 88
604 740 76 108
178 422 114 90
1142 60 72 72
664 972 118 84
1406 62 134 78
1750 320 112 80
390 176 114 84
212 108 108 88
76 484 118 92
0 14 80 78
362 836 124 82
492 222 92 90
1016 854 106 76
1004 332 74 84
1108 328 74 114
46 178 108 118
8 574 116 82
218 174 150 70
1618 804 98 90
504 706 86 84
1232 604 108 78
414 8 104 66
1634 602 130 70
86 552 136 80
982 886 78 112
864 926 136 68
1060 300 72 102
72 60 146 84
590 350 66 90
1236 964 86 88
506 108 68 86
950 310 74 94
762 20 96 50
338 12 104 88
488 496 96 74
584 26 60 120
1634 746 152 82
40 962 102 74
