1050 368 122 56
776 232 108 68
940 772 74 98
1010 710 70 108
1532 356 70 66
1056 420 120 62
1060 680 108 52
1220 732 88 80
1048 506 86 94
876 656 120 76
1244 244 112 70
1042 286 110 96
1312 600 74 72
1004 142 76 96
494 190 96 80
1082 192 80 90
808 286 76 82
820 706 78 102
1374 566 76 92
666 304 104 84
1392 824 84 66
642 716 90 114
768 794 92 74
782 612 72 86
1376 752 100 72
834 94 78 102
724 572 72 92
656 420 102 60
1148 204 66 104
704 198 102 68
1450 208 108 70
1460 276 92 78
870 762 102 78
1072 722 102 86
990 544 90 102
1540 902 100 66
1248 634 62 86
1142 490 68 108
1238 76 108 58
18 112 106 72
1074 890 84 92
598 254 84 98
1082 620 88 70
844 402 118 64
1230 174 98 66
1210 788 86 80
928 874 92 80
1702 442 124 60
766 858 92 66
328 126 102 76
974 60 70 106
728 268 94 96
758 384 110 72
772 102 76 98
1124 592 90 72
664 622 110 72
122 728 142 72
860 20 88 60
756 16 86 74
1288 846 120 72
708 144 108 62
600 16 148 70
1394 886 76 78
702 492 110 58
1592 220 98 80
804 556 78 82
400 450 80 84
1592 410 100 56
598 668 100 72
1698 762 80 66
1218 578 54 104
1632 684 94 68
46 856 128 72
1166 310 54 98
1230 340 98 76
1302 392 92 60
816 500 100 70
936 950 70 90
48 956 94 74
904 230 76 126
460 238 102 84
76 758 82 104
106 324 92 76
650 858 64 92
1380 362 78 98
1526 564 78 76
1654 950 136 80
1346 92 88 86
292 854 84 98
856 894 104 78
1654 834 80 106
770 516 54 88
748 454 94 44
1492 462 92 74
508 640 88 70
1540 818 84 92
1002 906 70 92
152 302 108 78
1374 180 74 110
416 782 100 98
1226 910 88 70
14 0 106 98
272 718 110 78
1284 548 88 62
126 480 112 82
454 370 114 88
1298 948 76 86
260 796 112 76
1596 566 78 104
402 712 114 60
1228 24 64 64
1444 128 100 86
1376 502 92 68
344 296 112 68
924 128 72 90
1660 588 78 92
514 12 68 102
408 946 116 74
432 10 98 104
616 140 86 104
1452 984 106 66
1718 380 116 60
88 416 158 68
1544 266 78 96
1646 374 80 68
618 950 108 74
354 834 118 52
1460 886 76 100
1574 716 80 72
1090 80 98 62
236 952 114 94
834 462 94 60
52 248 120 86
1518 698 88 72
34 566 130 78
114 630 110 96
690 858 90 100
400 508 94 86
1302 138 96 84
1102 22 96 48
1512 416 80 56
1594 130 88 66
150 120 92 48
1642 20 110 70
1044 952 80 70
616 612 66 66
1564 18 96 46
302 920 130 84
1546 102 106 74
352 232 108 82
614 460 78 106
1356 948 100 76
210 374 112 70
56 174 138 80
1456 806 104 64
1692 504 132 80
256 0 132 72
258 228 78 92
374 4 80 72
184 60 112 70
1706 684 76 70
96 912 140 76
380 332 130 80
294 356 88 80
1434 416 76 86
1228 446 68 86
104 126 120 84
610 42 80 108
1462 338 80 90
1380 684 122 82
380 874 120 76
532 762 60 104
1370 60 72 54
1240 134 106 46
1276 434 80 54
1770 120 82 70
1716 630 98 62
196 246 96 96
1238 970 86 60
260 536 106 62
400 124 34 82
460 668 76 84
370 766 98 78
0 188 86 90
912 58 66 86
0 312 134 78
1244 388 86 50
1662 262 150 60
804 364 94 64
1460 758 94 62
474 452 88 60
594 120 100 44
1648 152 98 80
292 646 86 82
1432 18 74 92
1436 570 66 76
1508 66 108 62
1330 464 84 68
1680 808 96 76
1750 314 96 64
1484 14 86 72
30 678 104 76
512 348 126 52
