276 796 80 110
1110 478 86 104
850 298 70 104
878 572 138 76
900 362 116 62
922 184 74 96
992 370 86 90
768 864 110 80
800 396 84 102
914 294 112 68
1280 508 110 80
724 412 92 78
28 594 166 58
1342 514 156 74
792 664 68 88
1068 168 90 72
150 866 104 88
986 176 98 82
1510 602 84 102
1054 720 132 68
610 132 88 112
1280 198 74 94
1430 240 104 74
1498 148 108 70
840 186 98 104
1528 730 114 68
1026 98 84 88
68 180 90 106
838 674 88 92
1306 812 66 118
1064 746 52 140
1584 74 110 70
1112 776 106 72
1218 326 82 84
1616 640 114 78
264 444 98 100
868 446 122 68
426 882 100 56
1508 840 104 64
1116 316 92 90
1544 450 128 74
352 192 120 68
1068 372 92 82
622 464 86 88
1666 714 132 60
1116 598 102 82
672 702 86 90
1456 884 138 66
204 672 80 102
1240 408 106 74
1082 236 108 78
318 688 94 86
608 294 128 72
214 58 116 80
1260 934 86 98
1430 732 88 84
1384 350 92 82
848 478 76 110
144 148 108 86
220 944 102 90
1252 638 70 100
234 212 152 64
830 910 114 80
1064 960 108 74
486 258 102 66
470 46 116 76
1350 224 108 76
1346 150 82 86
1670 38 98 82
1420 812 86 92
1074 18 92 52
1564 272 140 64
1330 386 86 92
1456 330 124 82
1086 628 96 90
730 628 74 100
486 676 108 68
1622 356 98 78
1538 18 128 68
292 48 122 86
1474 402 86 98
1472 80 134 74
1552 176 96 88
444 798 110 88
1000 264 122 76
628 546 78 106
686 532 88 98
1352 436 102 66
98 80 110 88
1294 316 112 82
800 742 70 98
660 228 104 84
1214 858 58 96
142 324 90 98
24 294 138 64
342 282 126 74
700 480 114 54
136 242 122 76
232 122 98 100
1228 454 84 110
506 308 80 98
1410 152 92 86
492 130 86 100
508 598 88 76
1706 318 100 86
408 114 90 96
1216 588 64 92
294 916 116 78
1230 194 62 112
1464 28 98 74
1644 402 164 64
1476 764 90 82
1612 190 88 84
1716 614 104 70
250 546 152 78
610 346 62 124
1080 68 114 74
998 664 90 94
726 170 90 124
616 638 70 104
1148 856 64 82
1322 66 90 84
1008 936 58 124
1226 26 64 84
1074 902 108 74
24 764 106 94
736 60 88 74
1644 462 150 70
672 654 76 64
1650 534 164 64
594 248 76 62
42 958 106 70
414 464 96 94
632 822 122 78
410 898 94 102
16 112 104 76
230 270 158 72
1414 24 100 66
164 0 144 80
82 430 168 70
1576 322 96 82
520 856 64 118
440 206 80 94
1718 670 90 60
648 906 74 106
1690 202 92 96
120 756 92 122
34 408 88 68
854 770 110 96
1304 644 88 92
430 320 98 74
1628 582 182 68
508 478 88 70
1606 830 156 76
648 16 90 48
278 350 100 80
400 362 38 78
42 690 92 60
30 24 152 72
1732 60 106 70
1728 890 86 66
404 2 108 56
1770 290 74 68
1686 766 110 82
