996 326 98 80
896 480 84 84
838 404 90 82
968 850 92 102
1072 502 88 108
978 266 78 94
1038 200 92 92
1284 482 94 86
830 700 96 72
890 598 112 72
1576 832 104 74
992 594 104 84
836 764 106 72
692 304 92 110
708 620 114 60
820 610 90 90
758 694 82 102
732 570 92 56
616 858 68 90
786 884 82 106
1430 490 92 82
750 496 74 84
1222 612 94 88
1140 484 70 100
806 506 80 86
746 188 94 92
1344 446 104 72
618 760 102 66
678 488 92 76
340 518 126 80
480 584 110 78
782 304 104 74
1226 298 98 82
408 840 114 92
1628 302 92 90
1650 604 94 100
40 500 110 74
748 396 92 78
1396 60 88 88
632 684 88 80
24 118 98 68
618 364 84 100
1460 138 76 100
524 696 70 102
902 92 98 98
1326 140 96 90
182 884 110 78
212 716 102 90
660 110 86 88
484 128 100 84
1448 598 104 64
894 712 108 74
234 552 94 96
1500 932 118 68
780 60 84 86
184 650 132 76
1500 264 136 76
1438 764 84 74
1236 168 80 118
984 396 128 80
146 590 108 86
50 958 100 76
130 764 106 86
1290 382 100 96
1686 714 138 78
1406 564 102 60
1632 504 86 100
674 840 88 106
608 16 86 78
1710 648 114 70
668 64 106 78
456 292 100 98
14 868 102 98
1696 840 122 74
414 172 106 86
454 644 82 106
172 228 158 60
400 806 62 76
82 0 124 54
500 930 112 84
1534 676 88 96
1428 316 140 78
38 220 156 62
278 154 78 116
496 488 106 82
342 308 84 102
114 42 90 94
160 484 122 82
314 460 110 84
1650 146 116 76
66 566 102 86
1006 954 112 88
380 652 88 94
180 816 122 72
1612 924 72 108
1758 240 82 78
1568 482 76 104
34 408 94 64
1724 314 96 88
1630 44 88 88
1216 60 88 90
1576 366 92 94
102 320 124 76
356 182 84 96
1256 928 122 74
338 92 84 100
304 646 88 98
606 584 52 96
424 68 94 96
104 836 96 84
546 804 64 108
1154 412 88 60
1354 762 100 78
1750 4 96 104
1222 22 60 46
400 722 54 70
40 694 100 62
56 280 76 92
1164 138 58 64
0 538 84 64
294 52 92 98
156 104 112 80
1426 842 88 84
310 816 84 82
628 926 84 92
1736 946 82 72
1154 940 58 82
0 168 42 74
400 2 74 58
1676 414 106 62
348 930 96 94
596 250 54 62
1740 474 90 74
