1066 354 44 34
974 666 42 38
920 182 52 28
868 670 44 36
1012 242 44 32
934 754 42 34
1378 464 38 34
778 284 34 44
816 630 44 34
1210 150 32 40
986 322 38 38
1084 664 48 32
1178 704 44 30
1068 902 42 34
884 270 40 40
976 788 42 36
870 326 40 38
944 288 44 32
1128 356 34 38
706 168 44 34
1108 228 38 36
1258 442 36 34
906 748 44 34
1260 786 46 30
958 214 44 34
910 466 36 38
1252 282 42 30
1038 124 38 38
872 552 36 46
1082 190 42 32
898 786 46 30
1062 110 40 40
1052 686 38 38
1040 444 44 30
1038 700 38 38
958 254 48 32
896 602 38 36
182 368 46 30
1276 918 36 38
288 180 48 28
1384 690 44 34
1638 752 78 40
880 766 42 34
1612 852 84 50
1020 802 46 36
400 370 26 42
1526 268 36 40
1222 176 30 48
1188 244 36 42
1168 778 34 38
838 66 42 38
1342 962 32 44
884 232 40 32
918 232 46 34
1506 460 42 34
866 374 38 40
312 90 34 44
464 828 46 34
1646 714 72 40
474 536 40 38
460 110 48 26
1288 564 52 28
1168 942 30 40
346 228 42 32
600 120 44 24
866 260 40 36
1846 588 42 34
822 270 52 32
712 220 46 30
266 252 44 32
912 368 46 36
1404 680 34 34
1024 914 40 34
838 320 36 36
1344 126 34 44
1094 166 52 26
1094 202 42 44
1024 840 38 42
1644 642 78 36
460 980 34 36
70 630 36 34
738 940 34 36
1808 582 38 34
1662 562 66 38
282 290 48 30
432 188 48 32
802 156 46 28
1632 332 48 34
404 494 40 36
1836 782 42 32
1694 130 60 38
1808 490 58 42
854 194 54 26
1274 0 50 24
352 414 36 40
360 190 44 32
798 234 46 32
1120 794 34 34
1358 76 36 42
362 88 44 30
1324 76 36 38
914 806 44 34
1136 182 42 36
938 812 42 36
234 130 36 38
42 376 54 40
792 218 44 34
482 320 60 30
874 358 40 36
1088 764 44 30
400 2 26 26
414 860 44 32
48 312 46 32
800 276 26 38
802 952 46 24
154 126 40 28
306 70 32 42
134 716 48 26
1094 704 42 32
446 42 52 40
904 318 42 32
822 798 46 32
1008 886 36 36
1654 548 66 32
126 676 58 24
372 0 42 30
370 152 38 32
1040 940 50 28
894 332 46 38
1692 480 40 34
1038 798 48 28
982 258 46 30
1100 420 46 28
1822 698 46 30
1182 178 36 44
400 180 20 40
1830 712 46 30
400 394 30 34
116 398 38 32
442 854 48 28
260 128 52 34
778 178 44 40
820 170 40 34
