1218 360 34 38
1064 176 38 40
948 162 42 30
1028 352 36 40
1026 496 38 38
1058 218 36 40
1256 258 38 36
904 600 32 44
1460 350 42 32
1490 332 40 34
810 154 38 34
1090 518 38 38
940 518 38 38
904 564 38 34
964 606 44 30
1196 234 38 34
998 660 36 38
1616 530 38 34
1194 174 46 34
946 190 36 38
702 290 40 34
1082 224 46 36
1174 290 44 30
846 652 44 32
590 274 40 34
1356 480 44 32
1778 870 92 42
1004 290 50 32
1476 868 38 32
594 180 36 34
1180 406 36 48
1576 236 40 34
1062 194 32 44
1416 796 40 36
1198 486 44 34
602 366 38 38
1188 128 38 38
1236 530 44 32
1202 616 40 32
1074 28 40 40
1100 688 38 32
1534 634 54 24
1092 60 46 32
1232 234 38 34
1060 866 44 32
1088 484 48 28
54 370 54 34
632 122 42 26
1668 124 44 32
1216 224 36 36
124 662 48 26
1130 362 38 34
1198 546 40 34
1668 358 62 34
1566 732 52 28
602 398 38 38
444 2 44 26
1056 96 42 38
1050 248 30 44
1688 180 62 40
1496 970 44 30
992 204 38 40
1528 330 48 36
1170 686 42 26
170 612 78 30
110 122 60 38
138 924 42 36
1654 636 54 24
1268 18 30 40
1618 12 46 56
108 370 66 52
1692 162 48 30
462 802 40 24
1070 894 40 36
1124 70 40 32
1534 318 48 24
1066 120 46 24
1646 42 50 50
1144 60 40 24
1092 172 50 30
