1256 114 84 92
860 876 90 100
1070 748 96 68
1374 772 68 122
940 866 86 98
1658 354 86 100
1072 484 104 70
984 800 104 78
832 584 76 112
1226 426 130 66
430 180 96 94
1364 60 104 62
1344 124 110 78
928 588 92 88
702 674 58 126
1298 794 74 106
822 748 90 94
612 650 86 102
996 606 98 88
1510 26 76 112
1220 344 96 90
1370 194 124 90
158 926 124 78
1032 692 112 66
1300 512 78 102
1566 14 124 66
1366 504 96 88
1316 648 130 68
1120 578 100 66
1138 286 76 100
934 248 80 106
1052 338 94 78
1148 482 64 100
836 352 80 108
1484 684 84 90
52 188 112 100
1462 292 106 80
14 764 98 112
1038 406 100 86
1286 204 94 108
1058 120 96 82
608 196 126 78
1074 630 102 80
996 262 110 86
618 744 100 84
702 572 108 92
986 160 86 104
768 780 86 104
974 362 110 76
838 82 104 82
206 182 142 90
496 362 94 80
796 244 96 92
1446 108 72 114
264 826 80 106
1234 224 76 106
400 722 70 78
444 112 106 78
882 154 90 96
492 850 106 72
92 160 120 80
110 700 152 60
438 674 116 72
892 488 62 118
734 180 116 68
1150 756 64 92
416 4 118 78
618 104 90 92
862 28 118 76
754 372 106 86
790 120 82 96
964 120 116 54
320 186 120 74
1242 674 90 90
250 708 90 94
1708 602 110 86
630 484 128 70
1554 778 104 84
1566 680 120 80
1340 904 86 108
450 602 108 80
656 380 86 100
1068 860 88 102
820 478 84 74
256 56 140 74
94 416 172 62
430 884 116 70
12 106 108 72
474 716 112 74
716 234 114 84
386 288 100 94
18 854 96 112
200 494 76 104
1568 492 74 106
86 56 136 74
1372 598 114 74
78 576 112 100
44 494 106 76
174 840 102 94
400 940 132 76
0 494 78 96
1502 530 98 92
1652 60 132 58
1732 190 106 66
596 60 84 74
596 344 66 104
174 92 94 100
356 476 88 102
262 130 112 84
1218 500 84 90
1432 472 128 72
1016 920 94 88
696 58 104 88
1442 838 100 96
458 340 74 104
1214 592 60 96
1218 740 78 94
374 568 104 84
1648 620 90 88
1442 536 78 80
344 254 72 96
1040 60 100 58
268 494 90 94
114 640 142 66
70 322 142 76
1724 4 104 50
858 426 116 74
106 778 94 100
360 366 100 104
1236 936 126 72
800 14 86 82
1066 24 106 52
1546 140 94 90
338 928 88 88
1516 418 104 76
368 644 116 80
1644 770 94 98
750 496 96 80
650 888 94 100
1168 140 56 66
1694 700 98 96
1656 102 108 84
1208 44 82 82
330 4 130 82
250 248 124 84
728 432 122 60
1626 142 80 116
1060 978 104 74
276 366 104 66
1746 116 118 78
238 430 116 78
1754 332 90 94
1622 426 88 90
30 414 102 58
368 76 114 90
1640 536 114 100
128 746 142 76
42 10 108 82
40 948 114 86
200 0 94 98
1574 850 80 98
1738 460 118 64
