1002 488 78 94
1056 578 90 84
1248 590 74 94
1120 450 72 114
1062 138 112 70
1538 846 110 64
746 300 72 88
704 574 90 70
1066 710 78 64
894 482 104 66
1138 296 72 86
770 604 86 94
1030 90 94 68
874 436 108 50
1470 298 114 74
1042 662 92 52
1430 534 84 94
1642 208 90 70
732 172 86 92
838 606 96 96
1308 658 78 112
1550 704 92 64
1234 392 114 52
1040 252 60 102
1588 454 122 74
986 272 70 110
794 504 72 94
484 26 104 82
970 678 78 84
890 128 82 100
474 210 130 74
948 188 90 92
890 732 116 70
1358 784 112 56
718 758 72 88
1118 206 102 90
1370 482 76 80
176 614 120 58
914 656 86 62
808 264 84 96
1102 58 86 78
1220 316 68 76
594 60 80 100
1252 136 92 70
478 278 116 66
1266 916 114 58
420 818 78 106
1074 370 100 60
1424 862 98 84
142 544 122 76
646 534 84 94
760 42 84 104
1064 428 104 56
218 732 122 62
1276 316 70 82
624 234 108 70
1608 260 80 98
328 650 106 84
1610 734 120 58
784 962 100 80
640 348 110 78
794 388 78 94
1646 882 88 98
460 636 114 74
34 324 146 64
264 626 98 94
1340 410 82 86
1434 404 124 70
1450 828 104 60
238 140 116 70
1436 926 74 94
284 206 108 92
1326 146 90 108
418 10 80 84
1228 32 64 108
1252 980 78 80
1374 668 86 84
224 60 130 54
1228 208 66 100
1390 252 108 66
482 824 70 102
1346 346 86 60
702 836 98 74
18 112 104 76
500 112 82 88
194 240 80 106
340 528 114 92
1042 370 56 86
624 484 76 80
1558 60 104 66
1654 780 90 88
1730 514 98 66
412 716 98 92
1480 220 126 70
1522 360 96 60
1538 626 90 82
1268 222 86 94
200 186 110 82
1680 316 122 62
1650 634 100 86
78 226 110 80
632 180 80 62
1394 734 118 54
1730 660 88 74
448 88 106 68
1256 86 78 72
1452 626 100 62
664 764 70 100
1462 686 96 68
364 14 90 78
158 120 96 60
48 956 96 68
1308 60 72 80
644 682 92 112
0 504 70 92
1734 230 102 86
246 794 74 104
326 124 138 56
1766 146 80 68
1422 20 68 72
48 690 84 56
352 780 88 78
1068 900 92 94
944 24 96 44
1434 76 116 84
252 304 114 56
256 352 140 70
90 514 72 104
300 824 102 80
102 24 80 106
720 474 104 46
1340 958 98 66
1176 16 48 106
1480 18 88 74
1702 940 82 104
1662 60 96 50
226 0 104 46
0 200 96 90
620 392 58 76
478 914 98 84
0 756 58 62
42 770 82 50
446 338 130 68
144 772 106 64
164 414 78 92
526 474 78 46
1658 92 146 86
126 862 118 78
146 0 104 40
1602 360 100 54
180 978 118 68
180 910 86 88
346 88 110 46
524 586 106 58
1680 370 102 64
