1002 360 78 90
1050 798 94 88
934 236 72 96
250 106 88 118
836 12 96 84
614 612 138 62
958 308 96 68
1554 882 102 78
1068 364 78 96
980 700 114 66
726 590 120 68
656 670 116 72
868 294 86 84
1226 716 106 72
1058 880 102 68
626 550 102 70
1230 202 102 84
1460 226 114 72
768 642 120 76
1250 538 92 98
1222 398 126 58
1078 610 96 76
1040 550 104 64
1060 458 116 56
664 732 76 126
856 400 102 72
928 528 108 60
1004 600 88 98
780 296 98 80
1240 148 116 68
912 710 96 110
674 316 118 80
1126 748 80 118
1542 618 108 62
1508 732 98 82
1548 294 120 80
1218 322 74 100
1622 398 124 64
1468 474 86 80
152 180 80 114
42 196 98 106
1340 564 114 84
1460 798 124 82
1060 120 116 62
1214 756 78 102
1630 602 126 70
724 496 110 70
1032 18 92 74
1616 520 104 76
1354 20 116 62
622 60 114 64
1224 88 132 64
1398 650 114 82
972 474 96 78
1222 30 64 100
1700 102 88 110
400 596 144 70
902 584 122 86
1226 846 104 78
862 800 96 104
724 876 86 114
1462 618 102 70
438 150 88 92
1228 996 100 62
1304 264 88 108
72 838 132 76
1528 674 102 62
716 168 90 80
1236 916 86 84
1640 886 80 82
1058 170 122 80
1552 950 106 82
1424 340 90 92
852 486 76 108
342 136 126 66
1556 200 90 100
652 854 80 98
1518 70 88 98
432 654 110 76
1654 796 84 92
794 880 90 98
1502 380 134 80
746 404 106 84
1006 120 78 66
1358 418 112 76
30 400 100 70
280 562 96 86
644 180 64 114
210 514 122 78
1452 20 114 84
1486 548 108 78
1650 60 78 66
1734 608 94 92
1224 444 90 76
1576 130 112 84
400 328 90 78
188 876 86 114
446 120 100 46
1384 764 92 100
1126 476 76 94
598 80 84 120
1046 950 114 78
1518 452 98 64
748 228 80 98
1428 144 104 98
312 848 114 78
274 448 100 80
404 478 142 62
1724 230 116 86
40 956 112 70
1108 50 72 90
98 606 164 72
1294 496 106 72
400 534 136 76
160 48 92 92
1644 444 116 86
1574 786 100 78
978 938 58 120
1380 68 116 82
1664 324 88 84
324 614 98 74
32 6 118 88
1310 930 108 86
1704 518 114 78
1624 672 88 100
342 788 120 78
260 0 130 56
448 446 106 46
864 884 70 94
330 50 96 96
596 396 96 62
938 436 80 86
82 478 112 66
400 394 128 56
20 110 106 78
498 60 84 64
1674 774 100 62
252 60 110 66
524 220 68 88
1672 946 102 76
240 780 90 106
42 556 112 78
168 652 132 62
400 244 42 76
342 718 142 76
290 294 102 68
906 946 90 72
42 686 88 64
230 330 88 80
408 14 112 86
638 472 108 56
1166 584 54 102
1686 708 110 76
22 790 116 84
6 484 98 100
12 870 82 108
486 794 98 98
160 446 130 80
222 276 96 66
602 668 64 100
368 656 102 72
334 234 100 86
506 586 92 76
654 524 102 50
278 362 100 54
230 632 128 78
1770 8 88 72
1460 954 82 98
