972 502 116 66
1628 698 110 58
1104 510 102 76
938 886 96 98
1052 394 108 64
100 144 114 96
880 588 72 116
992 60 82 92
1234 152 116 72
1106 864 96 96
1484 710 130 62
984 168 116 76
1232 398 120 54
1114 580 96 90
1078 462 88 84
1218 340 98 72
844 478 118 78
1004 660 112 76
944 418 118 66
334 828 88 94
944 580 82 106
102 878 112 100
302 272 98 100
1488 764 104 78
1124 194 66 112
704 856 94 96
1406 780 98 72
796 180 68 118
484 730 114 78
492 180 100 84
1226 634 76 106
454 882 86 100
978 268 80 96
818 394 142 76
258 114 110 86
350 120 112 72
1068 334 116 80
1022 872 96 84
622 742 84 102
1582 380 108 84
1394 596 122 68
126 52 134 64
1618 540 144 70
862 282 70 108
298 720 86 90
644 170 84 104
272 612 110 88
1556 576 94 112
492 342 96 78
514 870 80 104
176 698 94 98
672 278 82 80
698 260 140 70
1372 494 86 100
758 686 112 78
720 324 100 76
924 330 72 124
1242 82 94 78
468 120 122 72
594 104 84 100
1290 538 76 98
774 810 82 108
172 630 110 74
1734 602 98 78
702 538 82 96
42 688 100 70
404 694 120 82
690 130 104 76
1460 850 100 92
1638 118 98 94
1650 242 96 94
612 490 78 86
638 62 110 74
1736 236 98 88
72 470 106 110
1078 60 104 72
314 394 74 108
842 990 126 70
1508 238 148 64
1576 286 76 112
1370 210 76 100
712 16 84 52
1412 948 100 58
74 582 116 100
1230 448 106 66
610 650 70 98
700 382 64 96
986 18 82 48
596 20 66 60
1224 908 102 62
646 352 94 58
216 878 134 92
1646 958 142 68
1326 842 62 88
238 310 88 92
426 62 82 102
508 60 82 62
1212 494 66 78
1672 18 124 62
294 980 116 80
46 966 110 72
600 226 58 76
1226 60 64 70
400 82 52 92
0 240 78 82
490 614 152 54
622 570 104 94
18 104 100 98
1718 120 72 36
1166 314 58 70
