756 92 104 104
884 60 82 116
242 278 96 102
1458 22 100 90
642 96 76 128
8 162 122 82
1222 72 98 102
1142 402 96 76
834 160 120 84
1366 32 78 118
1114 700 94 62
688 200 72 116
714 734 94 98
1236 22 116 72
1634 598 120 84
1476 908 96 76
1130 62 98 88
1358 136 106 84
136 64 108 94
1194 196 62 126
1406 940 102 74
1380 530 92 96
1174 484 76 114
1340 612 96 88
110 192 146 78
1056 540 82 108
28 22 108 114
530 204 108 88
1018 144 82 86
458 750 112 94
1184 310 72 114
8 230 84 120
1030 386 114 72
1104 490 72 110
1040 628 124 86
794 230 118 82
802 346 126 76
522 336 196 68
708 338 92 92
1052 198 80 82
990 48 100 88
1342 252 78 116
878 274 70 92
968 472 110 72
830 418 116 82
914 788 76 100
1096 110 76 112
914 320 78 88
556 286 132 56
800 828 114 60
1038 448 110 60
782 496 74 132
1508 184 98 90
174 0 102 94
1278 600 82 78
1274 142 94 102
466 110 104 96
400 60 144 72
82 258 120 88
744 160 72 112
1212 792 110 92
1232 240 118 86
978 558 96 100
1600 646 106 84
1484 104 114 82
394 128 94 96
1168 584 84 96
1460 834 104 80
424 860 108 92
898 534 142 76
1672 342 94 96
802 956 76 78
1616 60 78 76
694 840 100 100
1378 844 90 86
1294 326 88 100
808 732 84 120
62 724 120 96
630 12 126 80
1128 200 72 102
1572 438 142 74
1706 488 108 88
812 870 96 112
538 652 88 106
940 676 106 84
1438 584 92 104
446 236 122 102
252 608 126 72
1760 330 118 68
842 488 110 86
1104 288 102 84
504 10 132 80
1562 60 78 68
1422 710 122 62
1228 646 78 52
1352 368 110 60
1480 738 80 96
904 878 76 70
1318 816 116 88
848 690 102 72
1784 498 74 108
1652 704 100 98
1430 330 102 70
1050 876 70 74
610 946 110 90
286 84 148 94
718 604 110 94
564 60 106 98
1460 368 86 100
896 706 72 118
1530 628 78 112
646 794 126 82
1512 552 112 58
922 388 82 114
1770 816 112 92
1254 534 80 82
1084 326 70 84
738 932 74 116
220 124 102 104
1242 310 76 90
328 324 110 86
1230 876 134 80
420 344 128 66
