1030 334 40 34
788 390 40 34
872 418 48 28
934 246 42 32
958 360 36 38
1206 252 36 38
1240 388 48 28
924 476 46 30
1062 396 42 36
1050 176 34 40
1130 340 32 40
806 766 34 36
1376 458 40 30
916 596 38 30
1188 350 38 38
1032 680 42 32
924 126 42 30
1050 430 40 32
1420 78 40 32
288 608 50 24
200 378 34 36
1198 212 42 32
118 632 42 30
176 544 50 28
604 344 30 36
1278 88 44 32
1066 144 40 36
166 92 64 46
1284 130 32 46
84 794 48 26
86 616 40 34
128 782 48 30
1090 798 44 32
1046 934 28 44
74 284 36 34
514 308 42 30
518 790 36 36
598 274 32 38
1118 384 36 36
134 290 40 36
1608 62 52 18
380 862 48 26
1658 560 78 44
966 872 46 30
1618 412 36 40
1682 262 78 50
78 244 38 34
1064 234 36 44
1084 232 36 42
1554 6 34 36
1574 274 48 38
1712 196 38 40
82 492 38 28
1664 532 58 30
694 600 42 30
1128 498 34 42
608 656 38 40
452 580 38 34
1110 138 48 28
1832 564 68 34
1178 602 36 30
1178 430 40 34
1088 412 50 32
496 116 40 30
