1084 740 82 88
172 698 100 94
894 254 116 64
276 828 84 106
776 276 124 66
1062 542 112 82
862 884 72 110
358 722 90 96
962 752 74 104
1234 238 84 94
714 112 80 110
1040 814 92 76
660 168 68 116
4 488 98 112
286 612 88 96
766 60 114 74
1246 88 98 72
972 44 86 100
1324 450 78 110
980 952 90 82
1472 620 76 112
828 676 80 96
442 728 84 98
1122 296 72 114
434 68 98 102
1074 112 88 90
452 828 158 72
940 458 90 86
958 844 86 108
1122 200 84 98
1018 430 122 78
140 66 80 106
990 182 80 96
460 620 116 64
834 534 80 96
1020 256 94 96
996 588 84 102
644 66 74 110
1276 598 80 102
792 782 104 88
1080 864 100 82
1578 470 94 96
1366 80 114 82
1390 858 82 96
1324 734 116 80
606 330 82 106
970 520 108 72
1590 692 82 104
240 180 74 132
406 538 116 76
68 558 92 96
1584 106 204 72
750 658 84 102
724 870 88 96
1584 830 108 68
1408 574 112 70
932 538 84 78
164 430 94 96
934 308 82 100
1462 26 90 100
1228 920 110 80
912 174 92 92
406 950 98 74
860 426 112 74
1764 150 96 56
1160 488 58 114
1346 574 72 110
380 644 94 94
496 464 84 102
1452 780 104 80
738 340 84 98
288 4 92 98
1292 130 114 86
744 430 118 82
1468 348 150 66
1722 728 118 84
170 0 126 72
1376 298 68 122
1426 162 100 86
1338 876 72 120
1604 172 138 86
596 144 64 116
1492 216 116 70
600 552 80 102
740 558 66 110
276 494 92 100
1640 666 196 70
22 114 100 72
50 768 128 88
632 642 126 78
1640 568 84 102
1046 22 104 88
1498 398 144 66
1466 250 96 98
470 676 128 74
340 812 104 84
376 220 96 100
608 264 98 86
722 744 70 114
1484 936 78 104
442 460 80 84
846 14 98 96
1512 870 94 100
1540 770 88 94
1306 298 76 112
1472 454 94 94
606 434 158 60
506 884 78 122
1562 60 94 34
620 836 92 102
226 64 94 110
124 484 84 108
300 104 140 68
498 182 94 84
866 342 88 80
116 658 126 78
650 692 104 90
6 180 106 90
636 774 106 70
1592 886 116 82
146 190 90 100
1056 930 84 104
810 330 108 64
132 832 116 80
296 142 82 96
322 922 122 72
1632 764 132 82
626 926 116 74
0 38 100 58
144 594 110 78
1226 810 112 78
46 954 106 72
386 342 80 120
594 30 56 110
1166 138 58 66
682 538 74 104
48 686 88 72
602 494 108 68
492 270 94 66
1680 890 128 76
1222 60 80 56
324 446 114 74
8 316 130 70
1586 240 80 100
636 12 80 52
486 560 118 68
382 152 110 86
2 872 126 72
0 0 90 44
1678 242 120 86
1654 330 136 78
