694 740 84 88
1414 540 82 82
1054 756 96 72
30 248 104 96
1160 300 56 106
1316 682 74 98
1272 332 84 86
744 618 74 96
1034 328 76 84
998 194 84 100
1064 400 74 94
754 704 88 68
872 232 72 92
692 74 102 66
1546 688 100 52
1444 812 106 64
670 560 100 70
902 362 106 68
1598 362 110 68
774 194 102 68
1464 910 78 90
386 178 102 72
882 312 70 94
784 848 98 68
616 296 110 70
678 390 108 70
154 240 88 96
726 504 92 64
802 590 80 84
1552 744 100 70
1520 464 100 92
1368 852 86 92
1564 126 84 78
504 324 94 56
1584 214 104 62
714 204 82 96
1484 528 78 86
1396 294 96 72
1468 356 86 88
808 258 74 106
1334 494 102 80
1232 162 108 58
862 824 92 90
226 680 90 76
418 244 90 84
1680 182 96 86
960 524 64 110
1432 194 78 100
762 152 92 66
1658 704 112 62
1252 804 80 96
1476 592 72 90
1584 532 116 60
444 672 94 70
378 632 84 96
1242 610 98 72
634 826 88 118
308 322 146 70
1464 136 104 70
50 958 94 72
900 726 78 118
1026 18 68 100
602 70 80 92
1726 306 96 66
918 540 56 124
620 738 84 92
1230 188 66 80
1234 694 102 70
1420 672 96 74
1512 300 74 94
668 124 106 80
230 808 84 78
20 118 106 70
1562 602 68 84
1244 82 80 82
854 438 108 84
634 192 88 104
1716 476 88 62
316 126 130 74
200 18 134 72
274 246 134 76
1724 602 106 64
1674 780 114 78
1408 84 70 96
256 864 148 68
1290 856 80 70
776 418 74 96
514 118 68 70
496 44 94 72
978 120 74 46
1360 82 70 62
1698 120 80 58
1714 386 102 52
32 578 132 70
180 752 96 86
908 20 108 44
768 916 86 92
1206 248 76 82
1622 116 120 84
1616 424 86 72
1124 40 76 100
1494 222 84 80
1728 12 106 58
1578 22 94 66
324 570 98 88
1704 528 122 60
40 414 84 54
1322 26 60 62
1648 12 88 78
278 690 126 58
6 0 120 60
1124 764 74 98
1450 62 122 62
1570 292 90 84
94 54 120 76
1124 818 86 94
400 440 60 52
1630 830 102 90
84 768 114 82
160 442 98 66
1754 796 60 94
42 698 92 54
1166 410 68 70
1602 984 72 74
524 382 70 80
1588 646 106 48
180 968 86 90
20 506 90 72
546 672 72 90
286 458 74 76
1212 60 56 58
1168 138 52 72
624 4 56 52
1250 28 74 46
