724 378 32 44
838 738 42 36
874 382 40 36
910 774 46 32
894 348 46 28
880 494 38 38
266 720 40 38
1090 250 42 32
968 632 38 38
296 738 40 34
898 306 34 40
836 788 42 34
930 402 36 42
840 542 34 44
972 778 36 36
752 276 40 40
752 710 44 34
994 530 42 32
982 732 44 34
1078 678 38 38
1244 176 46 30
1342 178 42 32
1186 238 28 44
1436 546 42 30
142 870 40 36
942 348 38 38
218 500 48 30
658 428 44 32
786 334 42 36
950 664 30 50
210 742 50 28
1096 826 42 32
1346 530 42 36
1562 516 38 36
884 366 40 34
1444 660 36 40
1194 152 36 34
1400 198 32 44
332 914 38 32
668 624 38 34
1094 778 34 38
1020 398 44 28
714 666 46 30
1114 394 36 42
894 264 34 40
860 548 46 38
328 560 40 32
888 126 48 22
830 312 46 36
1604 120 44 24
1340 134 38 38
832 344 42 38
126 518 48 30
900 964 38 38
1094 804 32 36
922 914 46 28
218 756 48 28
296 270 40 40
1594 616 38 34
222 790 44 36
1066 514 50 26
860 622 46 34
370 324 38 32
214 724 46 30
1176 772 40 30
596 912 66 66
1662 518 44 32
596 594 38 32
132 776 48 30
1818 586 76 44
1102 874 42 32
48 590 62 42
1684 270 72 44
584 60 86 50
1792 746 60 64
626 356 38 46
1116 124 38 34
1196 874 40 32
1180 498 42 32
50 282 70 44
1098 766 42 32
1620 372 58 34
880 140 48 28
1100 186 34 40
1552 260 40 30
1046 620 46 26
44 528 50 26
170 924 68 52
92 218 64 46
510 310 36 34
1678 166 86 46
1688 232 74 42
1680 472 54 42
156 524 38 30
1660 380 76 38
230 872 48 30
1028 948 38 30
1614 634 54 26
996 984 42 28
1644 536 40 32
100 354 52 44
900 930 44 30
112 238 70 48
1336 820 32 36
1298 750 40 30
1162 716 40 36
1092 732 40 38
840 766 34 34
478 1010 52 46
592 402 30 44
1176 442 34 32
902 104 38 30
1080 86 32 40
1176 462 38 34
210 920 44 30
