950 406 94 66
888 346 112 58
1226 470 72 110
832 18 90 76
972 310 108 82
1582 796 88 60
782 44 78 104
1058 430 102 66
618 226 112 88
1034 608 64 90
1226 396 126 66
958 240 108 60
800 372 122 76
1378 210 98 94
1486 28 78 110
164 138 84 114
986 476 118 68
1348 294 86 98
1614 516 82 104
1068 186 124 66
1430 666 104 84
1462 388 124 74
906 18 100 74
614 344 98 94
1546 480 78 102
878 588 80 104
902 678 110 82
1322 556 108 60
1658 700 108 90
1522 864 84 94
1672 354 118 66
1064 28 90 76
1444 152 134 76
1240 184 110 84
1072 242 106 82
300 890 98 100
1078 734 90 88
1092 618 80 102
794 750 86 88
882 216 72 100
1270 860 74 106
1034 358 94 88
1492 216 114 70
706 374 112 72
916 750 94 90
986 148 100 82
1396 728 72 110
648 714 118 70
600 20 64 136
1708 786 118 66
982 866 110 72
1454 800 114 86
370 324 98 104
1224 566 74 118
1326 386 86 98
904 286 112 58
1420 540 96 82
296 820 146 76
1074 862 112 78
484 836 114 78
1164 210 52 112
636 20 100 62
1642 268 82 106
910 88 118 74
150 886 144 74
466 718 136 68
1294 594 104 88
1404 358 72 106
866 818 108 88
960 528 110 80
1236 312 50 110
1448 916 120 78
1040 688 84 60
886 138 94 94
1584 856 104 72
1298 60 82 96
974 794 122 72
800 300 78 84
844 838 62 128
466 154 88 86
868 404 90 104
1570 714 92 94
1490 268 70 110
948 602 74 88
756 498 88 80
46 686 92 74
1284 750 86 94
400 484 66 94
1348 466 98 92
212 788 84 92
1532 120 108 60
796 612 84 104
610 536 148 72
820 496 104 78
346 762 150 80
800 158 122 78
256 648 152 74
1720 220 114 74
1560 388 98 92
598 246 82 112
736 904 94 92
1236 60 86 86
1364 826 74 112
1066 92 126 76
1124 310 68 120
718 144 74 112
608 642 158 68
936 896 90 90
1224 206 70 114
80 212 150 82
496 10 92 68
1558 266 84 102
264 434 98 90
456 234 122 72
606 830 78 122
242 292 102 92
1238 682 150 74
1480 598 122 88
166 420 90 92
458 778 136 74
400 700 44 78
1618 418 152 72
0 482 96 60
218 518 118 76
1212 826 64 110
50 954 102 74
1704 438 112 82
774 190 66 112
16 814 108 82
718 772 90 98
824 236 80 98
1570 40 128 72
1136 778 74 116
22 118 102 70
282 126 86 98
1644 916 100 98
746 444 124 66
640 950 100 92
1220 734 90 84
448 498 84 64
640 466 108 82
398 864 114 74
252 202 112 84
106 496 142 74
488 58 100 90
434 266 80 102
506 594 76 114
1576 930 98 90
660 118 100 76
1734 638 102 94
70 600 130 82
154 258 144 60
1300 20 90 54
680 762 66 78
452 556 98 64
1676 168 134 80
130 316 98 96
1370 978 142 72
30 568 146 64
512 120 62 40
1176 22 54 112
692 838 86 108
474 896 128 84
380 242 92 86
408 600 100 74
616 588 118 64
0 16 104 80
222 0 102 90
492 360 90 90
1748 310 110 94
250 720 112 84
280 78 146 66
1638 120 120 46
1742 128 124 68
346 182 126 70
926 532 68 92
1718 892 90 76
