834 458 70 66
868 658 54 62
1224 398 68 50
384 802 68 52
1008 504 54 64
462 240 86 62
940 214 68 58
796 346 64 56
406 644 102 38
892 598 74 42
186 60 88 60
1316 122 56 62
1366 696 60 58
1034 174 72 50
646 418 74 48
1028 260 58 58
986 642 62 52
784 566 78 48
748 656 54 72
156 116 84 62
584 846 96 46
898 394 56 48
320 870 72 46
686 638 56 58
1420 630 60 70
314 116 70 54
1384 440 66 48
666 902 90 42
368 734 62 46
1072 516 60 58
1290 524 54 52
1206 574 78 40
1266 732 56 76
668 202 88 70
1092 94 50 78
888 344 48 50
936 530 70 42
202 812 76 40
1386 538 50 50
586 730 84 42
250 312 62 60
326 248 82 52
652 732 64 50
1232 20 54 76
988 432 62 56
1004 866 64 54
856 124 56 68
486 834 60 56
656 562 54 68
1096 284 54 80
1202 174 76 42
724 580 68 44
806 750 48 54
46 262 72 56
1236 826 60 70
404 974 70 50
268 492 86 46
958 708 58 46
482 902 56 76
1172 630 46 68
982 782 66 46
282 998 84 40
986 940 68 54
410 162 102 54
308 668 90 38
610 576 50 60
1012 984 60 64
1050 664 56 44
152 216 80 42
74 648 84 50
448 782 62 46
1168 704 78 46
580 150 62 88
226 0 94 52
1160 92 64 68
204 386 86 40
834 848 78 44
1426 142 86 56
320 60 70 48
214 254 72 44
292 274 72 50
1312 970 50 68
586 952 80 56
108 930 82 42
148 600 68 44
1464 472 76 58
1086 374 44 78
594 0 102 80
1058 458 46 58
820 868 78 56
432 728 76 40
28 794 96 44
1024 746 50 44
1178 24 58 60
492 722 68 40
1044 704 58 48
830 38 50 54
1058 410 46 50
14 150 88 74
204 868 62 52
104 536 82 50
46 618 58 40
148 768 64 42
826 84 72 50
60 540 60 58
576 328 72 50
1322 0 82 62
1118 650 38 64
224 946 104 48
1172 528 46 40
606 344 68 78
964 12 60 52
46 714 78 48
570 398 56 84
1106 926 38 58
1106 510 48 66
588 890 42 64
30 448 90 54
