934 580 34 42
914 332 34 40
956 452 34 40
1194 232 40 34
1016 210 44 34
1044 596 46 30
934 230 38 42
216 738 40 36
1076 256 40 36
1116 318 38 40
316 336 40 40
686 828 34 40
1048 352 34 44
260 832 36 40
1004 906 44 30
1362 332 42 34
762 682 34 38
1366 230 38 36
742 332 36 44
724 540 36 40
934 608 38 34
638 858 46 30
1100 384 48 30
908 298 48 34
852 830 48 28
1066 204 44 34
252 260 40 36
222 380 36 40
1258 198 50 28
1400 354 36 42
714 632 40 36
242 230 48 30
258 720 52 28
772 390 38 38
222 286 42 34
122 346 40 34
878 206 48 30
1010 744 44 30
1126 242 40 38
1192 576 36 36
482 852 36 42
1028 824 42 32
970 772 40 38
138 318 50 30
1170 690 38 34
1080 458 46 28
1406 124 38 40
782 82 34 40
774 932 40 36
1014 810 44 36
1046 84 32 38
852 64 38 34
760 626 48 26
1478 0 30 42
600 754 48 28
1188 128 36 40
1308 258 40 40
222 334 48 30
1450 366 38 44
276 298 36 38
1072 138 36 40
1356 80 44 32
770 32 38 34
732 840 44 32
1540 116 50 36
256 938 46 32
254 318 50 32
388 938 54 40
212 344 40 38
1612 302 44 48
1710 168 62 58
1046 660 38 36
264 128 46 44
1444 278 56 36
1216 166 42 36
1682 280 60 48
836 352 44 36
1090 438 50 30
602 164 38 36
864 238 42 42
910 236 36 38
1204 726 44 26
866 214 40 40
1000 798 40 36
658 96 34 40
1618 480 40 32
1100 160 36 36
314 368 38 30
782 312 46 34
1642 64 44 44
788 366 36 40
838 920 32 40
500 796 36 40
406 1000 36 36
128 494 52 28
600 956 40 32
1662 570 62 40
1650 246 54 26
78 796 46 30
994 984 38 30
982 786 38 40
56 572 64 30
320 120 78 62
886 868 32 40
1574 4 32 40
886 242 42 38
1082 716 38 38
1090 704 44 28
1134 28 38 42
312 268 42 38
598 300 38 44
30 326 38 32
1190 494 48 30
1100 218 38 38
1688 132 78 42
1320 902 38 40
256 888 40 36
1104 422 44 32
1188 708 44 26
318 296 36 40
228 862 44 34
614 546 46 28
1336 730 68 34
530 726 42 34
1162 726 36 36
1084 476 46 32
220 904 44 24
1088 744 42 36
312 318 38 32
598 96 52 28
