874 296 62 76
734 850 62 66
906 422 56 66
1300 244 70 62
612 814 94 52
1402 614 68 52
300 506 64 54
1206 294 70 76
840 770 54 68
948 98 62 78
1234 614 66 60
1540 294 82 54
292 130 82 50
1420 310 62 62
1040 482 76 40
1186 108 58 74
1254 438 58 72
1058 138 58 72
684 300 66 72
762 582 90 42
980 384 54 70
1026 270 58 60
828 474 78 52
970 884 70 46
370 684 92 62
296 270 94 72
1082 246 76 66
1076 800 56 74
1360 68 72 66
1024 604 72 48
466 660 98 54
930 494 50 68
1570 514 76 60
1040 218 80 54
1268 758 66 68
1368 768 78 48
1556 598 66 58
806 884 78 50
1552 210 72 58
1494 398 70 62
1312 390 82 54
1198 164 88 54
372 62 70 50
112 704 86 52
1524 934 80 52
100 566 96 48
578 64 100 52
894 646 78 48
1450 438 64 82
582 750 104 48
772 746 48 76
178 58 100 68
1384 444 64 70
368 582 62 60
1334 330 84 48
714 418 98 42
384 784 74 50
208 708 80 40
1436 850 86 76
198 476 84 56
834 672 64 64
1314 152 62 64
926 296 74 64
1576 684 74 58
68 520 82 44
1000 706 76 40
278 628 94 32
1482 992 76 64
244 780 60 62
210 964 66 56
758 254 54 68
1034 428 70 44
432 940 84 52
1452 712 70 56
992 782 60 52
174 774 70 60
1086 386 50 66
670 126 80 50
904 22 56 62
796 980 82 46
1398 234 70 52
1026 748 74 40
906 700 66 48
1228 0 64 72
240 648 72 40
572 184 68 98
576 130 98 64
444 24 88 56
1174 738 78 42
1642 536 68 58
1598 138 86 54
1320 534 88 60
702 176 74 56
606 370 78 46
1646 606 88 58
644 36 70 54
610 558 80 42
1050 670 64 48
1090 520 52 74
1052 576 60 48
456 984 90 50
726 710 46 68
1680 80 96 72
1348 186 78 52
980 556 64 44
1182 466 84 44
124 904 82 64
1088 96 60 72
1614 194 68 64
460 218 88 42
1408 134 50 74
770 202 62 58
592 306 54 76
0 576 80 44
584 588 72 52
480 738 84 58
1454 258 66 64
324 838 66 40
100 778 86 46
462 108 82 64
1124 362 44 78
1572 396 88 54
996 924 56 74
1552 482 76 42
1366 514 74 40
562 8 52 68
710 542 62 46
980 42 86 58
172 638 78 50
578 644 102 64
756 706 74 40
368 870 86 46
92 248 90 56
14 154 86 72
1678 152 90 70
1482 632 62 64
1022 992 74 48
1418 0 76 64
338 158 92 58
456 510 86 44
1066 930 50 74
1174 696 66 40
490 262 58 54
82 642 76 60
292 986 78 46
1442 172 66 60
1380 942 56 54
1172 242 44 76
346 0 74 30
1642 666 98 56
1156 80 40 90
328 930 84 46
400 156 26 52
36 450 78 44
1120 656 42 66
42 712 76 54
584 950 60 84
1688 274 110 78
1154 662 54 66
636 510 62 44
1518 30 76 118
26 638 80 62
1736 136 86 106
1106 894 44 78
1680 356 114 84
716 6 64 46
1180 780 62 66
1164 532 58 56
184 0 78 30
1664 486 76 52
1122 524 44 82
94 850 80 60
