712 184 86 60
1056 650 94 64
902 240 76 82
1082 360 78 90
944 716 90 46
942 768 92 56
1238 678 108 66
1108 178 86 82
1110 580 84 68
1638 250 84 84
1306 420 80 50
620 614 100 64
1062 720 80 74
1382 174 80 98
778 78 64 92
790 604 78 58
1056 904 104 66
1384 726 80 84
1162 234 56 74
980 834 104 68
912 366 90 56
628 752 108 60
958 540 68 72
494 728 82 86
844 686 76 56
1488 214 120 70
1680 520 86 92
836 76 74 86
194 692 102 68
1598 156 90 78
848 514 84 76
726 558 76 74
654 872 106 56
1244 152 66 92
1370 398 86 54
1514 468 96 78
238 574 108 72
908 590 66 88
1690 178 106 64
1762 312 70 74
384 504 144 54
1084 812 98 70
884 432 94 60
1072 994 92 64
1080 94 88 68
1300 738 82 72
1226 610 66 80
808 816 90 64
364 252 110 80
244 754 106 64
770 350 98 48
810 312 82 54
766 430 82 66
1510 342 114 86
1630 762 84 92
134 202 116 60
1636 950 84 64
256 188 126 78
996 592 86 72
194 836 104 78
1272 50 90 78
428 552 150 60
602 246 68 100
1146 60 58 68
1228 892 72 94
482 246 98 68
456 354 88 88
1644 60 104 88
1422 670 112 68
1082 160 70 76
20 308 98 76
1728 16 106 72
238 926 118 78
1220 972 116 62
622 192 96 86
1466 418 98 64
1500 894 106 74
412 132 80 78
480 630 136 76
276 810 108 90
820 396 94 48
604 378 86 80
326 700 110 86
0 14 64 72
846 926 88 78
1226 240 50 100
490 916 92 96
488 118 64 98
420 24 96 82
188 56 92 90
352 840 70 108
220 0 92 38
70 684 80 74
1750 246 90 54
300 0 80 74
96 308 110 84
110 126 144 70
70 188 76 100
78 862 92 98
102 46 98 84
412 930 84 98
1222 492 58 72
418 810 140 58
226 60 108 50
616 854 50 98
72 958 80 58
6 492 108 54
18 598 80 88
10 804 82 56
532 180 56 68
1208 756 54 66
198 120 90 30
44 6 78 104
