820 276 88 86
1408 572 104 74
756 706 112 72
914 284 76 94
436 308 112 60
832 608 80 88
966 736 106 74
1306 668 86 80
660 188 80 68
760 112 88 70
734 768 96 76
1412 452 96 72
356 210 126 68
782 172 84 82
676 112 86 86
1014 234 82 82
722 360 70 92
610 240 80 112
642 330 92 74
1368 282 78 92
1334 416 72 90
398 632 88 62
1058 678 104 68
672 246 92 68
688 828 68 126
800 388 60 78
1500 476 78 90
948 518 70 92
1380 180 90 70
936 348 112 66
640 670 128 64
1490 138 116 70
940 402 94 60
1278 562 82 90
802 506 82 100
1456 708 124 60
1112 880 86 78
870 70 100 68
1032 530 90 82
602 332 64 110
1118 570 78 92
1564 340 96 76
1234 368 90 66
848 430 102 60
1464 766 84 96
396 816 128 56
134 928 120 72
286 758 126 60
978 472 82 82
912 20 102 62
656 504 106 104
984 952 94 84
478 616 82 116
1304 362 52 94
202 772 96 90
318 146 78 108
918 120 102 84
286 308 84 112
1232 124 96 80
162 246 98 106
1230 434 86 90
1124 496 66 86
402 688 86 80
298 912 100 84
1638 138 80 70
78 846 86 112
1290 20 68 94
1548 284 90 64
1606 196 68 94
682 586 72 92
904 596 74 90
492 846 82 98
26 116 98 72
224 78 122 74
430 770 116 60
1416 72 100 88
56 686 90 68
1340 806 118 62
1554 642 92 84
1328 118 74 82
34 772 124 76
476 376 106 70
168 864 104 76
924 672 92 52
850 490 102 68
1480 242 100 80
1126 20 88 82
94 248 80 96
1474 844 94 92
612 618 64 86
120 336 142 68
1274 198 98 58
392 878 90 84
1220 240 80 84
1714 310 118 58
634 16 62 58
342 306 90 116
620 844 84 74
1656 606 84 58
1224 56 92 72
384 562 132 60
208 586 120 84
484 188 106 60
204 0 92 54
1680 184 80 84
408 28 84 102
78 464 136 84
1560 20 86 84
1172 198 46 116
152 622 104 64
1610 704 82 64
284 516 72 70
204 492 124 72
170 60 62 62
1372 938 96 76
1074 964 80 56
1306 846 72 94
1580 986 92 54
52 964 104 66
0 280 118 78
1644 920 56 78
