822 630 84 58
802 976 68 84
1024 908 76 72
1462 60 80 86
928 688 108 58
1388 392 70 88
1220 384 130 56
904 762 84 84
1410 600 92 68
1052 352 104 60
742 246 88 58
918 356 118 62
1100 232 106 54
932 566 114 62
1712 116 106 74
1326 256 86 90
1414 458 106 68
1318 432 80 46
1600 148 84 86
770 872 88 72
1594 16 112 62
1286 604 110 66
758 322 60 80
1060 644 92 44
436 352 128 68
1302 146 88 68
970 442 92 52
1688 652 102 60
494 942 116 74
488 286 98 70
664 580 100 54
1080 180 60 70
840 408 68 82
980 486 64 56
610 68 68 102
1102 470 64 98
1672 894 84 50
602 264 72 62
1240 62 72 72
1446 720 102 52
330 26 124 84
1236 172 92 62
630 162 84 76
1692 20 136 86
1256 116 76 60
1540 876 92 62
338 224 92 82
148 850 96 82
684 954 100 82
1302 882 88 72
138 28 82 100
764 450 104 70
1614 232 112 74
1734 186 70 72
346 148 96 74
1520 964 90 68
244 900 94 92
1516 112 108 80
656 48 96 68
50 944 110 78
336 502 96 88
1234 194 50 88
1748 300 72 98
740 48 78 86
272 380 120 58
1724 592 88 74
68 678 86 74
628 816 78 68
88 468 110 94
270 140 106 58
718 626 68 74
608 634 90 70
172 222 76 108
632 744 74 66
1246 804 64 104
46 126 90 64
68 12 90 86
676 702 70 58
1222 692 112 58
1462 866 84 70
18 590 150 92
400 946 94 84
418 698 86 86
392 810 112 68
1166 466 44 104
1390 884 86 72
1626 568 92 72
134 922 122 82
1594 762 74 80
1644 370 118 58
400 504 36 74
0 24 96 74
1646 806 84 46
