1528 742 62 54
1388 346 62 66
738 356 50 66
1554 316 78 42
1328 232 52 68
296 528 76 44
1506 618 70 60
586 394 64 66
1366 696 58 60
1038 202 82 44
892 238 48 52
854 666 54 62
338 130 62 68
602 300 64 56
1216 224 66 66
1376 652 104 52
678 122 48 60
670 858 76 40
924 718 52 64
1214 536 68 40
1016 630 56 54
1254 86 84 56
386 726 58 48
698 70 50 70
1530 868 54 48
862 792 42 70
826 588 76 42
732 446 64 40
1022 742 68 40
48 600 94 32
786 134 48 64
630 768 54 58
686 692 74 40
756 228 48 54
1186 390 62 48
1018 878 50 54
838 370 44 60
788 734 60 40
1618 542 72 46
1036 700 62 40
770 274 62 42
1186 90 56 68
624 712 54 56
390 530 62 46
1068 288 72 44
134 672 66 58
1216 808 60 50
1504 504 70 40
330 366 92 40
1568 908 74 44
1430 2 66 78
162 896 76 34
822 526 60 52
1610 248 58 58
856 470 46 56
1214 668 68 50
104 254 86 50
880 180 56 48
48 308 92 40
1468 786 66 52
1434 862 70 40
1530 924 60 52
110 380 80 36
920 588 42 62
1090 654 46 58
1648 438 76 34
890 416 60 48
1104 528 50 56
784 554 48 62
642 534 64 38
84 532 64 56
1056 796 68 38
1084 380 60 62
890 344 68 42
668 494 56 34
750 756 52 54
604 674 76 40
958 566 54 56
204 818 58 46
474 112 62 50
1562 486 66 46
950 444 48 48
592 584 82 40
344 494 54 42
824 126 60 64
596 840 74 56
786 470 50 56
1044 420 74 36
396 612 74 38
1556 10 66 64
1190 484 54 50
1118 246 42 58
1222 916 70 46
126 122 76 76
740 498 66 44
86 652 60 52
1644 480 68 42
1186 738 58 36
766 590 46 68
1622 588 72 40
1626 650 96 36
1510 10 52 68
1004 498 56 52
818 442 46 50
1172 782 60 36
122 772 68 56
158 984 60 52
582 174 44 78
1686 606 80 38
290 874 62 60
1048 500 50 58
1164 598 32 64
1718 184 70 66
46 708 72 50
1414 932 88 58
48 362 64 48
120 942 72 46
1718 410 66 50
250 864 62 52
180 346 64 52
42 644 62 46
494 398 58 52
920 540 46 46
478 510 66 36
1176 266 60 50
12 152 88 70
792 768 54 44
1056 850 62 38
1160 926 46 60
38 460 72 38
916 462 42 52
752 678 46 56
1174 900 46 50
108 878 66 38
1138 642 30 50
1082 824 64 48
1088 478 44 50
1028 964 42 66
950 518 52 44
1176 760 60 38
1656 988 64 54
164 420 42 30
1672 94 102 48
