980 472 80 120
706 572 130 70
844 774 78 110
1064 436 118 68
1064 130 94 84
832 944 150 64
598 128 90 98
1120 474 74 120
840 148 74 118
82 224 100 110
1340 346 88 86
1212 706 156 74
1494 372 102 80
1070 596 118 78
1230 316 76 122
612 538 70 116
628 340 90 90
672 124 90 88
274 698 88 100
1062 728 98 68
1374 88 84 98
610 236 86 126
970 330 102 84
1268 584 128 72
1110 198 106 98
740 752 94 86
1532 156 126 76
1244 112 112 82
604 194 160 80
680 294 136 72
624 642 78 104
1400 170 84 96
1302 510 96 90
1048 898 102 70
972 726 80 102
1238 836 66 98
752 66 118 82
328 154 92 88
1018 202 60 104
926 600 66 100
1032 806 126 92
698 868 100 88
1072 338 114 74
1278 648 106 78
1316 744 90 96
1416 748 116 70
1508 586 90 100
768 834 72 106
1348 614 116 72
840 356 110 82
884 564 98 72
1238 428 116 92
690 518 86 90
124 694 130 72
1040 490 100 90
848 20 92 46
950 144 66 124
1450 86 108 78
244 434 88 106
712 16 94 80
858 626 90 114
258 788 82 114
1664 846 104 76
582 16 136 86
332 632 98 82
1294 840 112 84
822 422 110 82
826 538 96 86
914 874 86 98
164 746 92 92
52 958 96 70
20 118 106 70
636 722 124 72
1044 632 90 104
760 346 118 70
1524 234 74 132
800 278 146 80
134 574 136 72
1152 26 60 114
780 490 102 76
44 584 110 88
1428 668 96 84
1450 312 94 96
756 396 98 94
232 906 100 86
978 62 108 82
130 846 106 84
1576 590 70 116
1128 844 84 74
1736 202 90 102
466 60 72 84
172 468 78 114
98 636 160 68
168 172 106 88
1638 780 120 68
158 318 100 90
138 938 108 90
1230 462 64 118
470 936 108 78
866 250 98 86
274 508 150 78
1772 118 86 82
614 750 70 92
1228 60 110 80
1134 306 84 72
1750 888 68 78
1588 246 84 114
1594 120 92 60
434 190 98 100
446 870 70 76
1098 32 62 106
1540 14 88 78
662 472 102 68
212 218 120 76
436 558 168 84
338 100 120 84
476 128 98 98
1644 478 144 68
28 508 132 74
402 446 110 70
0 0 96 100
1638 694 150 72
390 338 108 82
260 60 98 94
1352 986 78 58
950 250 108 90
462 290 120 68
932 18 104 40
624 910 66 130
64 60 100 38
36 284 108 92
1218 14 64 100
