130 152 70 40
218 232 56 50
76 254 78 34
1386 602 64 40
1240 430 50 58
908 88 60 36
196 336 76 34
438 752 60 46
1628 430 52 46
454 132 56 44
1576 330 60 42
666 874 48 50
1360 442 64 38
192 470 52 44
196 722 52 58
626 818 58 44
1302 264 48 52
168 1004 82 38
808 142 46 54
378 74 44 60
726 762 48 54
436 20 46 64
324 340 66 32
32 572 78 32
1400 302 68 36
1564 674 66 32
644 578 62 36
82 798 60 38
1596 56 80 42
1622 604 64 40
488 684 54 50
78 602 66 34
1600 526 72 32
1040 484 52 50
586 402 32 46
940 574 54 36
1000 78 58 42
1578 834 56 40
1002 320 64 34
1260 496 66 32
158 812 70 32
718 344 50 50
32 520 60 40
830 588 60 36
1196 142 38 38
980 134 60 36
860 706 60 36
1108 650 34 60
798 754 66 30
1064 212 50 46
92 648 52 46
836 384 32 46
1260 162 64 38
1672 786 60 54
976 216 52 38
1248 0 54 64
1024 244 50 48
452 170 66 40
934 952 62 36
230 870 64 38
326 380 62 38
628 448 34 46
136 572 62 38
346 946 60 48
800 308 30 38
242 658 40 48
890 900 48 44
1032 400 44 56
42 322 80 36
1798 524 86 34
868 628 42 32
802 376 30 38
1168 536 30 40
666 648 52 38
1116 314 44 44
918 458 36 44
470 0 56 54
1338 236 44 42
366 740 54 38
1044 22 44 50
1216 754 56 36
1386 258 56 42
738 276 46 28
1784 564 88 42
586 716 50 68
1086 394 34 46
914 194 62 34
828 334 42 34
792 602 42 50
950 476 48 30
1064 928 44 58
1130 120 52 20
688 726 62 34
1722 266 58 38
400 676 24 44
766 328 36 42
936 266 46 52
1208 202 56 34
1524 366 50 36
946 616 46 28
806 228 36 38
124 684 60 42
830 304 46 28
1578 622 58 36
832 276 70 36
346 670 44 36
1812 900 84 42
336 922 46 40
1646 566 84 32
1042 740 58 36
538 408 34 42
154 932 60 42
904 378 50 46
432 62 46 18
1030 902 36 44
918 240 30 38
448 384 70 48
1472 484 50 40
526 358 36 42
1226 104 40 38
898 428 46 30
412 650 52 34
782 248 42 34
660 508 42 28
834 918 60 36
1096 474 34 48
314 848 38 38
1544 936 72 38
88 40 78 58
386 20 50 52
924 260 42 36
1092 910 48 30
22 158 78 62
40 454 72 40
800 660 20 48
1104 826 42 48
82 302 72 40
402 64 38 22
964 722 38 40
568 60 48 24
1682 446 78 34
1154 486 32 44
1050 960 36 36
766 696 64 34
1248 132 54 24
748 220 44 34
974 736 54 52
1118 90 52 40
1068 796 50 40
526 724 44 50
1120 234 44 28
1066 400 32 48
1784 850 86 42
754 238 38 34
1178 122 38 28
800 330 24 34
1650 862 78 36
484 502 62 28
1280 212 46 48
1786 796 84 46
1166 794 30 36
