838 320 106 60
1228 610 84 58
1012 486 76 90
1548 484 84 82
1684 618 114 56
1058 402 118 70
952 790 78 96
802 872 88 90
1552 658 96 62
1686 674 108 66
988 308 78 94
1116 606 96 76
884 430 70 86
942 340 68 100
1258 660 86 66
1248 434 82 78
1516 374 92 78
1254 184 94 64
1660 256 148 80
742 328 94 86
1012 24 66 70
154 32 76 114
1476 560 92 86
772 512 100 76
636 30 100 74
1128 214 74 98
1634 184 92 98
1036 818 82 90
684 760 80 94
624 298 102 64
1428 388 114 72
1406 144 84 90
1230 304 62 104
1224 66 90 80
762 78 74 88
1410 484 92 88
712 276 76 44
636 86 60 94
1622 488 88 80
1760 316 86 90
1068 294 76 100
1286 126 116 68
472 886 144 80
1544 726 114 60
866 710 90 84
1558 198 84 104
450 152 108 78
1580 318 104 76
1622 374 104 74
236 152 118 70
1022 184 128 56
1326 298 78 104
1550 970 114 60
1374 546 80 88
626 820 80 76
488 326 116 54
16 264 124 66
1074 128 74 52
686 98 86 76
16 808 116 82
672 396 98 72
300 662 132 64
404 216 116 78
1460 882 102 54
1490 206 76 82
1358 72 100 70
768 728 80 110
116 202 140 68
1592 912 114 66
26 122 100 66
62 8 88 98
1686 738 86 74
1080 908 60 86
1322 762 74 80
218 476 116 80
1072 20 120 80
1722 18 106 92
610 756 66 74
220 878 134 72
1552 90 120 72
1728 438 112 82
390 872 96 90
1134 758 70 106
1148 320 68 62
656 936 94 80
978 66 58 74
1164 140 54 70
1198 226 90 70
400 42 106 82
642 518 126 66
284 120 104 56
246 966 128 76
600 132 44 80
1686 156 94 90
604 446 82 102
140 582 88 102
610 646 74 100
56 956 98 74
1506 280 70 88
926 52 60 96
142 854 110 82
56 686 90 68
618 884 58 88
1222 522 68 82
1444 278 86 84
314 764 86 104
14 318 124 60
618 562 80 96
424 514 78 98
1078 738 74 70
352 956 112 54
226 0 90 94
1690 810 132 72
114 306 112 82
528 254 64 72
1664 120 114 46
1348 722 70 60
1234 950 110 52
1198 120 92 32
4 488 132 44
510 384 86 66
916 120 104 40
6 522 140 58
1164 408 66 70
408 368 68 114
176 682 90 92
1748 534 90 72
