1126 336 56 84
940 368 94 66
1066 430 70 86
1008 322 82 72
476 184 106 68
1160 200 58 94
848 590 80 72
466 260 90 62
1254 134 106 60
1336 554 94 72
688 368 92 64
362 296 90 74
924 594 80 86
614 88 100 56
850 778 82 78
1224 336 66 76
1104 630 78 62
1232 548 128 60
634 16 84 76
1226 186 60 94
1068 168 64 56
746 584 98 46
1238 396 94 48
920 210 92 64
806 480 70 66
1224 614 72 82
1004 956 100 52
1086 86 86 68
738 160 62 102
1064 684 80 52
622 772 104 66
412 358 98 66
408 134 92 78
494 318 88 74
778 158 88 70
1272 668 66 66
272 0 118 76
306 896 100 86
418 222 78 62
1458 74 98 58
1142 770 66 86
1302 710 80 68
1708 246 116 60
1112 196 60 62
1646 60 78 50
1308 470 78 58
1094 744 78 56
644 498 88 62
816 60 72 86
152 840 76 80
1604 562 126 58
66 686 86 64
1238 448 92 56
614 148 94 94
974 44 110 68
1234 74 96 72
202 678 80 44
502 986 102 72
1466 528 106 72
1168 594 52 92
630 862 108 94
140 332 98 72
32 190 82 102
222 436 96 96
76 562 120 56
448 888 72 114
70 954 84 68
112 218 96 96
52 848 90 98
628 966 74 88
344 188 102 64
1190 60 46 72
186 718 88 60
114 128 128 78
144 920 118 90
1382 1000 86 58
198 630 78 48
1716 200 84 46
280 62 106 86
620 410 116 44
438 6 102 46
332 530 78 90
54 408 92 60
1120 856 78 60
1062 898 104 76
12 300 114 78
50 126 76 54
18 60 82 38
36 482 110 92
640 464 76 40
74 14 66 60
