1152 204 60 96
1296 312 88 68
1308 516 98 62
726 574 78 68
700 694 88 60
850 638 68 78
1076 574 70 78
1118 322 88 68
714 748 84 72
872 744 88 62
1076 424 76 72
938 372 88 50
984 434 84 62
636 750 80 72
834 118 80 74
384 838 106 56
1598 304 106 86
818 864 108 62
268 626 98 52
1366 196 108 58
1654 604 86 68
678 144 66 78
980 80 80 70
618 504 70 74
1088 892 78 72
1544 614 84 88
732 126 76 70
88 506 108 56
498 744 96 74
1460 344 110 66
838 220 70 108
920 318 82 70
336 680 78 88
402 592 88 54
938 580 72 54
486 592 114 52
192 202 112 64
158 846 92 88
1686 732 108 56
614 862 100 56
802 16 72 100
1594 750 112 52
1696 790 80 86
68 954 86 70
862 20 78 74
882 590 68 64
788 468 76 58
1306 598 66 88
678 476 74 60
1714 96 98 60
228 690 78 76
362 496 100 66
1152 838 54 72
262 562 96 56
1250 100 86 58
1536 508 96 54
1356 24 66 76
1538 878 70 92
770 188 92 64
436 50 86 90
1228 672 104 48
500 334 94 76
1650 174 146 56
362 436 84 46
150 80 90 70
502 954 88 98
148 140 100 62
14 618 122 46
626 636 72 56
666 400 86 54
520 14 66 100
1646 472 76 76
1238 926 72 48
180 714 66 100
1488 126 66 92
1736 240 84 60
1614 892 80 68
56 276 134 74
0 192 100 70
320 330 90 72
1086 972 62 78
64 692 84 54
608 684 70 54
1260 162 58 100
1234 184 54 102
256 350 74 66
1816 840 68 82
228 284 96 76
12 488 78 56
1690 424 80 70
608 400 74 48
58 0 82 34
1616 982 82 76
54 414 94 56
206 0 84 56
28 116 106 80
74 24 86 86
596 62 58 52
126 0 82 32
630 922 42 76
12 14 76 74
1810 462 88 62
1540 66 76 90
