1418 580 70 130
992 710 100 94
778 214 62 130
832 130 98 94
1522 168 136 78
922 322 82 100
1558 374 96 94
1044 126 84 112
350 702 90 98
252 0 86 114
350 84 104 90
836 18 110 92
760 854 70 116
1320 670 78 118
1380 726 110 88
658 184 92 102
1124 188 76 114
1464 222 82 102
1314 568 130 74
778 648 84 110
1046 446 106 80
1082 518 72 112
980 220 76 108
888 234 70 114
1138 582 66 124
1350 90 98 90
950 476 90 102
1414 388 128 76
172 620 76 112
754 60 94 62
1388 170 138 76
390 772 100 102
1580 60 68 112
110 34 82 118
786 322 140 78
1374 906 104 92
966 800 112 78
828 872 86 98
1444 60 84 106
1246 100 96 78
1320 336 72 108
912 102 76 98
364 858 104 86
1680 506 102 92
1230 360 108 86
138 470 106 92
1464 742 76 112
146 732 82 106
924 592 112 80
1244 258 122 76
356 632 138 74
370 272 70 124
192 56 94 90
40 862 136 98
606 354 90 92
994 320 106 80
298 222 66 128
842 522 90 96
448 700 92 98
464 610 124 86
1056 360 88 100
194 232 100 90
1214 734 142 92
1292 498 128 76
114 310 138 74
1682 342 96 98
694 526 92 96
666 764 114 80
1242 642 84 90
1308 24 146 68
1612 268 74 120
1460 538 154 78
220 804 136 70
290 918 102 116
634 822 100 90
1054 866 104 92
632 36 136 88
1436 460 130 74
406 12 116 78
402 554 118 82
170 140 100 106
852 434 88 90
1658 874 108 92
1118 754 96 86
982 536 114 76
1338 826 124 80
800 764 130 84
18 218 160 72
246 582 90 94
870 716 84 102
6 118 102 72
1232 174 106 84
670 612 144 74
900 886 70 122
806 360 56 136
1160 286 66 118
32 690 98 70
416 480 116 82
1032 252 100 92
1524 736 92 92
758 512 98 82
252 864 108 84
1258 808 92 98
302 442 80 108
168 874 88 94
216 680 138 82
1730 222 114 108
734 338 78 110
956 868 82 92
1690 608 152 70
400 466 38 100
1052 926 90 104
1706 440 124 84
676 892 80 104
1122 60 100 78
800 10 54 92
1542 648 142 86
100 584 104 84
1596 790 110 82
582 482 112 64
1498 894 112 82
400 196 112 84
1630 696 96 94
224 340 136 76
584 144 56 110
982 22 100 42
436 376 146 62
322 122 86 104
626 100 112 90
658 680 106 80
516 724 82 84
0 604 122 82
126 966 140 92
1698 142 126 76
598 742 98 84
618 896 68 102
0 60 108 46
644 568 74 84
400 120 74 54
1770 790 72 62
1722 24 126 72
456 108 84 78
0 824 96 90
598 648 82 78
1214 520 76 122
1534 276 102 110
622 430 118 62
1712 84 118 64
486 206 102 84
