812 316 68 44
386 270 66 38
1600 702 74 38
1486 594 64 48
676 226 66 56
1266 608 68 40
1646 274 74 54
112 720 86 36
1560 80 74 54
994 320 68 42
456 404 72 42
1668 484 58 56
750 686 66 40
1180 670 46 56
194 304 68 48
74 218 80 54
1376 628 50 56
820 518 64 48
646 628 52 54
482 632 62 46
286 842 88 40
1316 952 74 42
926 412 46 52
698 530 66 44
1040 692 72 38
676 110 52 56
116 964 86 40
1596 482 76 38
946 54 72 48
1306 668 70 46
916 666 48 60
922 556 56 42
1472 398 78 44
1052 214 72 50
60 648 88 36
1184 398 50 56
1270 452 66 32
1170 618 46 44
340 774 60 48
476 770 66 34
1228 798 64 40
470 808 74 38
1078 124 68 38
1066 792 54 42
852 392 62 38
444 508 72 42
126 168 80 60
1420 792 54 56
1428 574 76 30
1412 600 60 46
1250 654 54 52
1042 182 68 40
678 398 68 44
1218 896 62 42
1074 546 58 40
1208 164 62 38
688 310 48 58
1386 406 58 52
1204 40 64 50
808 830 56 36
1104 594 42 66
392 528 44 54
1818 716 76 52
578 418 58 42
770 454 44 50
1036 472 64 36
586 676 80 40
830 714 42 50
820 978 58 46
1070 504 48 48
1010 496 46 56
762 580 84 54
644 568 66 44
454 118 66 54
988 898 42 60
1184 312 54 40
842 862 54 56
1320 158 56 44
1182 726 76 32
974 392 52 48
286 648 74 34
714 452 56 50
1200 460 46 44
968 608 46 48
436 604 66 42
610 322 66 50
714 368 52 48
26 544 74 34
588 866 84 46
100 550 70 44
188 504 68 36
894 594 60 38
1238 476 50 52
1546 914 64 40
372 92 76 46
226 946 74 40
1174 956 62 38
1110 378 48 66
1100 282 56 52
600 760 48 56
326 26 80 40
84 268 60 46
616 154 88 42
674 34 54 52
634 544 68 36
1694 334 60 56
1188 120 54 44
1216 198 72 44
152 540 80 38
1664 584 102 42
196 620 80 38
1468 990 64 42
1070 64 48 56
432 168 56 50
76 906 80 40
32 360 92 48
1290 326 52 36
468 44 60 62
1186 508 46 52
868 632 42 60
1172 780 40 48
862 948 56 52
384 148 64 40
1364 228 58 40
1720 252 84 62
526 668 48 58
58 846 82 46
1390 192 62 42
118 1012 80 38
1692 50 88 72
36 452 76 42
516 936 56 52
1352 168 60 52
1114 792 40 70
708 480 54 40
1366 332 46 64
0 610 84 40
378 984 64 44
506 180 48 44
1246 348 66 36
1084 358 42 54
586 164 70 42
1240 940 56 34
1042 406 76 44
276 734 62 32
1220 0 70 46
400 716 80 50
802 586 30 42
274 698 60 36
1088 916 44 54
588 260 78 56
996 24 66 38
1812 450 78 52
1804 878 68 44
346 0 56 20
1116 314 52 44
