876 114 68 84
914 296 62 86
970 452 94 66
1280 332 66 70
1092 432 58 76
782 314 72 84
768 540 64 66
684 360 68 70
160 706 88 66
460 282 92 80
838 696 76 66
404 616 80 50
362 338 68 82
1074 180 94 58
1026 376 86 50
510 216 80 82
1354 294 68 74
1100 794 76 88
1632 736 82 66
684 776 82 102
1066 276 68 64
1382 542 92 56
1078 668 64 74
228 56 102 70
1242 130 86 54
1134 242 68 82
620 214 78 78
988 958 62 68
288 478 80 48
892 930 90 62
896 442 60 70
1548 502 88 46
690 506 60 74
246 674 70 76
1400 740 78 56
948 660 72 38
1262 782 80 50
1076 608 74 44
372 146 74 64
822 404 70 62
1634 220 100 68
952 600 78 52
630 138 84 70
648 50 60 92
400 986 78 56
646 764 54 88
1662 446 108 42
1110 102 50 68
360 224 92 60
770 954 90 76
78 586 90 66
922 994 78 60
1696 140 88 74
304 682 68 62
1052 54 60 80
610 298 82 58
118 778 86 88
1646 128 90 60
650 940 82 90
976 68 80 58
1320 108 86 56
700 320 88 46
348 726 72 70
854 462 52 80
278 898 94 62
1752 202 60 76
462 12 60 76
212 448 86 48
1368 62 76 58
434 666 80 66
60 954 94 70
1226 882 64 66
1380 210 102 68
1658 490 108 78
1138 64 74 44
36 124 94 68
66 694 80 54
554 870 60 74
1670 60 78 68
80 0 82 94
364 912 96 56
228 544 84 60
112 240 80 76
284 966 104 52
124 122 114 62
870 22 74 68
804 482 60 56
106 880 100 82
1226 984 86 50
546 630 66 76
72 226 54 74
68 872 76 70
950 22 74 42
614 26 54 62
842 984 76 50
1216 28 48 80
0 226 80 58
318 1000 90 58
1340 820 58 44
56 424 86 44
1162 348 50 34
28 0 72 56
764 456 50 58
