988 280 76 60
1072 236 98 52
976 580 58 66
1094 536 98 50
922 212 58 86
198 854 90 70
772 266 76 88
830 120 64 76
846 194 72 66
810 674 100 62
876 498 76 78
1014 788 88 64
1362 152 94 62
868 398 72 96
1038 146 58 78
948 422 92 58
374 210 96 74
1234 366 82 64
816 398 64 102
1508 286 88 56
1238 188 82 64
1070 952 96 54
1320 286 68 90
1462 334 92 54
938 900 74 76
368 102 94 68
306 678 70 76
1640 288 86 52
430 664 74 82
230 614 78 76
988 462 72 60
300 952 114 62
1508 176 96 54
668 360 80 74
670 498 64 96
768 860 80 66
142 470 96 76
194 656 70 80
1006 916 74 60
780 596 56 70
1226 74 84 76
760 784 72 72
1650 62 96 66
1368 596 88 46
1070 668 96 60
518 234 76 80
1260 792 84 64
886 120 78 62
1038 672 60 78
324 538 114 58
1146 782 56 62
1084 294 62 80
472 194 66 92
1742 340 74 60
1228 516 86 50
770 540 78 58
648 242 76 64
1092 68 80 86
500 754 104 52
1636 594 86 60
1568 146 94 54
1146 322 48 102
334 780 80 76
622 192 92 56
1688 304 68 64
1336 828 60 82
1304 60 112 58
616 282 70 96
1224 730 96 48
1228 450 96 54
620 86 100 70
626 18 72 78
514 140 78 60
156 28 108 74
8 198 102 74
54 688 100 60
66 956 90 66
302 628 90 46
826 574 70 50
238 234 94 80
44 128 88 62
1500 92 56 68
136 724 102 74
1232 956 94 54
124 782 86 42
1476 60 84 54
10 22 110 74
1672 420 72 76
1090 26 72 46
44 872 124 70
140 982 130 50
1156 144 62 68
134 666 56 60
640 888 96 58
1486 16 66 48
664 440 74 50
1176 320 48 102
646 824 54 62
90 84 140 56
1206 756 46 86
1734 60 92 58
618 564 46 78
38 596 114 64
1200 120 88 36
