1644 162 96 56
854 328 68 44
1104 242 54 70
850 458 56 64
1448 84 66 64
190 382 64 48
744 456 48 54
806 474 42 62
280 868 66 50
1016 604 54 62
1034 446 78 38
862 560 54 58
64 578 74 42
1590 544 72 64
404 694 66 42
462 358 72 40
1016 384 42 64
118 944 88 56
856 730 68 46
1120 362 42 78
230 978 72 48
910 626 58 44
914 938 46 62
118 340 60 46
590 700 78 38
1076 638 62 42
1212 420 66 46
1060 926 50 58
708 146 68 44
1178 388 52 64
734 566 58 46
1174 692 58 42
742 324 58 44
138 490 64 50
1042 690 50 62
1666 556 110 72
8 150 96 72
764 220 50 56
596 486 68 40
1176 504 56 58
1788 852 78 62
198 670 60 38
1056 120 88 54
726 280 64 38
774 612 40 52
596 888 50 72
46 300 76 66
46 708 74 56
768 870 54 38
30 890 88 66
816 992 78 32
594 954 74 44
94 398 78 36
904 666 46 50
1470 792 94 32
746 120 68 40
1094 904 46 72
1444 646 86 44
60 794 82 44
710 196 54 40
1170 732 76 46
1136 82 42 78
1806 964 64 46
1196 472 66 42
802 876 22 58
724 264 40 34
1700 310 90 48
732 84 60 36
1162 360 40 80
1676 880 32 42
740 606 34 40
