1098 358 66 82
1042 550 52 82
1566 496 80 56
910 480 84 56
988 484 94 54
950 176 78 50
294 272 92 90
868 528 66 66
1084 452 62 68
456 256 70 76
920 712 52 76
782 542 94 40
194 464 94 66
1288 252 72 56
846 704 54 74
1290 808 54 82
1384 896 74 72
994 710 52 76
652 82 82 82
1128 582 56 64
872 284 54 94
638 864 94 50
808 168 82 48
828 418 76 56
650 784 78 66
960 234 62 82
718 262 78 48
58 318 102 66
616 336 120 48
1616 962 80 58
876 242 68 48
736 786 56 74
760 404 80 54
314 460 72 78
1352 790 58 76
1334 580 66 44
790 764 74 54
872 626 78 62
638 534 84 52
448 502 76 52
510 338 84 50
430 868 100 48
1110 170 62 98
1320 450 74 66
1106 828 64 56
1638 134 70 58
1638 722 72 48
426 922 88 60
636 674 80 50
1238 392 88 44
202 866 90 46
1676 362 122 52
1654 20 76 50
302 192 130 64
1062 108 64 68
452 560 92 38
1502 860 64 64
816 368 58 56
1260 534 88 48
178 132 62 64
1240 958 74 46
790 640 78 66
1172 40 50 88
1020 782 68 52
1250 156 68 56
826 946 82 50
1096 736 72 46
1604 780 68 66
722 634 46 78
674 498 76 42
1240 90 72 54
118 450 92 74
756 578 54 82
1232 438 96 44
1140 748 56 72
712 208 84 42
334 52 72 84
1402 88 50 62
736 170 82 48
814 264 52 66
1106 86 58 62
1292 130 78 52
14 214 94 54
1132 286 86 52
280 770 66 74
1692 998 80 54
1664 606 102 38
616 168 82 78
1088 644 76 52
1662 78 76 56
126 534 78 76
1000 880 74 60
1730 60 80 60
654 608 68 62
980 946 86 56
1268 648 74 46
220 748 86 56
632 584 74 52
104 88 106 56
1554 290 62 66
696 410 76 52
1712 702 62 62
144 910 82 58
266 920 80 52
54 770 76 48
1736 174 76 66
1360 124 70 72
200 114 80 64
114 168 88 56
236 594 120 44
1094 902 72 56
548 814 64 54
30 822 90 62
1510 598 84 46
24 266 94 60
1252 674 62 68
1370 36 76 52
1206 604 40 76
520 154 76 54
1630 852 114 76
1232 1004 62 54
28 122 102 66
542 232 52 68
812 218 64 44
608 60 60 84
70 516 84 68
252 680 68 60
68 950 88 76
1534 60 72 46
1046 860 64 58
176 700 92 54
276 642 70 68
40 24 110 74
1442 120 80 58
88 190 72 76
564 938 56 74
1652 456 64 54
1238 28 56 54
1216 752 44 66
798 982 66 58
1732 792 62 46
1654 768 58 56
288 976 68 52
1088 678 70 52
530 750 88 64
1738 650 62 50
508 910 72 50
610 476 54 68
178 350 86 50
420 184 68 56
1586 264 74 44
198 926 62 54
1288 22 70 44
50 414 86 52
1722 912 64 60
170 814 70 48
52 872 96 82
20 612 172 60
1302 68 58 48
1600 440 78 48
204 970 76 46
70 682 78 62
