922 736 92 60
1050 258 84 70
1294 132 118 66
408 256 100 76
940 854 72 78
698 378 98 62
1128 204 70 82
1228 304 68 86
1070 680 96 52
354 344 88 60
1514 554 86 72
1508 734 98 64
812 586 90 68
730 794 74 92
466 820 98 58
1036 838 84 70
696 650 72 72
1730 122 100 72
1292 288 78 82
1014 376 60 96
1500 274 100 72
498 938 86 86
480 338 116 52
1102 372 78 74
466 496 94 76
850 114 100 72
930 48 90 64
848 428 102 70
664 132 90 64
432 190 98 84
1244 642 86 64
398 466 86 74
1394 632 68 94
1540 168 110 56
1002 304 104 66
1370 876 90 70
682 548 88 56
1408 756 102 58
1422 168 98 66
1306 228 102 66
956 922 84 58
948 542 56 90
746 248 72 94
1300 562 92 68
1090 176 58 80
1406 20 90 78
1102 20 70 72
966 408 64 80
1070 406 68 66
632 720 108 58
1548 462 86 58
1338 696 84 60
318 738 98 62
278 108 92 92
628 904 120 56
1090 730 86 60
782 928 66 92
196 566 106 70
1050 132 56 62
1584 776 84 72
1344 750 78 64
1466 52 90 64
1002 532 64 76
82 624 146 56
746 482 94 46
430 60 94 52
234 234 100 84
1412 278 74 106
824 326 94 50
1492 120 60 86
1466 494 62 86
648 570 64 94
620 94 92 64
1282 728 76 78
898 576 62 88
1346 824 60 84
1142 860 64 92
1010 186 84 52
162 440 98 86
840 970 90 60
1096 462 84 56
1258 570 64 76
1302 428 94 58
1616 694 84 68
1066 580 76 58
6 498 98 58
1416 92 88 82
708 964 96 60
834 498 70 100
660 490 70 94
1108 882 60 82
1248 400 114 54
1564 206 78 78
1446 646 78 70
688 18 80 80
250 40 122 76
178 306 110 66
1652 506 74 70
1528 108 78 60
244 760 102 82
318 848 112 68
672 216 60 78
1336 500 72 74
1628 442 74 70
258 330 110 76
626 656 74 78
94 28 102 74
56 306 132 82
1058 510 104 72
1388 498 98 70
1142 602 70 74
1466 822 66 70
602 224 72 80
826 374 94 58
1740 212 88 88
1558 16 100 48
1166 40 56 82
28 114 100 74
746 336 96 58
808 186 80 86
280 698 92 64
1164 484 58 94
210 158 94 86
228 910 90 62
1000 44 96 66
1216 860 60 68
1604 544 68 76
788 514 58 88
770 172 58 86
1654 664 78 70
1232 204 58 62
1536 512 92 46
614 170 76 68
482 708 70 96
1428 972 76 72
1258 26 102 60
314 468 98 58
1456 920 100 56
674 858 100 64
1228 488 80 66
1696 432 90 66
1716 714 86 90
172 702 76 110
1626 1002 94 58
272 0 128 52
1674 622 104 70
628 778 72 86
1288 482 94 58
1178 254 50 80
338 784 90 72
1236 74 80 68
810 294 82 52
1656 368 114 56
12 768 100 78
1702 46 122 82
14 8 96 84
1508 804 84 70
242 824 80 86
230 666 98 78
1670 786 128 72
528 60 58 74
170 516 98 68
218 426 106 50
1718 556 76 66
56 684 94 66
534 762 74 84
404 544 106 92
478 392 88 58
602 488 64 64
470 634 114 72
744 16 82 78
54 954 100 64
122 490 78 80
518 452 78 56
526 700 70 78
1520 958 72 70
1568 66 74 80
1660 276 140 60
1276 192 72 70
812 18 72 48
1492 212 72 64
702 190 84 66
1714 360 112 58
60 546 110 66
48 866 126 102
1218 580 50 80
1080 968 68 62
318 920 74 76
1028 960 50 76
178 368 98 44
1682 224 82 52
1610 832 132 66
1724 308 76 48
1164 144 48 62
296 500 86 102
1636 942 94 62
1708 488 74 84
