1396 428 78 44
826 474 66 38
876 328 54 68
1616 614 58 50
716 52 56 58
1054 230 70 38
858 662 60 38
1340 292 66 46
970 326 46 74
912 82 60 58
762 596 66 40
426 214 66 38
970 266 60 38
452 400 68 56
40 622 66 50
802 678 42 54
8 244 94 76
422 248 50 54
1066 668 50 52
1302 612 68 32
576 282 58 80
654 394 50 62
112 614 72 36
84 652 74 46
1056 374 48 50
596 574 76 44
76 796 72 46
750 344 50 64
954 862 48 54
1670 502 96 62
588 376 70 34
1048 180 64 38
1824 366 76 70
446 342 68 48
860 66 52 76
1214 118 64 46
568 0 70 96
464 156 62 54
410 800 70 46
1054 496 42 58
640 530 52 40
854 828 60 34
138 500 72 40
478 106 68 60
1584 478 58 36
48 712 70 48
576 396 50 72
584 660 86 40
1194 164 82 42
860 120 50 20
1052 710 46 66
1170 380 46 58
1030 92 60 50
670 232 62 42
1162 742 32 38
1106 516 42 64
1044 946 54 60
488 186 64 50
908 828 42 52
376 496 68 38
1184 428 66 44
640 296 64 44
216 576 78 56
1088 82 62 72
1728 250 70 80
1518 22 66 52
600 240 46 62
186 872 54 52
1776 724 102 56
6 146 100 78
1190 492 48 56
290 584 66 42
1480 28 52 54
800 596 20 50
1138 76 38 88
140 832 90 40
968 826 66 34
1182 88 44 62
288 650 64 40
750 262 46 60
30 794 58 46
1586 36 74 58
330 544 68 32
132 876 54 42
1066 788 44 46
1792 566 58 50
1292 2 46 28
490 316 50 58
0 364 106 54
1792 526 60 42
1174 800 42 30
390 864 100 36
