446 170 100 58
944 776 112 54
1136 600 66 78
922 260 68 82
1112 336 68 80
1672 744 108 54
944 542 88 50
1642 140 78 62
1078 156 90 58
1338 208 100 58
960 490 88 48
216 818 116 54
810 172 84 102
694 774 82 90
904 430 64 92
318 776 92 68
1050 766 82 64
970 638 102 50
1076 466 88 54
620 354 86 58
1002 326 70 78
994 160 78 74
940 354 66 52
810 534 74 62
452 242 106 50
1036 290 64 70
680 392 88 56
1032 596 92 52
788 324 66 72
190 906 104 50
10 210 130 58
1120 890 74 60
366 302 64 88
968 398 58 74
678 496 74 90
764 260 80 72
1238 392 92 48
318 514 82 66
682 86 74 84
442 496 78 84
736 578 82 58
286 280 94 72
1692 182 74 60
334 652 126 54
1076 712 74 56
162 728 92 86
884 42 70 88
456 644 80 74
1736 140 88 66
1068 232 80 48
382 44 94 86
1700 70 86 56
180 446 84 56
60 784 120 80
418 318 84 90
760 68 70 78
242 216 86 78
828 614 60 70
610 78 64 100
624 242 64 88
646 696 96 74
1590 644 76 54
1094 78 74 70
1700 436 82 74
1510 528 90 50
280 618 96 60
690 20 102 60
750 634 98 68
1332 436 70 74
1098 282 68 48
1670 348 96 58
1088 22 92 58
258 6 112 68
1616 20 116 46
244 462 78 76
428 878 86 70
1578 784 94 52
460 306 90 62
1450 136 66 64
1390 72 56 70
450 86 126 64
1682 246 106 60
1622 462 70 70
1078 656 64 52
1312 968 94 64
48 686 110 66
1626 416 82 50
88 618 122 68
102 464 106 90
46 122 88 70
60 952 104 70
4 482 100 64
638 846 62 112
348 892 86 66
1226 696 100 50
1708 608 100 58
1322 670 80 52
264 90 90 70
1716 298 94 58
1074 956 76 50
548 654 66 68
1452 466 92 44
400 984 104 70
1230 744 82 50
1316 60 100 56
488 952 100 72
32 588 90 94
1240 112 74 82
150 60 92 54
1602 962 84 46
1196 318 54 100
1218 892 78 52
320 574 126 52
720 924 84 76
104 52 102 90
1454 396 64 58
608 16 56 64
1820 626 74 86
120 0 146 64
