1418 640 78 84
1582 300 84 74
924 290 74 80
1114 300 74 100
1000 172 84 78
1100 732 90 64
724 250 92 78
1130 466 86 98
1422 772 94 70
1232 178 74 90
1314 288 124 54
1262 540 70 96
852 832 122 66
660 222 104 70
856 76 96 74
1622 498 128 60
1060 222 94 66
286 186 90 112
864 602 98 66
1242 720 80 78
1048 656 112 64
806 618 76 60
850 668 68 88
1538 618 118 52
1282 454 100 68
1582 60 96 56
1324 344 84 74
416 218 100 84
1404 916 74 78
1120 598 82 90
834 366 94 72
1472 452 82 84
1474 174 106 68
1004 52 92 86
296 164 144 66
804 868 74 92
836 172 78 92
1078 396 94 50
1462 236 86 74
1076 442 96 56
1412 26 108 42
1240 394 100 72
810 736 88 76
1258 126 120 68
984 444 72 114
1666 298 120 62
1584 420 94 70
280 4 122 72
1112 864 80 90
762 778 84 78
476 96 94 78
178 60 136 72
1226 318 62 90
1284 612 110 48
1628 668 84 54
1222 782 92 56
1338 828 110 70
1558 144 68 84
1476 324 104 72
1402 426 86 70
0 240 146 66
1464 382 82 52
344 508 110 80
1536 520 92 98
376 86 94 76
594 144 76 108
1078 142 92 66
838 914 100 86
1704 360 134 60
686 22 96 70
72 818 86 82
1272 646 90 70
682 122 126 74
422 60 88 74
12 282 92 102
8 486 116 86
778 40 88 98
68 60 86 50
1692 806 98 74
1604 114 84 96
1740 616 80 66
1082 98 92 54
1730 84 98 68
24 118 102 72
382 568 88 106
1216 468 56 102
4 598 98 92
914 444 80 54
1676 188 112 70
1624 572 112 68
632 756 76 64
0 0 76 40
1736 468 98 50
1692 60 86 62
12 880 98 76
1060 944 102 80
436 828 76 110
740 384 82 78
1252 88 78 60
1646 714 90 50
332 350 120 84
132 0 102 68
600 82 44 78
400 356 38 78
1706 676 100 68
814 434 102 72
622 932 70 60
