686 48 52 68
210 398 84 36
238 130 60 52
824 320 44 54
890 312 56 40
748 230 68 36
640 224 58 50
924 220 60 46
328 110 56 52
394 246 60 52
454 142 76 52
336 376 56 42
292 764 48 52
844 378 58 40
584 102 56 74
916 500 44 54
802 422 58 42
584 640 42 34
1102 264 48 46
216 304 46 58
898 658 48 56
400 376 72 46
736 436 48 46
486 352 50 42
662 762 68 32
348 650 70 32
1052 498 50 46
134 314 56 52
580 212 60 40
956 406 54 46
100 450 38 34
962 492 52 42
666 850 44 54
264 304 62 40
324 570 60 42
592 296 62 44
590 806 56 66
602 12 56 74
122 704 76 40
1080 666 56 46
860 416 46 54
800 506 72 42
1244 296 58 34
1184 132 62 38
248 60 88 42
804 694 36 40
766 604 36 42
812 164 48 64
86 236 70 50
598 544 58 34
744 186 60 40
86 904 60 50
1326 198 54 42
708 648 50 30
1254 678 44 56
962 180 68 58
210 790 46 32
1218 174 52 36
298 704 50 50
846 868 48 50
1238 568 68 28
1364 274 48 60
478 766 40 36
438 430 66 40
688 322 52 44
1110 304 54 40
958 658 34 44
896 394 44 60
860 136 60 42
108 666 62 38
24 164 84 48
1106 374 50 44
576 444 38 34
1114 94 50 52
1286 244 50 40
660 540 52 28
320 968 66 32
1212 680 40 38
300 4 60 68
1228 792 64 34
780 664 42 32
200 618 68 34
1374 606 60 44
40 242 62 54
28 562 58 48
802 816 60 34
800 240 26 30
1186 678 40 36
1420 590 50 58
1110 532 52 50
1002 992 38 36
748 398 40 32
750 330 54 46
866 18 66 44
1058 454 36 30
1288 308 64 48
356 2 86 52
