990 616 70 58
1506 718 76 64
1404 704 68 88
314 684 114 68
1006 498 74 78
1020 314 66 80
916 162 106 62
1066 686 100 48
782 510 72 78
790 250 68 92
994 884 72 72
1322 850 94 62
984 432 72 70
1086 478 72 78
1084 808 80 74
870 490 62 64
1450 106 88 70
1044 234 98 50
888 760 74 68
656 376 102 52
684 256 80 72
934 950 90 48
1232 384 96 56
1222 334 74 66
1318 586 92 74
614 328 116 46
1402 418 78 58
1382 482 84 66
1230 30 60 104
1518 554 80 78
1562 512 66 72
1402 300 94 52
432 608 90 52
1568 446 78 44
722 654 70 82
764 440 72 56
1252 498 92 46
1518 136 80 84
1080 422 82 58
906 524 72 52
896 304 68 74
948 780 94 60
834 962 78 68
280 842 104 70
824 642 104 46
606 84 110 62
1282 780 96 64
1114 190 78 56
1154 474 52 92
492 324 74 80
906 890 76 68
1582 198 80 84
816 396 88 84
1650 182 76 86
1240 438 88 56
840 688 90 58
1590 602 98 78
396 124 88 70
1436 200 84 56
164 288 160 56
1634 68 80 58
844 226 58 94
1354 212 88 70
228 190 88 82
1074 738 112 52
276 912 98 60
710 48 100 62
372 760 110 52
1136 316 68 94
622 740 104 48
378 366 74 80
612 614 126 56
1084 376 80 56
704 90 88 80
604 20 116 68
498 154 88 72
640 802 120 58
1714 630 76 66
1118 882 58 74
908 268 80 50
1480 352 72 62
300 454 112 70
314 244 118 76
678 194 72 70
740 878 80 72
622 492 108 58
1644 520 90 54
1494 918 102 48
986 14 62 106
1242 680 88 48
1354 24 98 60
1252 142 78 48
1600 884 82 58
66 188 108 92
1074 114 94 42
1616 356 80 68
826 846 76 88
468 44 118 68
226 516 102 72
1462 872 100 62
128 690 124 46
432 366 78 80
466 806 92 52
1646 290 152 52
1232 736 78 46
1300 920 66 70
1696 922 80 60
1246 184 68 60
1374 164 104 52
1222 878 58 74
480 950 78 60
1034 40 66 78
1424 358 66 64
1726 180 60 56
1528 324 90 54
1222 602 64 94
986 680 80 54
1624 842 122 52
1078 154 86 48
318 168 114 44
526 668 70 52
1582 392 58 56
390 958 98 54
362 192 112 66
510 844 88 50
200 574 98 64
92 478 102 86
1686 744 96 54
462 668 72 52
1118 628 72 68
1696 122 92 54
14 310 80 74
1668 572 94 50
654 692 76 54
120 738 126 50
114 134 110 82
8 26 100 60
1616 962 106 60
1280 44 68 82
678 928 62 68
1162 816 66 60
1218 494 48 82
604 256 60 90
130 772 122 50
1672 402 104 54
1654 660 84 62
194 790 84 102
1744 220 70 52
1142 592 64 70
1064 904 64 58
396 810 78 62
1680 698 88 46
1148 866 50 76
418 28 98 64
62 320 116 66
114 648 106 56
1236 1000 80 46
1710 56 86 68
490 418 90 44
1090 84 88 48
978 720 66 52
1740 442 68 58
1162 26 50 84
160 454 90 56
604 206 84 66
68 600 104 76
1830 600 70 90
76 958 90 66
1708 342 102 50
1068 966 94 44
762 998 98 54
494 724 102 54
622 60 90 36
1678 18 110 52
20 60 78 38
216 452 104 52
1238 648 80 52
650 878 82 66
1826 468 68 74
