1014 162 54 74
1142 204 60 64
506 278 68 78
968 534 88 38
1530 856 72 60
1554 550 76 38
716 558 58 82
1630 634 104 46
486 18 74 86
514 166 86 80
196 68 102 62
1476 370 82 48
1572 790 62 66
992 252 52 62
546 650 62 78
418 640 88 42
1652 796 80 58
902 58 78 56
1448 514 70 58
1522 316 82 54
626 642 98 60
404 170 66 68
1420 958 82 44
1438 202 70 52
1090 442 76 46
434 582 68 54
868 342 70 44
934 288 70 44
1718 330 84 50
70 610 90 56
1078 160 84 52
726 784 62 50
1376 662 72 38
110 276 100 48
1336 140 68 48
90 522 106 50
148 648 104 46
80 220 78 70
230 312 102 42
310 524 60 52
738 20 60 84
158 182 82 84
1296 484 72 38
102 88 116 58
1084 398 86 40
1462 286 46 68
1090 636 52 46
1288 238 68 50
1406 26 82 50
452 386 90 58
988 26 60 80
404 288 64 64
1348 406 56 56
274 578 76 44
874 290 58 56
1036 806 58 76
176 446 70 66
422 462 66 62
228 160 96 56
1606 160 64 62
1648 118 68 38
1386 536 58 50
1154 602 52 42
412 692 58 56
660 850 60 76
1286 612 62 38
1426 378 62 50
236 802 60 54
46 122 96 62
728 950 62 78
1346 192 48 66
1694 60 68 50
1670 196 120 50
110 866 88 74
22 26 104 68
1658 502 68 44
550 970 76 46
1654 154 72 48
1282 74 68 52
224 736 58 64
1702 240 58 68
1334 96 74 38
1590 846 64 60
1268 558 66 42
1250 152 74 46
394 226 64 56
1720 518 68 50
344 926 62 46
280 1012 80 42
360 474 62 52
146 984 90 64
1478 98 90 44
182 890 52 78
1484 24 60 58
1298 322 58 46
64 866 76 76
72 950 88 70
52 770 84 48
1720 888 50 62
1740 262 68 54
1346 320 72 36
910 970 74 50
1644 246 68 48
230 868 68 72
374 840 78 40
1254 282 70 46
1386 172 50 58
200 342 100 78
270 232 106 60
366 670 60 48
1230 666 68 40
352 246 56 66
1442 740 60 42
878 848 54 56
1228 254 68 54
208 498 66 60
1246 968 80 46
694 424 70 54
372 724 54 64
1250 388 48 52
1272 204 72 40
1326 576 58 44
348 350 72 74
1112 902 64 46
190 694 78 44
1744 20 68 78
1000 882 60 48
620 578 56 52
674 802 66 54
1726 394 62 42
1304 374 54 46
1372 854 48 64
254 504 72 44
296 684 64 58
1238 852 50 52
1484 284 56 62
1128 846 64 44
1256 446 52 44
1350 356 58 44
638 796 48 56
118 8 94 72
1244 914 64 42
1484 60 82 38
276 636 78 38
18 592 70 60
1314 660 50 42
1664 16 64 48
272 924 66 58
304 836 60 50
30 210 70 76
564 822 54 72
1226 356 54 42
1394 710 56 44
1304 524 72 38
1294 24 70 50
1086 680 50 44
274 0 96 40
1732 826 50 58
1080 858 50 52
226 956 58 66
58 316 114 60
1846 596 50 70
1310 712 66 36
306 366 64 62
624 758 50 80
1142 792 64 46
366 622 68 38
354 788 60 50
66 682 90 54
