830 458 72 60
156 102 88 64
662 396 46 66
1632 270 76 42
924 760 46 60
1372 390 76 50
234 676 92 38
1202 668 58 54
688 534 56 52
640 238 80 40
300 544 60 54
1226 466 58 62
1086 258 68 38
216 794 68 44
724 972 54 60
126 876 68 70
650 804 86 42
886 640 54 46
592 530 46 52
420 922 74 34
696 392 60 46
150 46 68 44
1080 656 40 64
872 796 60 48
74 900 60 52
1044 728 56 44
1052 162 46 62
152 998 68 46
776 818 66 34
12 150 86 72
1042 772 60 42
234 536 58 50
698 606 54 36
1092 12 50 56
194 710 58 46
370 498 62 48
1138 14 42 78
706 688 44 50
1096 904 40 74
144 744 64 40
324 20 78 44
808 646 44 48
1184 760 68 34
576 250 58 46
724 642 56 38
696 754 46 52
734 746 56 38
812 698 62 38
44 710 74 44
1122 62 54 18
1176 524 36 54
1170 376 52 46
842 664 38 38
1184 982 78 42
1218 176 58 50
1198 480 30 48
800 776 24 52
1094 202 52 44
142 2 72 42
400 0 70 70
8 568 78 54
288 834 70 30
1216 208 54 60
1104 154 54 46
