848 840 94 74
1388 162 86 72
982 474 88 70
948 514 72 92
882 416 96 70
1012 784 86 76
1332 350 108 76
762 170 96 78
744 332 92 66
1286 644 100 62
1258 166 78 106
806 614 76 74
1114 340 78 70
1064 400 96 68
1074 860 98 80
1130 586 80 110
1238 320 78 98
1646 462 104 74
678 372 80 88
1064 696 114 62
892 256 94 102
1266 690 80 90
1542 866 98 68
1706 312 124 70
1080 164 102 84
1714 176 96 70
1364 662 94 82
1382 236 104 60
1360 784 90 92
1620 332 110 58
832 402 104 50
660 492 94 78
682 182 100 90
930 684 110 80
184 196 102 58
1632 918 98 78
1530 568 122 80
718 596 106 62
1324 512 100 84
734 846 82 108
328 980 106 72
604 230 116 80
1310 948 86 102
1624 826 102 66
1534 154 102 90
642 720 92 72
742 746 112 74
444 272 76 110
510 228 84 90
616 642 66 104
1320 268 108 72
1424 282 110 90
768 120 82 60
376 680 94 62
1632 252 82 90
840 500 86 110
1726 238 114 72
84 296 154 78
664 116 98 74
248 160 116 76
296 520 116 74
1424 470 100 66
444 708 84 98
1322 60 84 88
398 182 96 94
602 364 94 112
394 82 118 68
26 116 96 70
258 298 76 108
100 848 112 82
266 782 100 84
1256 64 80 90
252 450 120 70
190 544 120 74
400 8 60 82
1236 908 86 94
324 118 116 80
1706 808 116 84
76 756 90 88
1524 26 116 78
1662 78 112 74
246 234 124 64
1174 312 44 98
288 896 108 70
1756 8 86 76
534 138 62 102
764 22 74 86
400 604 46 78
640 848 84 106
168 958 118 92
106 646 150 66
90 216 112 88
1758 120 94 54
800 66 52 100
78 544 116 82
1160 680 70 76
54 958 92 72
1370 24 104 38
1206 60 70 82
132 4 150 74
618 16 66 52
0 0 84 38
0 832 78 88
42 684 98 76
662 974 108 76
532 858 114 60
1614 720 138 62
1492 402 74 80
1720 756 100 70
548 796 68 66
1694 670 90 72
1172 140 48 64
50 60 146 54
0 762 84 68
1082 930 66 116
