956 356 56 76
1096 730 66 66
1578 268 68 88
840 610 64 62
954 758 92 66
888 482 68 82
1096 590 54 80
918 90 68 80
1086 438 72 48
1428 520 72 76
1006 516 74 46
694 324 88 58
1134 864 58 80
474 198 90 52
802 318 66 64
516 250 68 74
1650 554 80 84
984 126 70 82
304 950 110 52
1122 342 76 62
1568 700 86 46
1596 796 90 62
1686 910 78 68
1632 168 76 64
1348 956 58 78
1426 224 58 74
1408 852 82 52
228 508 100 44
998 648 78 58
1694 150 136 52
144 546 86 58
850 926 80 66
762 532 74 74
324 810 78 80
946 868 76 74
1596 868 76 72
1050 882 72 50
280 600 100 56
228 782 98 62
488 650 92 56
388 770 70 80
494 384 88 70
1346 542 80 64
340 268 74 70
934 554 90 52
856 310 98 56
132 916 116 50
478 136 74 66
1048 184 82 76
708 638 70 52
628 390 104 66
1310 294 72 52
482 752 76 84
1322 900 82 46
1350 682 76 66
762 872 78 64
366 170 86 42
680 548 82 42
176 636 90 56
1250 404 68 40
1226 632 58 56
476 324 104 52
1656 110 84 56
1638 458 86 52
506 86 76 74
398 348 88 42
1348 226 80 52
696 490 66 56
176 134 88 78
828 702 74 68
1266 118 80 80
616 78 68 74
74 760 96 92
650 662 70 80
444 468 62 72
1236 698 88 44
1620 384 72 74
54 326 120 62
674 592 80 48
1370 358 86 50
1416 648 72 50
1690 52 80 68
150 774 84 80
1264 338 70 58
900 22 96 48
810 778 60 60
406 266 70 52
864 788 78 72
1224 232 80 56
518 506 70 66
1362 160 64 62
1232 448 72 44
1344 420 84 38
426 382 78 64
1688 692 90 66
614 266 56 74
674 958 66 58
1078 62 72 66
620 480 74 66
436 804 62 78
130 1000 118 58
1638 760 154 58
152 726 138 48
1224 744 90 84
1162 490 48 70
1480 896 62 64
1520 858 62 78
1698 598 94 92
1166 610 48 66
378 218 96 42
950 982 82 54
266 552 82 44
726 404 106 72
1232 890 64 74
482 840 82 56
102 186 108 72
1674 978 72 82
1416 408 68 56
66 950 94 68
1226 60 64 64
1476 680 52 60
1408 696 76 58
30 600 92 76
626 750 52 60
492 466 58 74
1680 388 112 50
66 682 88 66
672 846 74 100
628 20 96 78
1588 962 106 54
1022 934 62 66
1284 28 62 74
1188 332 44 84
1158 60 54 64
66 210 80 78
0 176 80 62
1080 954 60 50
114 32 70 68
1188 756 42 88
56 876 100 70
0 234 72 68
58 486 124 70
1218 504 56 50
32 122 98 72
1244 970 74 44
1698 324 82 56
252 0 74 36
1354 22 76 36
1716 288 96 58
118 0 58 42
430 952 118 76
