1438 410 66 50
1280 848 56 56
1520 530 78 36
1478 836 66 44
896 260 48 62
432 208 60 50
1010 106 56 64
1276 264 48 64
164 542 60 48
1006 834 64 40
664 396 52 46
1628 358 78 38
1340 546 56 48
470 390 54 62
1352 110 70 44
918 202 62 46
928 352 56 46
478 140 70 72
1688 482 84 62
106 772 78 36
78 386 84 44
1060 216 54 54
688 244 54 46
246 378 76 34
1002 56 58 46
392 930 48 52
124 662 68 38
840 304 44 74
1244 218 64 36
1006 630 50 54
1374 504 68 32
102 502 74 36
428 38 82 42
154 622 74 34
634 664 60 48
1294 954 66 40
154 858 56 42
606 632 52 52
492 662 60 42
1110 240 50 76
802 210 54 40
480 610 56 44
1298 466 64 36
802 308 44 58
422 704 62 58
668 892 68 36
1800 400 100 42
790 436 42 54
1272 30 56 56
1258 580 58 40
966 458 52 46
748 380 52 38
228 768 84 58
64 652 68 34
72 784 52 56
1192 506 34 42
1222 714 54 50
1104 916 34 44
1178 522 36 40
434 88 66 42
180 132 74 40
784 760 56 40
1426 912 66 36
1170 786 48 38
614 746 46 52
1622 978 98 74
1170 654 30 42
1088 480 40 38
1072 606 42 54
1218 406 58 40
1280 414 46 48
1198 218 50 56
1290 680 70 34
706 62 46 20
698 134 48 40
940 4 66 54
1232 34 42 68
718 958 52 48
1180 700 58 38
728 72 58 52
100 914 64 44
448 130 40 62
954 428 38 34
806 654 44 56
1498 918 60 36
682 182 56 38
20 154 80 64
1116 538 42 32
742 122 42 34
1532 964 60 42
1036 750 46 58
744 262 48 46
1086 662 30 48
890 682 36 38
1078 248 52 52
414 332 56 46
768 922 64 50
402 370 20 52
622 554 42 34
106 600 58 38
36 246 118 42
766 228 34 38
1048 688 48 48
330 662 52 40
340 356 72 54
750 142 38 34
1184 982 48 40
1024 416 38 40
1272 624 66 32
44 710 72 44
1240 994 42 30
1276 520 38 36
1170 538 32 40
376 672 48 46
194 920 66 32
762 62 44 22
1180 350 60 42
848 698 48 52
770 800 38 38
688 714 60 64
302 1012 66 36
634 984 66 48
804 812 42 38
682 536 36 34
400 346 22 48
262 818 58 52
762 820 36 38
1770 852 86 44
168 948 64 44
248 860 62 48
