1112 628 84 62
950 432 60 112
832 194 84 66
502 940 82 74
1108 194 70 102
962 542 78 50
1510 96 100 64
986 156 82 74
1380 266 94 70
890 150 86 78
830 304 76 64
876 458 68 84
898 524 70 74
1036 792 72 56
1062 946 108 60
292 150 84 84
1054 552 62 74
1474 376 96 56
346 324 108 64
990 722 108 58
1034 326 74 66
840 936 60 74
826 370 72 80
376 264 82 60
1412 158 110 62
670 854 88 52
860 676 70 70
1144 860 60 90
100 238 92 92
1706 638 96 66
650 578 64 88
1602 120 102 76
188 322 112 70
1084 112 54 98
1428 104 86 56
1000 456 86 72
228 96 82 86
888 12 76 114
862 836 74 46
1682 588 98 48
470 864 84 74
66 764 96 86
1642 732 88 58
666 110 94 58
600 80 72 82
950 842 60 82
302 756 64 78
1224 622 72 66
798 904 52 68
164 726 92 54
1296 92 104 78
400 16 98 74
1234 122 98 66
348 944 108 56
418 218 96 54
982 896 72 90
1218 192 70 74
952 754 72 82
1330 472 96 50
490 818 92 62
178 234 86 98
1634 512 80 54
232 762 84 66
1062 54 86 68
74 954 82 64
664 20 58 82
714 908 84 54
1632 60 92 42
1262 700 70 62
206 658 100 66
1680 454 78 62
688 770 72 56
628 16 56 74
628 228 102 48
1306 778 80 44
86 6 122 74
648 696 98 56
1252 840 84 56
1554 610 64 82
1166 30 52 102
392 622 86 54
1228 888 62 64
274 20 104 80
54 682 102 70
1726 310 86 98
1600 706 50 90
1488 694 66 74
610 178 80 58
1224 294 72 52
82 610 118 66
40 120 98 74
602 568 56 52
202 0 86 80
1090 728 72 54
30 864 104 82
1560 18 78 40
1172 204 42 100
624 278 72 56
6 324 94 46
1214 744 44 78
0 250 66 62
1718 158 98 48
344 436 82 94
918 790 60 58
424 568 72 44
