1470 794 58 74
916 582 54 68
1116 352 62 68
1388 878 62 60
780 266 64 80
820 778 72 56
426 608 102 48
1366 430 90 42
898 302 50 76
1096 472 74 50
646 54 92 76
1606 362 82 92
986 404 64 68
688 286 62 72
1530 748 76 44
1264 246 68 52
844 96 60 74
790 692 58 50
762 414 66 46
848 386 72 56
1440 262 60 98
1260 304 66 52
1616 966 82 52
1078 426 88 42
1020 650 70 46
998 496 52 56
1300 862 58 60
1242 406 74 38
888 922 68 70
68 614 92 60
684 836 62 78
748 732 62 56
788 492 64 68
1070 826 80 54
272 642 96 42
186 222 84 42
1108 168 64 70
128 688 114 42
1088 652 78 48
1458 548 122 60
1244 122 80 42
1338 96 60 70
466 492 62 62
1236 706 72 48
1134 608 60 64
382 378 116 44
1568 810 92 54
962 864 60 50
938 308 66 76
884 472 48 84
1578 692 88 46
492 716 80 58
202 488 78 70
682 572 70 44
812 526 72 56
1226 744 48 76
504 134 92 56
1236 360 50 54
970 916 64 58
1124 80 48 72
314 506 86 46
682 962 70 68
1086 708 64 38
1226 644 68 46
1110 740 58 50
290 852 84 42
1246 592 76 48
1672 672 106 54
1718 48 80 60
1232 464 72 42
1646 758 104 44
918 482 48 70
782 612 66 44
482 812 84 44
256 946 76 70
382 268 84 40
484 452 64 50
642 742 72 46
624 550 50 72
644 360 76 90
208 46 88 76
156 86 82 68
1014 954 64 52
674 22 88 50
430 140 84 74
190 844 66 78
550 958 74 58
1668 600 70 56
1126 886 50 58
1224 490 46 78
388 434 60 66
1674 496 84 48
78 474 86 100
180 924 78 68
1156 772 50 64
1068 154 60 46
68 204 74 78
1668 936 96 50
1086 934 70 56
1732 184 60 68
640 922 64 72
1264 904 58 56
110 190 74 70
74 950 94 62
698 666 72 54
412 242 82 44
166 608 88 56
636 460 84 50
1664 884 106 44
632 640 70 36
330 876 80 72
342 958 110 56
316 706 60 68
636 826 60 54
1714 706 72 52
66 852 80 62
540 554 58 60
728 616 68 40
548 380 64 58
488 864 58 54
48 124 90 52
1240 508 80 46
38 32 74 64
234 802 80 64
1238 950 86 50
546 498 72 44
378 210 76 40
1804 870 96 58
58 408 96 64
1148 866 54 66
120 144 88 42
158 188 84 36
538 852 62 78
230 680 92 60
64 16 86 52
