954 652 74 58
998 380 62 80
1042 304 62 80
1458 470 92 60
886 344 82 56
184 912 106 60
236 960 104 66
946 772 70 74
1126 234 92 66
1508 130 94 56
1020 220 90 68
1238 186 74 82
1356 278 102 62
220 114 110 60
722 682 90 74
354 736 88 88
1606 226 102 68
1028 144 80 54
842 544 102 58
398 316 114 60
1288 310 68 54
1066 402 104 52
736 264 76 82
826 406 102 64
138 248 136 58
192 728 104 64
1720 224 84 82
654 66 86 74
778 188 94 66
1480 530 98 72
1006 882 82 52
1314 360 72 78
498 840 94 78
1604 508 90 56
272 502 86 58
1246 134 86 62
656 264 68 82
1446 280 68 96
1060 456 64 74
1292 230 86 68
1512 672 68 86
404 906 80 58
92 776 104 58
1476 370 100 56
1380 70 90 54
470 622 110 68
160 500 88 84
206 454 94 72
1502 222 74 82
1388 122 102 74
594 164 86 60
840 60 60 92
1236 78 82 58
1330 22 58 64
650 780 88 60
1260 388 68 74
242 232 106 84
1716 512 82 76
1036 776 74 58
190 642 92 64
248 168 124 68
1520 298 122 62
196 804 106 82
56 60 106 44
1034 60 72 60
1574 160 82 64
368 446 82 102
1024 712 94 50
418 74 106 88
1740 622 58 86
66 952 96 70
114 622 98 84
1164 316 48 92
1630 92 80 76
1630 756 90 46
1140 32 62 98
1560 24 102 78
318 60 100 74
1696 360 72 50
1642 366 78 56
720 850 86 68
1140 580 60 78
886 60 64 66
1088 654 56 66
1668 582 56 78
610 306 70 68
26 602 106 70
1672 790 80 40
1602 568 76 60
60 690 96 60
872 980 98 64
426 946 68 72
606 544 64 78
1700 436 86 58
1240 446 76 54
170 312 96 68
618 742 50 82
474 12 74 56
396 576 90 52
1672 16 72 70
24 876 90 52
612 490 66 64
1236 658 90 48
1232 874 56 88
608 226 46 74
638 922 88 66
38 116 100 74
1658 662 58 60
614 850 66 68
1068 954 96 78
416 208 82 76
284 430 106 56
50 206 128 74
256 0 102 66
1614 622 70 52
1084 734 80 48
1716 688 48 56
1690 846 88 46
1158 488 56 84
58 412 86 56
602 80 48 64
308 566 82 64
48 506 94 40
1226 472 48 88
