1382 246 80 56
1106 240 52 78
910 624 58 60
886 884 70 46
766 374 64 52
824 572 70 50
204 536 62 68
1592 408 76 76
1276 420 66 70
798 156 64 82
770 750 54 68
1616 560 66 46
662 354 48 66
664 632 52 56
1046 60 58 62
1582 308 80 58
880 408 70 44
332 270 70 54
214 382 66 52
1080 358 58 68
700 542 60 48
428 188 54 80
866 246 74 54
692 754 62 64
666 842 54 64
988 388 62 62
1092 654 50 62
76 340 80 72
1044 178 72 42
274 866 64 64
100 676 88 44
590 62 64 62
742 314 48 72
700 74 60 72
860 60 52 64
1480 614 72 44
618 902 58 72
1234 168 82 42
1682 468 98 44
864 542 72 42
1312 98 70 54
420 332 70 44
1066 792 56 44
378 362 60 50
588 290 78 52
1628 362 76 48
1046 694 58 44
78 498 98 52
1632 686 76 50
750 442 52 52
634 428 62 42
1666 296 66 70
852 498 66 46
1084 906 56 66
492 320 54 62
368 234 68 46
214 954 60 68
1030 744 62 40
1426 812 76 50
702 978 48 72
708 354 44 62
336 416 56 50
1172 298 60 46
1200 218 42 66
434 650 66 54
668 694 68 44
1186 112 62 86
1234 214 60 56
906 56 68 56
580 786 56 62
1484 568 78 40
702 476 54 50
282 644 44 58
582 576 56 74
702 120 60 20
498 996 58 62
1322 24 88 68
966 708 56 40
92 248 86 58
1642 784 100 46
10 152 92 74
1560 6 64 76
772 940 58 44
1176 904 50 56
1660 226 128 56
1672 200 110 46
18 790 84 46
10 650 82 46
1334 818 78 38
154 972 64 60
42 714 80 52
40 284 82 54
1694 120 88 68
1120 2 62 50
1790 764 106 48
768 484 50 52
32 458 76 38
574 392 34 64
334 666 50 56
66 896 82 68
1120 186 48 50
