1520 808 68 126
872 212 60 146
964 138 52 142
922 292 108 80
820 862 74 112
786 184 64 118
1364 604 154 62
852 72 86 102
922 810 78 88
1054 630 130 78
1038 102 76 108
1244 148 92 74
1098 738 78 112
0 316 144 66
1234 632 106 70
428 314 86 98
1590 404 80 114
480 618 92 94
1314 612 86 92
1012 420 72 102
288 104 164 70
602 184 144 70
1394 666 148 72
1564 584 98 112
744 910 86 100
694 216 104 78
1300 530 126 76
886 508 104 70
756 38 80 110
612 648 138 68
698 300 104 80
1132 214 56 136
992 686 82 84
702 626 134 66
916 572 84 64
340 306 84 108
724 568 100 68
716 122 92 92
1228 356 104 80
1534 706 70 112
1474 146 78 122
788 796 104 92
1680 864 100 102
24 114 104 70
1224 456 130 68
664 342 84 106
266 750 102 80
1242 698 122 72
1100 854 66 128
1458 526 126 90
360 60 100 62
1344 748 84 106
1400 252 88 82
1626 92 116 78
604 114 128 76
154 234 130 78
1406 776 114 74
858 398 112 88
764 354 98 90
842 588 84 106
1596 690 106 100
400 212 76 98
474 698 108 68
180 786 96 100
376 732 88 106
10 762 96 106
624 60 140 72
14 186 98 108
242 482 96 104
1050 272 66 124
972 484 94 94
610 226 94 102
1222 198 70 96
1460 446 110 94
608 346 66 118
408 168 108 90
938 886 88 78
244 682 96 90
956 604 110 82
382 618 108 84
1642 608 80 84
1444 22 82 114
896 148 66 120
186 150 124 80
1224 726 94 98
1302 290 118 82
138 638 136 74
904 22 94 46
1372 124 68 120
1658 264 142 68
1304 918 86 70
1226 54 94 86
460 756 118 84
1006 810 116 80
1680 18 84 76
734 482 90 104
916 60 86 86
702 750 150 68
486 822 104 84
2 488 94 96
1606 930 96 86
466 904 76 96
1648 320 130 84
474 74 114 86
446 396 128 70
306 534 104 74
1556 304 98 90
804 480 92 98
1058 208 68 118
818 122 74 118
1772 120 96 68
1702 122 104 94
1406 840 110 74
1610 174 90 82
794 670 96 96
1598 22 96 78
1176 20 52 98
1292 18 100 78
632 860 110 84
156 716 96 74
1552 242 124 68
44 684 102 68
1664 760 94 100
1166 204 50 106
454 518 96 72
602 560 112 92
1168 746 64 110
1094 28 76 120
1552 66 88 108
622 926 118 82
612 462 78 104
1222 898 90 62
218 578 120 82
1030 730 80 80
1294 178 72 128
1742 190 116 82
82 818 114 80
1290 92 82 74
980 950 70 94
942 770 120 66
1656 690 124 74
1210 274 90 56
334 696 78 100
614 704 132 74
1214 806 108 74
1366 886 84 98
94 0 102 86
1240 856 114 60
1638 512 116 66
224 858 134 104
312 608 82 90
394 430 96 80
50 956 102 72
344 396 66 126
168 90 82 100
1198 318 102 60
18 862 90 86
1012 892 68 92
466 136 112 88
210 0 90 30
1430 308 96 92
1118 486 92 76
512 18 72 74
876 924 106 72
592 248 64 114
1254 960 94 72
628 806 134 78
