1456 312 76 58
114 172 82 40
1652 600 82 62
1516 626 52 56
1054 300 66 44
1498 200 80 38
594 338 54 50
486 272 76 48
1062 792 56 52
344 856 56 42
944 350 64 40
1810 704 78 42
28 232 74 60
132 272 54 56
1094 246 52 48
112 108 64 58
42 358 68 48
262 728 62 44
440 816 62 52
84 504 68 50
596 262 72 70
794 218 42 68
846 446 70 34
1260 544 54 44
1386 762 66 34
178 786 66 48
1038 944 60 42
854 498 58 40
758 580 52 46
938 748 54 42
1788 784 80 46
812 394 60 38
820 108 46 66
592 822 80 56
776 136 60 42
1530 772 58 40
1034 736 66 38
594 770 72 36
344 730 64 36
934 576 44 52
1098 516 42 56
468 368 58 50
122 746 70 38
1496 464 62 34
942 522 42 50
60 308 64 40
1046 418 58 40
192 588 68 32
680 930 74 40
814 314 42 56
432 400 72 42
1038 486 68 34
982 528 46 56
336 250 54 48
138 666 62 38
330 350 58 40
410 982 66 38
202 476 58 32
876 726 36 42
1536 516 50 52
90 650 54 40
1190 450 68 36
586 196 80 36
1534 908 74 44
590 544 64 50
420 908 56 50
866 796 52 44
730 552 54 40
158 710 64 42
1638 760 84 38
594 676 54 44
332 784 66 42
300 364 48 54
1206 318 42 52
208 668 66 30
870 372 40 56
1062 128 64 38
1228 256 58 42
1668 706 78 50
1100 106 40 40
318 80 68 58
220 512 62 34
1198 488 50 36
776 642 42 48
598 584 60 36
588 598 58 44
1100 654 40 58
1454 916 50 46
428 514 44 56
1454 658 64 38
370 2 60 54
1802 516 70 52
268 166 60 42
638 454 48 46
232 916 84 28
1054 676 44 52
294 58 50 60
1258 492 40 46
1174 734 68 36
146 88 90 40
234 632 60 30
106 930 80 32
132 984 70 42
34 640 60 42
22 160 86 62
414 480 40 28
1174 676 52 48
418 222 64 48
344 546 36 40
1186 282 44 50
1820 448 76 46
1212 188 66 50
362 630 36 38
1428 798 48 44
842 758 54 38
1122 800 28 54
1740 140 60 96
330 0 52 48
1178 962 48 48
1170 90 30 48
1422 712 56 42
1164 60 44 20
264 12 54 52
74 788 52 52
1668 216 64 56
1170 122 34 32
392 514 38 34
402 616 42 40
1774 820 48 56
328 202 68 34
1100 186 38 42
1474 820 56 50
44 440 78 44
308 474 48 30
1254 200 60 48
1184 1006 60 50
416 580 44 28
