1498 172 94 96
1488 50 108 92
952 176 70 116
1422 870 84 100
1380 228 90 94
792 828 114 90
1254 148 98 92
972 652 70 108
966 360 122 74
1358 120 90 96
1504 334 116 94
988 282 78 94
1374 700 92 86
612 258 98 98
634 620 70 124
1298 258 98 90
256 558 100 104
670 120 88 116
930 426 70 116
1502 874 84 100
814 626 104 88
806 362 66 130
688 762 116 68
830 172 132 82
1220 480 70 112
68 844 110 116
406 326 94 98
1504 600 104 78
712 614 114 80
1410 20 114 80
870 356 68 124
1120 576 68 96
184 230 124 80
1234 642 98 90
802 242 124 72
578 152 108 106
912 538 84 104
1050 290 112 88
896 760 80 102
838 940 102 92
1024 738 126 82
616 738 86 102
452 900 92 94
954 20 116 52
844 286 108 78
416 30 110 102
1040 658 116 78
628 840 136 92
1240 60 98 90
1658 690 84 98
734 290 108 84
1232 744 92 92
172 672 106 84
184 920 118 80
1376 370 114 88
376 204 132 92
742 170 114 88
1000 428 80 110
820 748 92 96
972 550 78 108
1128 320 90 84
726 502 102 78
70 566 100 94
1266 428 104 84
42 962 102 78
584 526 176 72
1310 636 124 84
1390 516 72 106
1218 584 84 96
1536 524 118 82
640 14 116 80
1440 708 132 72
344 772 74 112
958 64 88 102
168 72 82 120
1418 612 110 76
1070 934 98 84
718 932 84 104
1016 810 116 80
992 912 88 90
624 928 90 114
1152 486 60 118
1720 876 76 90
304 218 104 90
276 726 72 120
1032 596 96 86
1610 596 88 90
1246 344 96 86
1426 140 96 88
996 116 88 92
450 134 116 80
1598 456 98 92
62 308 122 74
928 898 76 106
790 530 98 92
1082 20 88 60
1118 236 100 84
1066 872 108 78
446 730 94 98
376 642 116 90
796 60 102 72
234 310 104 90
34 686 92 72
714 678 84 102
1066 154 88 98
1142 764 72 104
580 60 100 78
1638 186 114 80
820 884 132 68
194 772 92 92
1368 444 104 84
154 596 100 88
364 540 84 110
402 510 116 84
1070 66 104 76
188 496 110 84
400 60 48 102
848 484 84 108
926 284 72 116
1220 212 58 118
1518 662 124 72
1600 812 102 92
134 734 106 90
788 668 78 114
1240 862 72 108
1610 358 80 108
1558 738 96 92
1668 806 124 84
454 588 128 76
1204 10 80 116
314 308 110 80
1440 784 74 110
122 456 122 80
808 102 84 102
1076 370 68 116
16 404 104 72
586 396 190 72
342 120 110 38
1644 876 96 94
50 490 126 92
1458 494 78 108
1226 120 108 36
326 62 110 92
1068 490 104 80
1644 524 96 96
1684 254 106 92
10 120 108 70
1670 88 188 90
94 136 134 86
496 472 80 104
294 438 88 98
1048 540 108 68
1066 120 92 36
1468 452 148 72
458 236 112 90
1696 486 84 98
268 642 120 78
606 454 90 90
1678 334 102 86
32 186 164 66
504 810 94 98
1696 592 84 86
502 660 90 68
298 4 130 70
868 16 94 54
214 60 110 64
