852 664 80 86
958 346 86 72
1020 274 74 94
1138 194 72 116
978 682 68 72
956 614 98 68
1542 242 94 64
640 200 72 84
1264 518 130 54
1116 320 66 96
806 156 88 72
938 558 112 56
1048 398 90 64
1224 630 84 64
720 338 76 64
666 512 74 86
1660 610 106 68
722 136 84 66
784 762 100 56
484 694 126 70
1134 772 70 92
256 828 122 68
1410 488 84 78
1236 798 80 80
904 748 88 62
840 864 98 70
848 352 116 60
994 898 96 74
130 948 122 62
1044 630 78 68
936 796 104 70
1340 294 102 78
1290 574 78 78
926 192 96 66
736 220 78 88
1148 594 64 96
1288 264 76 68
436 282 110 72
180 516 118 70
626 450 100 62
288 278 84 88
768 320 86 68
1248 102 76 66
1226 338 62 66
1246 690 88 48
1562 568 82 64
834 504 90 82
1638 354 98 72
1252 172 58 70
1638 268 82 90
1654 530 72 84
1236 370 90 70
400 680 104 82
1498 694 108 70
1706 504 106 64
982 512 92 56
692 772 82 112
162 714 134 70
748 940 100 66
1540 638 98 64
1692 764 96 80
1442 700 84 100
1296 918 104 74
1060 144 112 68
1478 536 90 88
1508 160 104 60
1130 844 68 76
696 708 74 66
608 306 90 66
1072 102 90 46
666 88 76 80
732 604 80 80
1526 90 80 72
1592 524 82 56
998 756 104 64
1736 220 98 64
458 620 96 60
1714 276 84 76
1240 442 90 42
1548 756 98 72
502 144 86 82
698 638 74 78
1512 414 84 66
496 216 96 74
632 368 64 82
312 64 112 84
1460 790 98 56
1320 404 116 60
874 420 76 80
724 880 98 66
1734 98 92 78
606 60 68 98
1414 82 76 86
142 870 118 78
1418 384 130 62
1654 176 84 100
156 154 144 70
1110 614 64 80
278 758 116 76
350 630 118 70
350 280 96 72
598 152 52 78
1222 734 84 56
1356 464 94 68
98 38 110 92
1480 838 88 72
1296 746 128 68
1222 482 72 60
1002 60 70 64
1228 204 54 82
770 76 96 72
636 728 82 82
778 470 96 46
1618 454 80 68
1350 590 94 88
496 910 84 74
1158 510 56 56
818 806 64 84
1552 814 80 84
48 810 120 76
1584 186 94 64
1722 14 90 82
14 522 164 62
1620 716 84 60
1746 168 80 52
400 556 122 72
1130 60 62 58
1224 892 66 92
250 648 130 74
56 952 102 72
656 600 92 50
1440 192 64 80
1080 908 96 62
1742 438 76 66
830 396 74 68
1628 82 72 100
214 558 110 92
316 138 102 88
1474 102 62 88
524 72 58 86
92 280 154 80
84 592 114 66
450 440 128 62
1218 28 50 100
1386 208 88 76
1070 950 70 58
498 534 102 66
1310 52 60 82
1256 20 74 60
1450 958 86 60
444 950 94 76
320 0 100 64
1636 948 120 72
1420 26 90 42
50 684 100 68
28 874 100 82
350 346 148 66
122 632 114 78
366 888 110 90
84 154 112 96
1362 50 72 66
330 120 86 30
408 936 76 80
640 872 102 82
4 598 98 76
42 404 94 72
208 316 140 78
296 400 72 52
