822 284 90 92
962 404 82 94
1674 262 106 72
1366 494 114 64
1496 628 122 66
942 260 74 108
1092 580 88 82
908 876 92 82
1234 140 126 74
1116 206 82 102
1082 150 92 80
1718 82 94 60
688 336 96 100
716 542 80 90
838 408 78 76
492 812 114 82
776 506 84 80
906 16 88 86
1524 784 96 82
848 490 84 90
606 650 64 108
900 698 106 64
400 494 136 62
1088 366 90 98
1418 544 126 60
1136 304 78 100
1022 574 80 102
46 810 144 60
766 584 76 102
1480 164 72 104
496 700 90 62
1332 252 138 60
1244 292 82 108
1684 784 100 70
1378 376 66 84
216 316 118 70
1384 158 106 74
1232 460 96 70
728 60 88 48
178 742 86 78
1582 386 106 64
1226 694 106 46
400 154 134 84
984 490 120 70
1482 372 76 104
892 752 80 106
1228 638 102 56
84 246 118 78
1538 16 86 60
782 188 70 104
264 184 96 90
928 570 94 102
772 948 98 80
350 640 90 56
1720 142 128 68
54 480 100 98
634 552 72 106
1348 324 64 98
446 646 116 56
1040 674 98 48
272 664 110 70
1656 188 88 98
28 118 100 72
490 270 98 64
640 854 120 70
430 340 124 74
614 252 102 82
638 472 88 98
1422 26 108 64
614 364 92 70
1580 506 88 104
642 810 118 54
192 206 90 92
1738 898 72 92
26 588 96 92
1410 738 98 62
918 956 84 68
1640 464 106 46
298 482 136 78
1474 90 90 54
372 584 94 58
318 286 108 98
1244 952 98 50
506 592 78 74
0 0 84 52
1218 214 90 94
1692 856 98 66
818 878 98 88
1078 906 106 74
1232 58 100 80
1592 24 114 80
48 686 104 68
1032 428 92 72
630 734 110 88
1680 384 90 54
170 854 102 92
1348 20 56 60
344 862 78 98
182 104 78 100
592 60 76 48
0 488 64 70
1226 732 82 78
164 60 88 60
232 60 122 88
1374 896 82 90
990 54 108 62
624 128 76 132
1044 112 78 90
1238 24 108 50
1582 760 110 86
234 122 130 68
1102 500 104 54
46 954 112 76
1674 18 78 76
0 222 42 70
0 838 60 78
0 290 96 74
168 644 100 78
1734 494 86 56
1450 858 74 98
