302 590 74 118
1488 708 78 122
186 496 78 122
1402 834 68 122
1590 662 80 108
436 824 76 112
762 750 72 120
856 326 92 78
750 226 92 100
650 824 68 88
1228 368 120 56
1686 148 80 102
1482 308 124 76
1456 570 92 100
1060 356 110 80
212 780 82 100
894 626 120 58
828 880 108 84
650 942 162 66
200 106 88 98
662 770 102 74
340 478 70 124
1474 848 98 92
1250 646 94 90
1000 842 130 74
1736 192 90 100
964 510 126 68
110 50 112 82
1084 488 120 82
1242 798 118 82
26 838 96 92
448 150 122 80
776 108 72 114
1228 902 90 90
344 174 98 100
860 442 112 74
904 182 84 98
874 36 74 112
698 138 74 104
932 72 98 94
322 796 114 84
1016 902 150 68
1052 682 88 94
272 486 72 124
1240 428 92 94
1380 370 104 92
1028 286 74 120
1232 308 120 66
906 680 134 66
368 622 88 96
640 120 92 64
288 710 134 74
1364 232 124 70
46 178 90 120
394 450 90 100
1580 564 110 70
1254 116 72 114
950 372 130 76
1344 168 154 66
942 744 118 78
1548 114 102 94
844 502 102 90
1394 954 154 68
598 786 74 100
634 694 118 80
1670 326 106 78
848 262 118 70
942 934 76 110
1698 628 86 102
848 744 102 96
1088 218 86 106
800 386 96 82
764 32 94 94
1222 720 112 80
316 878 102 92
600 546 116 76
790 480 76 102
164 694 116 92
804 574 70 96
652 208 94 86
1498 20 130 48
214 440 154 76
700 848 96 96
910 552 94 84
984 196 78 104
1216 242 86 76
616 356 84 110
122 826 86 106
1532 220 106 88
1366 120 130 56
1118 776 100 76
480 598 102 76
708 14 76 80
1694 430 102 90
238 68 120 76
1440 462 122 82
1614 398 114 78
590 222 78 90
966 442 90 76
1000 108 70 118
466 14 92 82
150 424 108 78
722 588 104 92
1562 814 82 100
160 612 152 76
594 616 84 78
268 296 130 70
494 748 104 80
1474 200 72 116
1570 472 106 90
1712 506 112 80
698 508 76 106
1610 60 88 104
1374 26 96 38
618 272 98 86
454 272 94 102
0 496 158 66
1326 440 120 74
586 480 106 78
430 550 92 92
0 310 124 70
824 200 84 100
1326 252 108 88
52 572 110 84
1368 688 94 90
1546 918 114 84
40 690 98 68
584 80 68 114
126 752 116 76
384 752 116 78
1308 912 108 72
1680 120 110 40
452 672 116 88
144 200 90 78
668 406 102 78
416 326 98 106
114 6 150 68
584 18 74 64
1612 300 114 78
8 116 118 70
1634 22 134 68
1054 980 102 68
1694 828 86 96
76 306 140 76
28 410 102 62
212 214 130 78
160 884 126 82
362 342 104 100
1256 988 146 54
1166 136 58 74
1212 60 66 72
