1066 614 54 94
842 606 70 68
1002 310 62 78
1008 104 82 50
1094 190 100 54
1088 382 66 46
884 412 58 72
1524 248 68 76
906 286 60 56
720 698 74 78
960 392 58 68
1372 184 66 72
1436 254 84 66
444 784 74 106
1092 250 76 60
738 392 76 76
840 780 70 54
1134 604 54 76
46 122 96 70
1630 92 58 82
834 190 94 46
282 290 66 72
134 50 118 62
926 838 66 54
1678 638 72 64
984 744 86 46
1678 218 68 72
98 590 84 68
516 622 82 54
654 936 66 92
494 894 82 82
834 532 66 46
20 318 98 70
398 260 82 66
1340 86 110 64
1052 834 74 62
102 278 104 48
224 926 90 54
896 330 52 68
478 588 64 64
1120 464 80 86
244 440 86 72
500 674 82 52
324 516 76 80
324 700 82 48
328 340 70 76
338 268 74 70
14 196 82 64
1262 330 76 40
618 348 98 76
38 764 102 72
632 738 82 76
214 886 68 62
1490 338 90 42
372 898 98 54
678 554 74 66
1690 714 88 54
1688 134 82 52
162 452 102 60
332 638 78 66
392 320 92 54
1024 906 80 46
886 880 72 58
1596 452 84 64
1236 150 86 48
412 936 92 62
74 950 94 70
484 726 100 46
1156 866 48 74
1230 70 64 72
622 156 84 76
68 684 88 56
1724 72 68 56
1144 60 54 68
18 496 122 56
1604 408 78 40
1226 728 68 80
1084 452 68 82
110 744 112 58
1710 440 66 50
1754 202 56 60
186 688 72 56
1226 376 86 50
1076 968 78 60
624 556 50 62
1746 22 72 40
1238 198 70 48
1224 638 62 48
690 968 68 84
1134 748 62 66
770 510 82 36
1240 916 70 70
1154 322 62 54
1740 264 64 62
234 638 56 62
1084 860 58 54
282 618 60 50
616 110 74 46
1698 582 76 52
1756 146 56 58
1102 20 60 60
1210 216 64 70
1686 516 84 58
1214 38 48 84
808 1000 72 60
1832 302 48 74
1336 24 90 34
1226 462 78 48
36 888 78 56
