1284 450 72 40
278 262 66 46
174 574 58 42
60 522 66 58
382 690 52 52
1312 552 64 34
1510 518 66 36
122 754 70 34
210 540 56 44
1402 340 58 48
1616 870 56 60
1378 846 76 34
80 268 56 60
964 484 42 58
148 210 66 32
388 216 62 38
1360 604 66 34
1240 320 58 38
1294 916 66 40
970 190 50 48
1408 280 60 38
492 142 56 52
1450 0 66 74
1316 764 60 38
1370 162 48 54
854 794 50 40
110 684 72 32
994 98 52 48
88 336 52 56
1630 730 52 56
342 500 50 52
424 74 82 40
284 394 60 40
596 604 56 48
962 638 64 32
1640 668 50 68
1674 572 84 40
664 334 52 40
806 548 46 46
286 168 70 36
606 924 64 46
112 72 58 54
1172 974 62 44
1652 124 62 60
1216 90 66 38
122 0 68 52
244 378 44 48
750 246 44 50
1404 178 56 52
1816 660 72 36
492 748 74 36
852 324 46 48
1638 32 74 42
742 826 54 38
814 230 56 36
1174 310 50 46
884 96 62 36
1184 770 36 42
132 942 58 36
868 580 38 40
18 274 70 40
1034 472 70 32
1090 656 42 36
1044 866 40 34
48 346 52 48
976 916 60 34
1054 902 34 40
1610 328 58 38
696 670 42 32
1180 522 38 34
1094 368 42 52
914 678 38 42
1294 124 62 32
734 676 32 40
1104 524 54 42
284 126 56 40
706 630 38 38
316 848 50 40
662 438 50 40
658 600 32 48
1476 308 72 38
794 710 36 44
1050 706 44 52
1220 686 44 32
912 608 42 34
96 148 78 34
808 922 38 30
918 942 34 40
1244 142 66 36
1792 702 58 50
1026 182 36 40
1686 80 62 50
646 480 70 36
1590 982 48 54
1174 562 50 42
776 340 46 48
894 808 48 46
730 782 56 34
884 120 52 20
1032 230 52 42
878 656 42 34
612 776 40 60
1188 672 42 36
1134 658 40 36
1624 272 46 48
1834 704 60 50
598 522 40 28
170 970 60 38
1196 26 70 38
852 956 40 30
400 430 26 44
810 964 28 50
830 900 44 32
400 70 30 34
826 300 42 34
1200 710 34 42
820 330 36 44
628 442 36 42
412 40 56 36
650 532 48 30
606 278 50 50
854 134 58 40
898 896 48 26
796 666 46 32
760 912 40 30
240 938 48 52
1100 440 40 36
1268 208 64 36
54 678 58 36
284 148 60 36
822 648 46 34
882 860 50 28
1138 256 32 44
1552 324 58 38
786 308 40 34
750 988 48 46
1222 734 42 38
984 1010 68 40
872 172 34 38
952 868 46 26
44 450 96 40
712 938 42 54
0 518 70 50
804 266 34 30
808 338 26 40
874 128 46 26
1128 192 32 40
818 284 46 32
