1350 412 104 50
396 866 102 50
1108 346 68 72
970 82 84 68
926 180 80 76
1158 198 58 100
862 374 66 74
1484 302 68 82
958 536 78 52
884 650 72 60
1252 384 70 78
754 502 84 62
1116 492 74 50
746 398 84 46
778 716 114 62
368 578 110 62
1246 184 88 60
308 222 94 62
646 370 92 58
122 720 126 54
276 158 110 54
692 802 74 58
1086 544 76 56
876 282 70 80
1300 494 78 50
1422 626 72 60
426 702 68 66
624 598 98 52
788 300 94 50
1274 556 76 70
1612 760 78 68
668 516 66 82
950 652 62 68
876 64 74 86
928 562 58 76
1524 794 84 52
938 386 68 62
474 644 72 82
1046 478 66 58
490 222 98 62
1534 712 64 72
1522 442 92 52
838 490 62 88
1072 686 72 62
998 290 72 72
1554 298 98 46
1072 152 72 68
1472 942 76 78
1370 176 98 52
1354 536 86 62
1548 594 86 54
478 404 94 48
1092 418 58 64
1090 904 70 72
236 186 80 68
1378 758 104 58
1422 486 76 52
342 338 114 60
1250 104 72 60
678 22 92 70
1184 320 50 94
1422 232 114 74
612 102 122 66
402 58 68 86
436 196 98 52
1650 162 92 48
1004 378 76 56
420 486 76 72
30 210 100 68
1610 914 70 96
1586 226 76 58
746 214 88 60
1230 486 64 44
1574 660 54 76
1594 56 96 70
1296 126 52 68
1274 704 92 42
1488 738 58 68
414 300 94 56
1440 434 84 48
1012 618 84 58
602 146 102 86
1376 662 70 66
1220 602 50 68
1016 986 70 58
310 628 102 58
64 314 106 66
204 996 96 62
94 870 106 72
158 342 74 68
460 516 62 78
1474 20 92 48
1392 920 84 76
1718 134 90 50
214 370 98 48
626 750 72 66
314 936 78 52
498 908 100 76
736 940 72 58
714 678 60 62
872 604 76 42
756 20 66 70
1236 742 80 50
680 734 78 52
32 490 96 70
1370 26 72 64
520 830 80 72
800 228 76 78
898 900 66 64
1112 602 66 58
632 816 72 48
100 626 112 70
488 286 96 70
708 572 88 52
160 270 82 76
494 156 88 54
620 426 110 46
1284 636 78 44
320 60 98 54
1594 180 82 46
1088 66 98 70
948 914 72 64
1404 100 82 74
1484 384 84 58
1344 128 60 64
1728 514 72 62
248 624 76 82
1164 604 52 68
858 458 100 44
802 998 92 62
612 656 52 70
1688 62 106 74
218 856 102 50
456 94 78 54
1176 46 42 72
1698 230 88 56
344 964 78 66
720 1004 74 56
492 466 90 42
1242 660 76 44
180 214 76 44
720 428 76 56
1702 368 82 66
206 912 96 64
214 272 60 76
906 474 88 52
620 894 60 68
1678 984 82 50
460 60 94 44
1654 570 126 56
1548 346 106 60
1628 694 106 68
606 258 46 80
1836 466 62 72
50 122 80 64
816 18 66 50
1684 322 104 54
1712 458 82 54
548 710 54 62
952 340 86 42
1714 592 86 64
8 12 90 82
302 780 96 52
1628 620 130 62
132 914 88 68
52 422 88 44
618 950 58 84
282 830 86 50
174 0 98 54
1670 914 84 70
1682 438 68 60
662 654 60 70
12 590 104 48
20 560 116 54
