216 58 64 64
1556 362 60 50
998 452 46 60
950 578 62 32
1304 118 70 44
1322 184 54 48
934 428 46 52
1476 164 70 42
1312 40 70 42
354 386 54 56
1250 60 52 62
1486 608 58 54
128 882 66 48
1430 416 76 40
68 644 72 44
912 346 58 46
1220 136 60 50
616 566 66 38
162 812 76 36
340 296 50 52
578 96 84 56
684 224 58 46
1694 358 70 52
806 728 44 76
588 192 82 70
608 900 54 74
1208 622 64 40
1078 264 76 44
390 650 54 50
786 338 48 52
1534 284 60 38
832 578 50 42
1074 514 58 52
1522 334 68 38
378 210 62 46
222 968 56 44
30 542 78 34
800 614 24 42
864 520 44 50
48 358 66 52
1196 232 62 40
582 294 66 60
34 274 98 40
658 996 62 42
876 338 42 34
94 184 98 42
1406 566 46 58
822 918 66 36
648 88 68 42
690 618 54 40
372 14 72 80
886 650 46 48
1352 862 34 42
94 502 86 42
162 706 56 44
108 680 84 32
872 120 36 44
1604 238 50 42
838 210 38 58
1536 238 54 46
1120 2 46 52
14 154 94 68
1596 280 58 40
718 416 42 30
152 626 56 44
1654 60 60 48
706 466 38 36
1444 526 64 34
580 54 76 48
400 62 34 30
646 434 56 38
512 934 52 50
1558 190 42 62
976 850 48 50
1226 862 56 56
752 400 44 32
790 1002 62 46
436 868 52 26
1434 64 70 46
880 0 42 60
1128 354 34 36
786 452 62 36
1440 566 48 52
332 970 66 38
1376 6 70 50
1220 720 66 36
1512 478 48 38
1082 84 54 42
204 2 56 20
800 550 32 40
802 536 40 32
1280 2 58 50
1500 780 46 30
1466 76 72 52
98 782 68 34
766 564 58 38
1592 762 70 40
56 864 78 48
4 576 70 56
1110 630 46 52
1184 514 64 34
1134 90 48 62
1540 26 52 68
1474 758 44 24
728 522 32 42
1518 960 54 20
598 122 58 20
700 576 48 38
1042 900 42 36
