1030 346 40 42
972 286 44 36
956 496 40 34
1044 614 38 40
936 408 36 42
1708 122 70 46
956 358 42 34
1048 466 36 42
1708 168 64 52
606 352 34 40
806 296 38 34
774 292 42 32
1052 136 42 38
450 314 44 32
678 234 28 44
1188 236 28 46
1020 234 38 40
1184 412 40 32
1094 524 48 30
1120 326 36 36
974 124 44 30
598 178 40 36
1086 382 52 34
666 258 38 40
1030 370 42 36
480 550 30 46
1258 204 42 28
594 212 34 38
1098 210 36 36
1010 402 44 32
1602 630 40 34
1092 432 52 28
1062 676 46 36
602 402 38 30
120 140 38 34
1054 910 38 42
508 394 32 40
1058 696 46 32
1206 444 38 38
706 122 36 40
382 248 40 36
1016 676 40 34
1078 112 34 36
1190 430 40 32
1046 188 42 32
1124 522 32 44
642 158 36 42
512 120 52 20
598 730 34 40
150 186 38 40
90 662 50 30
1176 796 34 34
934 902 40 34
606 334 36 34
666 550 38 34
620 108 36 36
606 120 40 36
1722 242 38 34
968 916 40 32
1666 470 42 28
68 398 46 26
686 732 36 36
980 888 38 40
1300 726 42 32
538 308 40 32
1634 332 82 44
140 460 44 30
1030 896 36 40
1096 460 48 30
1050 714 46 28
46 674 40 30
1100 172 42 36
708 648 38 32
604 92 42 32
606 836 40 38
1012 906 38 34
600 304 46 32
124 684 50 26
1008 164 44 28
600 278 46 30
1186 174 34 34
544 250 34 42
1656 554 56 26
1690 54 68 46
