648 354 92 102
1058 142 72 120
866 184 88 98
1314 298 118 70
1540 172 90 108
840 844 124 82
916 106 82 96
830 292 74 108
1116 490 86 90
1540 280 110 82
1312 358 126 80
1016 832 84 104
1412 464 118 90
964 16 106 82
1538 694 88 102
926 726 154 78
1004 602 66 112
1380 244 118 80
1580 914 110 88
772 792 132 74
1628 108 110 84
940 794 144 80
902 12 78 110
1060 574 80 106
1102 310 120 72
574 60 54 74
932 666 122 76
836 392 134 68
1410 310 124 78
1222 588 66 112
1470 252 98 78
1664 352 88 102
1026 672 126 82
1230 342 90 82
1362 184 136 82
1448 386 102 80
920 274 108 72
1620 228 108 84
1128 560 76 100
422 466 96 96
384 722 112 88
1250 162 70 114
1470 108 72 98
1380 894 84 100
510 322 78 102
968 352 76 104
1220 774 106 88
1694 944 78 110
908 488 108 82
30 684 100 68
1472 888 78 110
806 522 106 90
1302 174 70 112
796 604 120 80
602 552 110 84
1306 806 80 104
838 452 120 82
1028 510 92 96
792 918 96 90
1596 18 96 88
1486 728 66 126
1416 620 104 76
1490 570 138 72
800 376 68 102
1630 684 124 72
1516 850 104 78
1698 160 92 88
1630 604 134 82
330 104 84 106
1246 666 98 70
656 302 138 76
1104 842 70 114
4 326 134 62
1386 392 86 100
754 32 98 96
1560 508 98 94
738 466 104 88
904 586 114 70
444 310 76 110
620 60 112 66
1334 100 108 88
198 498 136 62
994 110 104 84
662 950 110 74
1686 268 96 84
642 102 122 78
820 660 106 100
1304 690 88 104
234 128 114 82
826 60 88 66
494 254 88 84
24 410 96 70
1480 46 136 68
1408 60 114 66
1372 666 80 98
1298 590 106 92
446 114 92 102
860 958 108 84
1286 894 90 100
1246 408 118 90
126 46 122 90
654 246 110 62
308 482 108 88
1558 776 96 90
334 320 116 80
1222 284 94 70
1036 50 106 78
1234 76 90 74
406 546 118 80
182 830 118 84
1372 806 100 84
1300 60 92 66
630 750 110 96
1542 406 134 66
1402 714 86 98
1052 236 74 108
990 906 116 84
1092 344 60 124
1712 120 136 58
1230 728 98 66
1752 8 110 90
472 814 112 80
1244 122 72 42
578 132 92 90
368 850 112 82
1154 236 84 78
42 964 100 74
1494 456 142 74
444 20 98 94
1536 90 96 102
408 642 90 96
1224 498 70 100
1658 526 106 92
1012 432 90 106
662 638 134 72
896 316 92 86
8 114 108 74
1002 290 100 90
252 294 90 108
802 162 76 112
376 64 88 100
770 224 82 102
1674 60 90 76
294 230 144 62
942 528 100 70
1364 548 114 86
146 678 122 76
654 886 126 62
274 890 112 90
1744 214 104 86
636 464 108 68
18 776 98 80
948 966 86 90
188 908 94 96
1032 364 70 96
104 488 104 92
728 734 96 80
610 18 130 58
604 202 84 64
70 168 126 96
592 322 72 86
436 894 122 62
234 194 98 102
326 434 146 60
336 778 126 80
146 430 128 78
0 492 120 78
530 32 48 118
400 244 62 88
276 796 88 94
630 680 126 70
1724 630 104 90
726 120 118 86
1674 486 114 78
468 644 82 84
478 176 100 88
1418 840 114 86
674 184 112 78
1744 396 88 98
176 140 92 102
488 726 84 92
494 450 90 94
120 280 136 76
768 722 122 82
1766 300 98 92
1656 750 118 70
