716 796 78 110
430 624 128 76
1476 522 84 108
662 578 74 112
842 256 86 106
1672 452 90 98
834 858 62 130
1522 460 138 76
350 686 114 82
1302 524 128 78
1410 384 88 98
752 576 98 92
760 480 82 96
1336 648 92 102
776 90 106 88
344 202 102 94
962 442 82 92
352 452 82 120
1540 620 92 104
264 678 90 102
748 330 88 92
1652 546 80 108
1394 300 120 88
1116 202 84 100
1108 774 110 68
884 102 94 92
1546 302 98 92
828 492 106 82
1068 326 130 64
778 156 82 102
1444 676 80 104
12 776 120 112
872 778 88 94
356 768 116 80
1448 184 94 100
642 874 108 90
702 678 104 84
972 130 84 106
88 244 126 82
992 868 88 102
1208 758 104 98
800 18 106 88
1318 404 94 96
1662 94 94 96
964 338 106 96
1232 222 86 98
1528 72 120 86
476 302 118 94
608 498 114 84
1586 662 102 88
1678 688 94 90
146 846 100 92
1102 600 90 92
1332 916 98 88
904 678 146 78
1040 706 132 76
1234 474 66 112
108 310 140 84
1308 178 122 82
1430 920 102 88
1102 856 72 106
1518 744 88 92
946 522 142 72
1032 436 82 96
1494 140 124 74
982 228 80 106
970 604 104 88
930 312 74 102
238 256 122 78
1036 560 110 80
1662 244 156 90
448 376 146 78
650 382 110 80
940 758 78 100
892 882 76 110
436 792 120 90
458 222 106 94
446 436 92 100
434 88 142 66
1278 60 140 62
1298 254 80 100
922 198 78 108
164 504 130 78
612 246 78 126
1232 352 108 84
446 540 118 80
1352 144 136 70
1484 264 86 92
716 262 110 90
292 498 78 110
1120 470 72 112
1372 84 138 74
98 488 96 96
992 778 96 90
606 62 86 112
872 164 64 116
394 118 70 128
1618 768 134 84
248 816 116 88
942 18 122 74
1026 114 138 78
640 714 96 88
1084 166 82 106
172 582 146 82
1732 120 100 56
1038 950 96 90
344 4 116 94
1046 382 108 70
1490 22 114 54
1296 578 110 98
0 288 96 96
1570 534 92 92
150 412 124 80
660 26 128 78
1092 40 98 96
1232 838 76 114
1256 100 96 90
44 962 96 80
716 918 94 88
418 876 90 96
16 408 110 70
400 464 44 92
1664 334 150 66
158 172 98 92
602 410 78 102
10 112 106 76
1690 0 104 72
1162 240 66 116
496 16 78 78
1234 946 116 86
300 334 102 90
512 922 84 106
1640 850 156 82
148 746 98 90
1734 770 90 88
800 292 46 126
28 676 106 86
1162 544 64 108
670 90 104 90
1740 210 112 76
340 120 76 52
14 550 100 96
932 960 110 86
1230 18 46 120
536 688 58 128
518 836 80 102
324 564 112 80
162 670 96 92
1568 924 108 82
594 654 80 122
610 830 62 128
666 208 86 110
1686 916 144 72
400 60 72 46
696 154 86 96
436 146 138 76
