1316 574 80 66
950 198 78 78
990 462 86 72
950 656 76 76
834 298 52 82
1486 522 72 82
882 304 62 90
1070 374 76 66
1586 532 80 66
1252 314 100 60
822 604 88 52
1120 594 84 56
250 936 68 80
408 356 92 72
606 362 78 82
1044 602 60 90
926 558 84 60
1110 500 104 56
1460 882 102 58
822 424 96 66
382 626 74 90
690 256 98 76
854 540 76 74
1246 166 64 104
324 196 104 72
1162 320 52 88
1048 242 78 80
506 340 80 94
912 866 90 58
1254 100 68 68
612 238 64 84
1256 424 70 70
186 496 128 74
128 686 114 54
914 60 86 52
478 234 96 82
1690 796 88 88
754 222 78 74
314 958 86 70
754 420 62 58
1080 440 82 48
1070 734 86 42
1526 160 64 78
1702 282 108 74
1120 334 62 84
298 306 100 78
438 846 108 66
1414 258 106 52
1092 186 82 54
1404 754 74 66
1386 358 98 60
1540 622 66 76
622 84 108 64
662 866 92 68
1476 754 66 80
1076 142 96 44
254 760 90 98
1034 762 74 60
1328 454 58 64
1396 974 68 76
1128 756 62 92
1686 874 78 80
248 226 76 86
910 954 78 82
600 486 124 72
96 466 116 58
1166 204 48 88
202 876 100 58
1568 674 84 78
1012 840 62 56
1088 100 88 44
68 954 92 64
1680 438 116 48
136 202 84 84
618 642 96 70
1640 972 120 66
374 774 102 88
1230 464 68 64
130 306 138 68
428 38 108 66
1642 182 188 64
1476 176 74 84
1426 434 76 48
328 564 86 84
1214 862 52 80
1240 910 54 64
1132 876 66 66
1242 664 72 46
1220 616 58 56
1034 890 68 56
162 614 100 68
824 782 90 64
1386 24 78 78
1014 942 56 70
354 58 92 74
1098 640 62 52
1296 976 72 54
64 484 80 76
800 818 78 62
1288 60 88 48
1070 674 62 52
626 420 102 48
1658 18 134 58
1382 432 64 64
1244 994 78 48
700 986 96 62
614 840 48 84
512 572 84 56
212 138 90 86
42 116 96 76
84 72 138 64
8 222 102 64
108 0 106 74
326 2 72 78
534 26 62 76
24 284 104 46
26 312 84 72
128 910 82 60
86 824 118 94
1238 28 78 34
1090 912 62 60
86 332 108 66
18 764 118 86
428 0 84 42
1824 932 72 88
64 686 88 48
