1012 554 90 80
194 142 102 70
1598 174 108 82
906 926 96 72
914 774 94 72
1406 568 122 60
1212 344 106 64
1070 874 102 68
742 588 90 62
1232 418 106 62
1580 646 112 68
1060 962 98 66
674 272 102 78
670 572 80 90
836 314 88 62
1074 294 74 84
0 812 110 68
892 640 100 64
1142 768 68 96
762 322 88 66
852 514 106 74
174 674 116 72
1382 94 84 94
1248 192 102 52
750 524 112 46
1066 714 116 64
984 648 82 78
670 660 92 64
984 238 110 80
356 456 114 64
498 70 84 100
914 350 102 74
272 486 112 58
808 194 106 82
18 118 104 70
810 860 80 78
406 908 126 70
1094 460 78 90
760 242 88 90
514 338 80 104
862 246 102 84
932 576 94 64
872 12 74 92
670 810 94 62
1604 120 88 80
1292 532 90 94
816 18 80 98
1044 382 116 76
1714 166 92 74
654 498 98 60
610 638 78 68
606 340 66 94
1132 468 76 114
844 590 66 108
682 344 82 94
1538 242 106 72
370 2 94 84
356 800 96 96
1024 696 62 88
1680 734 126 62
1510 378 98 90
740 764 66 100
1310 750 70 104
1720 418 116 66
188 856 108 88
944 94 80 112
734 918 106 60
788 404 90 80
1266 272 120 72
728 478 102 56
880 836 108 76
800 116 60 82
1280 24 92 56
266 604 148 86
1546 516 110 64
658 876 114 68
1240 706 114 56
418 664 108 90
518 892 72 104
632 162 84 116
8 296 112 90
210 424 108 72
1480 124 86 90
1256 228 82 80
118 884 86 100
1700 228 108 84
1512 810 108 84
444 786 94 108
314 960 92 100
1134 334 84 62
618 942 74 86
986 60 108 74
318 54 104 86
136 202 110 82
826 700 78 106
1250 120 90 80
1710 794 98 96
422 368 102 68
1662 628 98 88
170 328 138 84
1662 354 104 58
400 202 106 78
450 138 82 96
1532 572 98 64
106 450 146 74
34 590 116 84
634 744 74 90
1682 94 78 74
470 532 88 90
1722 56 104 64
514 154 78 92
1608 568 100 84
268 120 84 64
254 886 116 86
672 720 76 68
140 580 134 56
852 372 66 116
1456 834 76 92
1720 878 90 88
1216 746 96 82
46 694 94 62
416 306 136 70
1384 870 88 70
44 962 106 72
1522 312 102 72
318 530 106 90
320 336 130 72
610 410 144 56
36 412 90 62
1604 304 98 86
192 256 128 82
604 506 68 98
146 64 134 82
598 30 54 86
1496 52 82 82
1678 492 158 74
1024 22 96 42
64 2 114 92
630 20 104 40
1166 138 60 68
1522 18 92 56
1744 326 90 80
26 490 112 90
142 632 118 58
250 790 120 68
176 120 96 32
0 602 48 96
