740 292 34 40
918 408 40 32
596 556 32 42
470 106 36 42
474 540 40 34
850 408 32 34
532 236 40 32
434 210 34 44
800 642 24 42
618 124 36 38
726 210 38 36
1580 732 44 34
528 326 46 32
914 590 44 32
1624 440 40 32
522 180 40 38
508 666 30 42
600 218 34 38
1666 472 42 34
608 384 44 34
612 402 42 34
604 276 38 36
650 334 44 26
604 184 40 34
610 734 42 32
1650 124 36 34
668 554 40 34
526 372 44 34
858 70 48 30
1694 168 64 40
1660 556 70 36
528 206 42 32
606 366 44 34
1014 920 34 38
1080 910 42 30
1598 170 66 38
1616 782 42 32
1540 766 44 36
598 296 44 36
884 618 42 30
528 154 38 34
1658 214 38 32
614 768 44 28
1660 714 50 28
1092 692 40 36
588 120 40 32
614 750 42 32
602 852 44 30
598 586 42 30
242 592 32 38
934 62 36 34
532 414 46 32
614 156 38 34
630 426 36 34
516 76 40 38
1768 888 54 34
1690 278 60 46
526 352 42 32
1648 534 52 22
882 66 46 28
606 466 42 34
636 620 44 32
402 280 44 34
1800 690 88 30
1102 870 42 32
1644 748 52 26
800 62 38 20
600 200 38 34
546 268 38 30
1698 476 46 34
1030 180 44 32
1664 598 40 32
748 924 38 32
588 24 36 38
592 62 42 24
508 408 48 30
1646 676 50 28
1650 650 72 38
1644 694 44 26
