902 906 36 36
1118 388 42 32
1070 830 42 36
928 604 34 42
308 200 50 30
290 254 36 36
1176 686 40 36
1040 498 44 34
1126 270 36 42
974 660 44 34
352 224 46 30
1030 234 42 34
1030 316 42 32
162 374 38 38
1028 574 50 28
788 296 38 38
834 812 40 38
1052 370 42 40
992 922 40 36
220 222 50 30
306 160 38 34
890 378 46 28
1486 730 36 40
1448 758 44 28
1008 90 42 34
1410 874 44 30
394 364 36 40
870 674 34 44
794 124 42 32
1816 286 72 38
912 414 34 42
1308 414 34 40
1022 150 40 32
1246 734 34 44
1046 406 42 32
788 352 36 38
338 30 38 34
348 738 44 34
1052 698 40 34
758 82 44 32
792 882 46 34
350 848 38 36
376 184 38 30
1358 900 42 34
400 42 32 40
1340 364 42 30
310 810 44 32
362 754 38 42
1260 288 38 38
804 944 40 36
314 354 48 28
1192 568 40 32
398 276 48 26
1612 986 90 60
254 114 46 32
318 932 42 34
1028 716 44 32
822 692 40 42
1060 924 42 38
372 822 42 30
1066 276 42 36
430 386 40 36
1604 398 38 40
1236 338 38 36
1334 762 40 34
394 420 54 24
340 366 44 30
1782 570 78 28
1252 392 52 32
1060 196 38 40
1250 944 30 46
1446 914 40 36
1604 632 44 26
396 236 48 28
1074 136 40 42
830 1010 40 38
78 364 58 38
1514 754 42 28
1648 204 52 28
1200 296 46 34
88 606 62 36
1046 898 48 28
446 62 36 34
1014 542 42 32
176 1016 56 36
294 298 50 30
1220 318 42 34
1234 556 38 44
202 274 34 36
1274 860 44 32
848 690 36 44
96 648 38 36
318 394 44 30
1096 110 50 28
1816 218 78 30
1118 826 34 38
1342 750 42 30
990 980 36 36
1676 424 50 40
234 312 38 40
306 120 50 26
1436 892 38 38
114 576 40 30
1434 154 54 32
1178 1000 42 26
1560 58 38 48
212 802 46 32
384 140 36 34
1634 748 66 36
1170 612 30 50
1206 216 36 38
386 62 42 30
1102 694 40 32
260 702 46 38
1022 526 42 34
1690 478 36 34
154 834 74 46
1230 716 38 38
362 74 42 34
1106 224 44 38
1228 180 46 32
1252 880 32 42
1098 420 48 30
1662 716 50 28
1120 910 32 40
1168 418 38 36
390 128 48 32
242 36 46 28
1098 486 48 30
1806 626 42 28
50 336 36 36
1176 522 46 32
264 754 50 32
1050 532 46 36
1228 160 40 30
288 832 36 36
1072 124 42 28
1790 508 50 40
272 808 42 32
1072 6 34 42
1236 296 38 34
1090 442 46 32
1188 732 44 28
1020 922 38 40
