914 430 56 54
790 294 52 68
866 162 66 80
1574 190 58 70
264 130 54 62
786 416 54 46
1030 444 50 58
476 766 64 44
798 458 56 48
1072 126 50 54
850 520 76 36
894 312 50 52
894 364 66 38
452 294 70 58
400 178 64 74
1268 526 68 36
1196 356 64 44
1060 510 66 38
1022 370 52 52
1018 256 54 56
26 308 86 36
1046 184 66 42
422 670 68 38
98 354 70 56
1066 222 50 54
1076 360 54 50
592 570 64 46
446 120 50 70
44 710 78 52
846 76 54 52
932 58 52 56
740 664 42 54
12 148 88 76
414 82 72 42
1184 442 70 38
124 0 90 70
900 102 58 50
262 668 62 38
1202 190 72 36
584 716 56 52
702 876 56 54
98 918 94 34
768 914 60 40
40 832 78 38
1042 660 64 52
1202 222 56 52
1080 916 38 60
604 748 60 56
1010 932 42 56
1136 80 38 70
30 570 78 40
340 76 62 52
1782 770 92 54
1108 644 48 62
1520 674 68 38
884 34 52 50
20 526 74 36
1694 588 72 38
590 864 68 50
1434 0 66 44
650 584 54 44
38 450 78 44
306 188 54 50
1086 274 52 52
1650 668 86 56
618 780 58 56
1218 758 52 38
836 636 64 40
818 62 50 20
1678 144 118 94
1176 706 62 38
800 636 50 80
1132 248 36 66
1174 72 40 70
1100 424 52 48
260 632 62 32
1180 228 46 66
394 120 50 24
596 438 48 52
1156 122 40 34
1146 28 36 36
1194 126 48 52
590 494 66 50
1180 486 68 40
1116 512 42 72
1232 864 42 32
