1042 500 68 60
824 166 68 84
768 578 70 86
728 796 78 64
704 358 60 90
620 556 112 60
330 588 90 68
934 380 64 80
1124 482 74 62
1004 264 62 94
892 22 82 68
776 658 84 86
1512 182 106 60
624 662 128 66
778 388 64 68
920 262 60 86
458 686 94 58
1282 836 58 68
844 758 100 64
618 278 96 62
894 160 78 92
732 212 80 84
416 618 88 64
1342 478 78 60
854 542 94 60
674 864 92 50
1076 206 78 70
1636 126 82 56
1346 176 82 78
1244 102 84 58
862 890 102 60
932 592 94 64
280 480 102 66
1296 494 54 72
806 324 78 68
1452 368 138 56
238 652 102 82
850 394 80 60
604 368 78 56
1394 800 82 66
1560 684 96 64
644 210 102 64
1596 820 90 58
1050 418 84 60
1038 350 66 68
1116 614 66 68
1318 110 98 58
268 810 124 56
226 756 96 68
1130 750 58 76
1498 578 76 78
862 254 62 80
152 850 102 64
1058 150 120 52
992 398 60 74
1252 176 70 66
1716 16 80 80
1586 368 110 76
798 260 68 64
1632 602 98 72
380 464 114 58
454 124 102 60
750 888 80 60
1430 224 100 58
390 192 108 70
686 66 94 78
1146 834 54 78
1106 78 74 68
1498 18 78 68
278 288 84 84
1444 678 64 78
1366 580 72 78
1062 294 72 64
1264 738 114 50
420 60 94 72
1434 576 64 78
650 774 98 62
1360 24 74 90
1436 758 78 56
130 664 110 44
222 152 116 58
72 312 90 78
1222 320 48 92
444 986 116 62
1386 990 76 70
1648 292 92 86
798 808 80 60
1292 632 64 58
886 448 76 54
1526 96 112 68
136 712 110 60
1214 744 70 84
1170 560 46 80
358 346 84 96
1246 444 78 46
1512 868 68 62
1490 660 64 64
230 60 106 40
298 172 114 72
606 116 132 74
444 898 94 64
156 610 110 56
1228 486 66 54
90 86 148 62
198 340 96 88
502 364 78 60
1238 684 90 52
1318 930 86 68
1508 710 72 56
74 862 90 84
1172 202 46 90
1098 362 68 62
1616 874 78 60
1174 304 46 100
30 770 86 68
1236 610 54 74
500 746 74 64
1302 358 72 66
534 278 58 96
376 18 86 72
1430 280 62 66
490 814 80 56
1370 292 68 78
198 244 134 62
18 484 80 88
1138 60 66 62
462 294 86 62
1660 734 96 70
1226 882 68 66
1132 314 58 76
1330 708 80 52
1234 378 88 44
102 364 116 52
1732 316 76 62
1670 226 114 86
1086 24 72 48
1680 874 94 54
1238 944 84 48
652 920 82 74
1460 976 96 58
1084 656 70 68
316 870 96 58
76 954 82 60
508 26 76 68
112 152 106 74
1726 620 72 74
806 460 64 42
1230 60 62 66
1644 548 150 60
1222 210 46 76
1736 440 74 60
632 990 104 66
1276 604 60 60
342 960 82 60
1748 232 60 82
318 922 80 48
616 932 60 90
1126 878 58 80
1634 970 106 56
378 798 74 56
430 792 70 66
1708 96 86 46
1494 912 68 66
138 910 104 50
1704 164 118 60
94 810 90 52
1182 38 42 82
10 308 88 70
1214 598 48 82
1184 600 48 78
1068 696 78 62
1076 952 80 44
1162 786 56 66
400 734 80 66
114 428 108 42
68 690 82 52
74 490 86 70
34 116 96 70
202 478 96 84
142 520 94 50
88 566 74 60
1618 920 104 48
92 620 66 64
1618 1000 70 58
