828 360 90 80
1086 560 120 58
752 346 106 60
950 358 104 74
748 282 120 68
960 422 72 92
1026 596 92 80
1586 60 112 64
1040 346 78 108
1616 484 134 58
1042 898 84 104
1252 176 84 104
622 334 108 66
1106 460 82 106
1406 286 130 56
1720 782 102 88
912 422 64 100
852 418 72 104
754 796 96 90
1078 334 94 82
948 506 84 90
1384 688 90 110
1216 742 62 114
1238 402 118 72
1316 792 96 68
650 618 118 62
1208 860 100 80
644 672 124 74
1616 344 156 64
1076 120 92 78
1068 748 136 68
1100 848 104 68
600 542 90 106
1054 798 86 94
266 564 138 66
798 882 100 86
972 564 82 96
662 186 110 72
508 846 80 112
126 774 144 70
1106 48 74 86
726 730 122 82
420 796 104 84
1578 696 106 70
854 60 86 72
894 120 90 84
1142 296 74 118
1334 844 118 82
902 294 146 74
1336 18 102 86
230 294 88 100
1538 734 96 90
1264 762 88 68
1466 684 84 104
390 724 96 76
884 832 92 104
678 388 96 72
634 764 116 82
900 588 82 94
1440 476 122 74
1574 624 100 80
112 12 96 100
480 604 112 88
1420 22 118 58
680 138 106 64
856 506 106 70
706 244 78 96
1676 670 108 94
1228 696 116 68
946 144 110 84
1224 594 86 104
970 216 92 98
1318 388 70 112
956 726 102 82
1644 768 82 98
790 154 74 110
1066 988 94 66
846 944 104 58
484 276 102 84
622 224 64 102
1252 924 74 96
1622 140 94 102
1310 688 86 80
418 218 98 92
704 550 118 78
400 954 94 76
250 432 130 60
244 112 110 90
220 674 96 88
20 110 110 80
510 380 82 84
196 518 96 94
1406 60 90 80
1340 124 100 84
264 634 138 66
50 558 120 84
1468 916 112 92
648 862 122 82
1636 406 120 64
1548 882 136 84
1224 26 60 90
1218 500 52 116
382 124 86 98
1426 160 96 88
384 628 114 82
1036 678 108 80
1468 410 112 72
46 688 90 68
46 950 108 76
380 64 124 76
272 232 120 86
620 28 90 98
66 834 108 84
1646 536 140 62
430 870 98 94
596 388 102 68
330 158 100 108
714 90 106 88
1218 302 62 96
808 606 78 102
800 942 62 108
400 478 80 90
152 120 102 92
130 908 136 74
40 412 84 62
168 822 120 86
400 322 82 108
1140 242 92 70
234 484 96 92
1020 18 68 58
1382 336 120 64
1312 928 98 72
330 680 84 100
120 306 68 80
1732 424 76 114
460 118 80 102
86 618 148 70
1348 446 152 64
178 658 66 112
806 518 88 104
264 924 116 68
44 496 180 76
308 480 98 92
200 60 168 64
730 486 118 72
750 416 76 68
0 12 126 76
328 816 132 74
1308 142 76 104
598 126 58 80
1730 4 88 46
992 672 106 56
16 758 130 84
1676 274 134 84
684 472 78 90
474 6 76 76
1720 856 86 78
0 162 84 96
632 826 110 62
1708 912 106 62
748 904 68 114
0 870 106 100
270 778 100 80
318 354 92 76
1268 616 82 82
500 36 74 106
800 430 64 66
800 740 44 58
1782 120 66 62
1698 606 116 78
0 472 68 106
1686 168 96 98
1862 476 38 74
1166 140 48 72
72 302 78 76
342 264 102 96
