1218 788 36 36
1054 422 36 40
904 694 34 36
1030 812 38 34
980 510 46 28
1106 614 38 40
1022 320 40 34
1182 414 42 36
1056 694 36 40
1188 380 34 38
946 582 44 34
474 216 46 32
1362 824 42 32
1110 634 34 46
994 324 44 32
944 320 38 32
1190 240 34 38
1426 568 34 40
1104 254 42 38
1398 538 48 30
940 150 40 36
140 660 46 32
1098 218 40 34
1188 464 40 32
1186 708 48 28
1062 156 38 36
1576 144 38 36
1018 894 44 30
1278 410 42 34
986 180 46 30
124 500 42 32
92 274 38 38
1158 660 40 36
526 108 38 38
1678 370 70 48
654 852 42 32
610 904 34 40
1052 476 54 28
1094 514 42 36
696 690 42 30
1038 142 36 38
986 146 42 32
524 152 38 38
524 286 36 38
1210 242 34 38
1188 436 40 30
142 708 44 30
172 492 44 30
532 266 38 38
530 708 40 36
736 650 48 26
1726 66 48 58
154 684 36 34
42 558 64 36
1094 100 40 38
1628 794 60 46
1646 654 78 44
1100 862 38 34
1686 184 72 62
1648 628 74 44
610 220 40 32
1192 268 36 36
1018 878 42 30
998 852 52 30
1188 180 32 36
1614 914 46 28
158 746 38 34
610 850 34 40
1668 850 42 30
72 662 40 28
1048 126 38 40
1090 202 40 34
1512 276 42 26
610 160 30 36
90 782 46 28
98 682 42 28
1084 486 42 32
118 532 50 26
544 670 38 34
1172 700 42 28
