890 706 98 70
834 552 80 92
1124 306 66 98
1246 86 70 100
1468 614 90 84
996 498 110 70
968 842 80 92
1286 348 82 88
608 598 100 70
1090 206 94 88
1316 476 120 66
718 212 88 82
438 606 146 58
734 692 80 92
348 272 124 74
1070 404 108 70
616 358 82 88
782 758 114 70
498 916 86 86
718 590 128 62
1474 212 86 98
1542 484 102 62
836 324 104 74
1224 330 68 88
494 358 96 62
988 710 102 64
1636 692 106 64
1114 868 100 46
1540 182 88 60
988 352 62 98
404 226 122 66
1070 906 64 78
826 402 74 112
618 866 118 74
638 538 118 68
1300 124 84 100
456 680 132 78
924 336 82 70
438 532 158 62
1346 902 98 76
662 164 86 78
1458 468 82 92
198 468 100 78
814 248 112 80
344 614 116 76
48 766 138 62
264 792 100 88
1546 944 90 72
1052 138 118 74
500 46 78 102
1436 348 86 60
498 286 94 68
1148 780 60 90
860 524 116 52
1082 724 74 82
1260 782 98 72
1434 142 100 92
680 338 108 78
48 836 92 78
276 564 120 84
886 420 82 88
412 14 88 106
112 210 82 98
358 796 106 76
262 216 90 92
984 918 92 62
230 952 108 98
182 802 90 98
1568 380 62 70
1634 464 134 70
600 246 58 94
314 494 98 72
266 138 118 72
1118 596 90 74
1386 276 70 110
650 74 96 86
1022 358 64 92
1644 260 102 50
1074 22 104 42
1368 60 102 66
1572 546 100 64
284 460 86 74
1688 312 96 62
608 158 82 102
1048 622 88 58
46 956 100 78
1448 300 96 62
1560 76 82 96
740 416 84 104
1150 520 66 76
1626 60 98 78
1344 100 100 76
424 750 130 78
1096 56 98 72
330 0 96 88
478 414 92 90
0 238 66 82
390 494 76 106
600 468 80 76
1758 344 80 70
644 932 92 62
1066 670 88 62
1540 310 94 56
26 296 126 96
1222 728 76 70
1734 516 96 82
1426 916 82 92
140 46 76 118
1718 852 96 68
16 216 110 86
180 198 88 96
1722 4 110 54
338 722 94 94
1722 72 96 82
1662 388 96 80
1564 234 102 68
40 692 96 64
18 114 110 76
1384 536 112 82
1632 172 94 82
1654 122 112 70
414 912 72 84
400 726 42 80
176 914 90 88
400 846 154 78
80 8 80 100
1164 138 58 70
1484 48 86 102
1612 872 80 82
1746 592 72 70
124 370 140 52
474 990 116 70
430 968 78 86
28 518 98 50
96 496 116 78
174 672 96 66
180 622 136 66
334 986 100 66
