818 144 98 96
276 750 78 110
1366 692 72 114
734 20 72 120
858 236 64 114
1226 346 104 86
1326 234 120 80
1576 730 76 104
1100 586 68 116
974 64 58 132
1344 526 74 118
1256 116 106 86
662 114 122 86
916 150 80 96
620 344 112 80
142 290 114 82
974 412 76 106
326 276 82 104
1232 720 124 74
1128 760 82 92
938 684 80 104
1260 578 76 100
804 788 126 78
134 170 72 118
312 190 114 90
1494 536 102 88
1586 302 80 102
350 734 88 102
480 774 86 106
708 328 108 96
1450 662 148 78
1716 194 102 86
1700 46 122 92
1070 508 86 96
224 102 110 80
408 272 112 82
706 740 86 112
214 680 116 88
96 86 138 88
850 524 84 98
62 502 96 80
800 970 92 84
1112 860 96 104
1646 592 110 76
756 236 104 102
904 602 84 94
1072 324 90 90
420 342 102 88
860 14 78 90
924 344 116 78
1364 368 110 82
882 868 86 102
916 266 116 82
52 852 110 108
960 514 120 74
1398 822 76 126
470 158 92 106
612 248 104 92
800 906 66 78
1228 836 112 80
1334 24 86 70
1654 838 98 94
636 186 104 90
770 634 124 88
378 674 138 74
276 620 130 96
930 892 72 122
1446 736 124 76
866 424 102 84
1022 654 112 86
692 260 94 76
44 248 106 104
808 716 146 76
1098 180 90 96
626 742 84 120
1410 282 116 76
38 590 118 80
412 150 76 106
800 340 80 102
1428 932 108 84
450 592 102 58
584 136 98 84
330 92 110 82
390 26 78 114
1412 88 126 66
988 758 142 72
1388 458 128 84
412 468 104 100
68 766 110 92
1594 12 106 60
388 554 142 74
1136 312 84 74
202 846 96 88
626 558 82 106
278 0 98 86
184 242 120 78
1510 202 76 94
1528 300 70 116
1638 680 88 104
1398 60 76 56
320 436 92 92
1028 24 94 48
6 114 112 72
0 544 60 96
1048 184 72 96
1648 756 94 76
1060 126 118 68
1448 578 76 106
786 16 80 66
1466 864 88 108
982 882 74 104
1072 702 80 106
140 500 120 78
818 844 120 78
1484 24 104 88
396 780 108 84
1780 82 76 100
102 430 152 76
1220 748 60 118
1640 136 78 120
650 894 112 92
1572 48 96 102
50 962 102 82
494 468 92 82
194 572 108 88
834 388 96 94
494 310 86 96
46 688 90 70
1466 338 84 106
762 512 88 108
488 632 90 88
1728 702 118 84
980 814 138 76
1174 500 62 100
1228 456 154 80
204 16 92 96
0 182 68 84
1208 60 68 54
56 32 122 68
1702 432 104 88
1684 316 116 98
920 794 98 88
292 932 122 88
400 856 96 92
1490 434 128 66
1762 800 78 72
584 10 50 80
28 412 100 60
516 234 78 82
452 60 122 46
1392 138 90 96
1152 232 116 78
606 470 78 88
1104 22 100 44
1566 208 88 98
180 930 114 90
674 472 90 92
