1684 134 60 46
1306 358 58 44
1582 88 88 44
1578 796 60 44
1558 282 64 32
1506 942 78 36
950 88 60 36
1552 836 68 36
1056 82 62 38
254 166 84 36
342 296 68 32
126 14 70 74
438 42 50 56
852 620 40 34
1268 448 58 42
1570 952 64 42
1214 160 76 40
1812 628 60 46
844 980 62 36
812 180 54 40
1006 390 58 36
744 274 50 42
654 780 62 50
1628 22 60 60
86 674 68 42
1682 572 68 42
890 716 58 38
1032 774 58 36
676 586 46 44
956 666 44 32
812 826 38 36
1062 870 48 36
112 878 50 50
1064 204 52 42
1060 926 54 50
830 660 32 50
956 460 36 46
906 452 30 44
762 632 42 34
358 802 40 38
1176 628 36 38
800 78 24 40
1380 774 44 50
736 776 36 42
138 276 60 42
866 266 56 34
160 664 60 36
212 708 56 36
678 690 56 34
388 582 44 38
818 386 44 32
474 382 70 46
1120 620 34 46
922 498 38 38
918 522 46 32
138 236 64 42
1236 472 40 58
1082 706 44 30
476 670 44 34
782 654 40 34
88 632 54 36
1080 614 34 50
806 346 36 38
1036 430 38 40
868 312 36 42
874 404 46 32
834 820 34 44
428 596 46 30
1104 382 42 34
934 616 44 36
838 278 32 40
42 618 48 46
1184 308 38 38
1280 20 54 38
478 326 64 50
160 714 58 40
1202 770 50 42
588 392 62 44
1196 264 40 38
436 730 36 42
872 8 46 60
1682 660 58 36
886 798 56 24
1212 102 56 48
1624 692 70 46
1258 64 56 48
1624 724 84 42
900 846 34 40
1124 574 40 34
860 794 38 34
518 728 58 44
728 64 52 18
156 934 54 40
724 994 64 54
1084 744 40 34
804 234 62 34
1162 714 36 40
56 814 58 60
1202 898 34 42
1098 486 38 38
24 160 82 60
1794 898 62 56
148 988 58 46
428 684 46 32
1816 854 68 44
400 640 28 34
548 676 28 42
854 820 30 48
1116 214 32 46
438 628 48 28
0 548 50 58
390 656 44 30
