874 270 66 122
948 246 78 112
1504 236 94 92
1552 802 82 108
1518 882 98 86
1050 438 84 100
610 248 100 100
1490 350 146 74
716 90 82 114
988 896 98 94
1314 746 96 92
1498 610 102 102
1638 800 74 112
1712 794 106 88
1400 554 72 120
950 504 100 84
1024 290 76 108
958 628 98 102
1602 214 84 102
1284 822 114 86
288 736 140 76
1510 152 108 90
1412 306 90 92
1280 518 88 100
792 364 84 104
1010 200 74 106
1708 156 118 82
934 796 98 86
776 202 78 104
752 590 106 78
1028 780 86 102
842 406 98 96
1444 786 104 86
640 30 78 122
932 376 98 86
1352 696 124 80
1256 352 94 102
1660 494 98 94
872 166 98 98
276 792 96 94
372 792 100 94
170 152 134 80
1040 662 82 106
860 512 76 98
296 32 86 102
768 736 84 108
686 312 108 88
336 934 86 112
1626 958 94 90
1284 216 102 84
844 606 122 76
490 208 88 96
1082 330 112 82
692 864 116 74
1424 898 108 80
666 368 82 106
1074 600 102 90
1224 294 80 132
1708 586 98 102
840 740 100 86
1088 102 68 104
642 800 72 118
1080 192 92 112
966 710 76 106
416 190 84 112
452 868 72 124
800 658 72 76
1104 834 112 90
1718 664 88 98
1690 904 110 88
1254 56 102 94
1228 696 92 94
1220 474 118 86
416 702 116 82
1590 562 86 96
1136 494 80 78
1326 372 110 90
482 60 92 84
1356 214 124 84
1678 218 74 114
1446 14 96 100
128 60 98 106
1726 120 106 36
636 678 142 76
760 460 88 96
1536 488 126 74
1424 456 134 78
826 822 122 78
482 752 80 98
8 110 100 76
1108 60 100 82
1234 610 96 96
1722 286 96 98
1514 540 88 98
1262 136 106 86
780 82 122 72
392 576 128 74
336 6 118 88
842 20 84 76
284 600 146 68
1594 726 102 84
672 746 106 82
1316 606 78 114
492 126 98 78
700 192 82 104
170 614 104 104
222 660 112 94
1240 912 98 96
32 686 98 64
1488 674 74 108
952 106 80 108
1326 26 108 58
1674 424 112 88
912 864 98 94
818 942 104 90
518 884 76 94
380 232 70 88
10 4 112 90
742 910 78 102
292 386 90 100
174 452 126 82
88 204 150 104
400 134 72 82
716 14 92 80
1530 696 74 116
1012 118 94 96
400 304 78 84
230 876 102 96
458 532 124 76
1144 764 106 84
618 714 74 112
580 26 68 104
104 842 100 92
1572 18 68 62
306 174 74 118
40 962 96 78
1224 22 56 78
522 682 68 98
588 340 72 90
890 64 88 112
686 550 118 62
1230 216 62 94
664 604 106 62
1346 122 104 92
140 502 128 90
1130 576 106 68
674 492 96 74
1150 246 78 108
1456 938 100 92
1344 68 116 58
684 924 72 128
10 286 120 90
178 862 68 118
628 900 70 120
