1032 362 90 78
962 272 100 76
920 796 108 74
1272 548 118 70
820 614 104 82
1100 214 94 74
996 130 76 100
1052 660 86 82
598 366 114 76
1126 562 90 94
1110 744 78 108
1534 582 78 104
1360 564 96 96
1220 418 132 68
726 340 142 70
1072 148 110 68
1314 716 108 78
1212 750 110 90
1232 648 118 76
730 594 116 74
368 190 82 108
1490 372 118 76
1696 16 82 98
1122 272 104 80
756 60 88 92
692 606 74 118
1156 476 58 112
1252 142 96 110
612 640 102 84
474 768 120 92
998 812 94 102
1398 120 102 50
600 544 96 78
1614 178 88 90
314 632 86 96
434 696 74 104
864 718 110 96
134 836 88 98
1400 300 122 78
400 614 78 76
1524 886 88 90
614 246 98 72
500 604 84 104
282 458 106 80
668 60 100 68
266 0 124 50
662 880 94 90
1666 576 102 60
208 652 126 78
870 980 112 74
590 290 88 88
1420 192 106 84
656 816 126 70
384 8 108 92
662 740 106 84
992 536 74 98
462 342 104 110
1582 88 102 78
228 884 90 98
848 116 76 88
440 178 92 90
8 564 128 78
4 186 96 104
664 478 114 80
306 120 122 76
320 328 104 84
612 88 102 84
0 504 154 58
952 666 90 100
1098 44 76 86
460 54 78 106
216 284 78 102
16 112 110 68
138 44 78 108
1058 984 90 76
234 46 130 76
1326 22 94 44
1576 470 164 64
104 754 114 88
1036 756 96 92
912 66 60 92
1220 900 100 80
406 282 96 100
1294 938 116 72
864 792 68 98
1330 420 82 94
598 468 76 84
400 528 72 82
1142 24 80 82
1062 878 84 98
260 532 110 62
234 722 92 96
1730 522 110 78
282 180 90 108
984 48 92 96
1590 636 90 88
646 164 80 104
0 300 98 84
1224 34 72 108
626 718 56 112
1590 20 116 74
256 834 124 80
128 584 102 94
1732 308 86 102
46 950 96 80
588 128 68 94
1616 738 84 102
364 856 140 80
108 202 86 102
1274 66 110 68
14 770 102 56
1578 292 98 72
44 688 96 64
590 30 66 78
0 0 102 98
1674 632 128 76
624 918 70 90
296 772 104 88
138 262 92 96
468 472 98 58
526 214 64 82
1212 296 54 106
204 462 98 90
894 50 50 80
634 4 94 46
