1286 284 106 92
1278 544 98 90
1234 796 106 84
930 158 66 124
400 158 124 80
1402 520 76 116
898 420 74 124
332 732 74 120
962 392 96 96
142 846 86 110
1018 798 88 100
1440 102 84 96
1250 622 82 102
1404 218 62 128
862 186 70 114
1278 192 98 90
786 148 68 126
934 70 116 90
1696 720 90 92
1320 386 92 98
1002 184 62 122
1548 192 128 80
1524 742 78 98
1454 622 76 122
100 194 108 96
1222 454 98 112
822 318 140 68
1536 468 64 112
824 78 94 92
1250 128 134 76
1714 482 86 112
1054 226 102 76
990 630 76 112
226 780 102 86
710 224 102 92
1038 98 138 70
1226 292 76 102
1528 846 72 118
244 156 84 98
352 312 106 86
1076 426 72 116
738 74 104 70
982 314 82 90
1530 96 70 108
1224 720 106 88
1094 540 112 82
1468 398 104 84
932 560 88 94
450 498 102 90
1436 330 134 80
758 576 94 100
1608 82 112 100
1476 578 120 82
1568 580 144 68
782 396 120 76
1578 504 122 82
722 730 110 80
996 464 100 88
254 906 114 86
1558 274 140 78
1114 282 96 90
1406 30 96 88
1036 940 98 94
1330 62 96 92
1018 60 122 64
1424 756 112 96
454 636 128 78
1382 846 88 140
1254 356 86 108
894 798 102 82
1498 60 100 52
54 826 102 92
876 714 124 74
1582 748 110 84
742 20 116 62
802 512 90 90
596 622 96 82
248 456 118 86
634 950 132 80
1714 174 126 90
1000 732 112 78
798 672 120 78
1308 710 98 86
1458 248 106 80
650 164 72 116
1704 120 126 62
862 20 102 88
418 794 104 94
1088 166 86 90
886 646 122 70
812 820 88 104
130 764 108 88
394 710 92 100
938 272 78 104
1654 12 112 66
94 0 128 44
1018 292 94 60
996 538 88 100
470 874 134 66
16 24 130 80
684 606 84 104
1318 634 126 74
1066 862 116 80
620 282 82 102
1626 424 136 74
640 748 92 98
692 122 88 102
1580 820 96 98
358 474 100 96
1556 358 92 90
0 772 154 68
6 120 118 72
1390 382 100 104
86 490 96 108
802 256 104 88
596 560 102 78
190 244 128 86
26 222 84 102
482 234 84 96
782 904 118 84
1450 476 84 108
1176 20 60 92
800 332 72 72
1056 668 100 82
476 330 106 64
1094 782 108 88
1652 242 80 106
310 566 88 98
688 518 102 86
624 686 86 92
298 654 106 86
576 60 62 66
440 10 104 70
38 960 100 82
1390 678 90 100
1060 594 90 90
742 668 84 74
1724 60 112 40
182 484 86 104
706 830 88 110
402 644 90 90
34 684 92 72
294 134 114 90
1094 740 100 76
868 924 92 100
520 672 76 106
626 120 100 62
422 364 106 90
430 458 90 62
770 784 82 102
164 62 60 124
480 922 124 76
606 834 108 68
290 250 112 86
930 762 108 78
1682 810 110 124
178 704 134 82
1642 642 106 104
1152 212 90 82
402 120 92 42
184 82 122 104
618 496 84 76
240 368 152 58
1250 918 64 114
726 348 94 102
1604 908 96 82
2 900 100 94
226 638 106 74
472 120 74 56
184 968 118 90
