408 56 68 76
922 462 64 66
1302 666 62 60
168 954 66 66
1630 366 88 44
1320 108 76 82
1078 646 52 64
1312 298 62 78
830 776 70 48
710 888 82 52
362 246 64 64
812 592 76 56
946 162 60 58
1532 598 60 52
1048 280 64 76
840 476 72 64
1394 108 62 94
1510 326 78 44
872 388 60 56
1562 186 84 54
572 164 102 46
880 324 66 56
1348 218 90 42
474 240 72 48
626 926 78 58
988 484 46 66
800 854 84 42
206 502 76 48
372 330 106 70
1028 500 82 48
1264 448 94 54
400 788 68 68
774 420 48 64
1072 914 50 82
748 282 58 70
1204 196 52 92
1048 90 64 62
240 158 116 60
464 38 80 76
84 210 112 54
698 124 74 58
1034 718 72 38
1554 0 82 68
638 434 62 62
678 16 60 58
1168 768 84 44
664 392 84 44
64 614 80 66
1244 12 84 68
1104 526 52 70
1668 252 86 54
606 718 60 76
656 136 82 58
1560 460 64 44
288 984 80 64
112 864 106 58
1672 582 98 50
12 154 90 66
800 18 76 78
454 898 70 42
1066 16 72 60
586 648 84 44
76 384 98 46
812 348 58 56
734 68 64 48
578 684 86 48
1408 924 44 34
376 950 58 60
468 514 64 58
1114 182 58 64
574 524 54 54
1526 950 60 44
1580 126 80 52
340 616 64 56
622 542 70 38
564 190 52 76
1742 296 64 50
1698 680 70 56
1040 766 68 42
26 458 98 44
48 718 80 48
1702 526 76 42
580 866 36 40
1630 434 58 50
584 590 58 44
