1598 120 68 64
1268 338 68 44
1604 292 82 36
1072 382 52 54
920 814 68 38
476 686 64 38
1648 538 86 52
854 110 54 52
1282 674 50 58
756 112 52 54
716 760 64 34
1382 812 72 38
1610 768 58 56
618 132 68 40
1414 138 52 60
1630 238 80 34
1630 624 110 44
1460 770 50 54
66 368 72 60
654 286 50 58
714 398 62 36
856 554 64 34
112 732 80 34
696 926 76 40
970 474 72 36
808 344 40 62
108 162 84 48
806 714 60 36
98 510 68 48
446 528 66 36
1728 200 78 54
226 754 52 52
214 492 56 50
1414 968 46 58
950 392 40 58
996 250 56 44
1044 636 56 42
1090 526 44 56
704 212 46 56
260 74 58 46
1198 446 58 40
180 950 60 48
660 44 62 52
992 314 50 58
1276 982 56 40
598 662 66 38
1196 216 48 60
848 586 66 36
58 904 70 48
788 596 60 42
816 438 46 54
1074 122 58 44
734 620 50 52
670 638 38 52
184 840 50 62
432 244 50 54
588 180 76 42
1222 832 48 50
738 444 46 54
832 860 40 48
908 262 48 48
648 356 56 42
116 954 80 36
1174 348 62 42
1020 204 64 40
818 514 66 36
816 238 56 38
956 642 42 58
722 676 40 50
872 480 54 42
870 306 58 38
1356 118 70 50
1184 496 54 52
476 272 54 48
1182 984 54 36
610 278 46 60
1050 696 50 50
1358 0 62 50
794 40 54 50
486 380 66 36
16 634 68 44
214 688 80 32
408 578 62 34
412 336 60 40
806 282 44 56
926 620 34 40
960 302 58 40
1102 280 60 44
450 312 54 38
644 576 50 50
968 958 64 46
836 248 50 46
304 52 60 50
1212 190 50 56
326 518 64 32
174 422 66 30
432 896 58 48
1112 806 34 48
854 656 42 54
500 394 70 42
1162 802 30 48
502 342 64 40
770 240 42 54
850 272 36 36
418 796 60 52
594 378 50 46
936 724 54 38
94 828 62 48
1204 62 50 54
864 628 54 40
790 628 48 60
1116 2 40 30
796 1012 42 48
1166 856 30 42
1656 30 88 46
400 776 22 40
916 308 50 50
912 698 52 46
1044 768 66 36
776 6 36 32
584 478 80 34
