828 784 74 44
1318 416 56 58
1424 668 68 60
136 52 102 58
1370 86 56 80
852 638 54 68
1328 560 74 64
934 820 70 50
1554 352 66 56
778 588 52 56
918 602 50 64
588 608 52 74
1040 202 78 46
686 760 68 38
1106 646 40 70
470 234 70 62
1368 270 62 44
920 910 60 52
962 116 70 50
1208 242 62 48
1226 668 66 44
1330 308 52 70
1062 246 54 60
1034 730 70 38
854 502 52 72
572 190 80 62
1062 530 74 42
1606 296 52 64
406 848 70 36
1652 214 90 56
128 764 72 84
892 460 70 38
1102 330 50 62
732 424 52 64
700 884 64 44
1650 494 86 52
1530 552 82 42
752 650 48 58
1400 334 62 44
1186 100 62 72
1198 176 72 42
896 986 76 44
646 850 68 44
632 580 68 50
202 0 84 78
118 942 90 54
1180 406 58 60
780 950 68 44
1578 910 60 46
1204 544 80 42
1198 460 72 42
1710 186 82 66
1666 290 72 80
1570 614 88 36
854 400 56 46
428 108 60 48
696 932 68 40
566 10 46 70
1104 58 60 80
944 672 54 58
610 22 60 66
1066 128 54 62
1172 740 76 38
574 382 100 52
474 654 56 58
1550 278 64 50
384 658 70 38
1630 442 76 40
772 406 46 56
1630 718 80 42
622 90 90 36
648 630 64 46
1174 682 58 46
734 494 62 42
1072 784 50 56
1040 680 58 44
614 754 50 64
208 942 60 64
478 144 64 40
1270 864 54 40
594 124 80 56
588 968 48 56
488 184 60 52
1448 0 64 58
34 450 84 46
38 712 88 54
330 250 64 40
472 780 56 58
486 350 72 44
1000 900 48 50
926 26 68 54
680 18 64 76
1702 86 80 68
80 900 76 58
582 800 52 50
10 146 100 84
120 656 82 62
922 380 60 48
214 634 62 46
418 732 66 48
1154 800 56 46
1060 932 48 68
630 156 76 54
1176 504 52 54
1120 236 40 82
580 708 56 48
1184 984 68 56
1016 958 52 42
0 566 62 58
1116 180 54 62
