986 650 68 124
1458 144 82 108
754 276 80 108
944 466 122 62
774 60 68 130
1308 854 70 114
1420 928 80 108
596 140 108 98
1230 824 88 102
1462 296 78 102
596 22 92 122
1442 736 106 86
236 464 120 84
1112 824 94 92
1360 320 96 96
1432 622 124 86
1662 764 72 116
1054 652 82 102
784 490 128 78
668 500 80 114
154 156 90 112
1562 272 102 90
608 530 60 118
1354 686 112 86
1002 158 74 104
1110 202 100 90
1064 388 96 86
164 632 96 100
800 390 84 84
858 52 94 94
88 216 78 120
888 898 146 58
596 268 126 86
1320 638 86 104
920 128 68 104
1292 238 108 86
1024 60 102 80
668 650 106 80
1234 654 94 76
84 804 112 86
1680 876 92 96
664 354 118 88
1674 382 102 92
628 754 122 72
1058 586 114 80
894 322 72 114
792 610 74 112
1048 734 62 122
1538 138 138 70
1106 500 96 88
1384 244 134 76
860 678 106 82
840 236 96 90
1250 192 82 96
426 894 124 82
1284 968 104 84
800 768 136 72
1550 786 116 78
1086 320 100 96
944 528 112 80
702 594 108 80
1222 588 106 72
410 672 126 80
1554 666 108 82
1554 872 120 88
1002 362 80 112
298 736 84 90
324 630 116 82
360 740 106 84
1714 322 110 80
1226 332 106 76
758 224 112 74
1056 884 110 100
1228 60 78 70
158 720 102 86
1100 744 112 84
400 504 120 76
952 316 76 104
272 0 120 74
166 118 146 74
1232 730 96 74
426 16 150 66
1724 34 106 112
932 798 96 92
256 612 102 72
1498 548 110 86
44 960 100 74
402 172 126 80
386 570 136 68
814 20 106 48
1232 478 88 102
1430 60 104 58
618 932 92 80
1162 296 60 86
478 784 78 106
1000 970 94 84
284 144 92 98
480 322 96 70
1340 496 116 80
616 692 118 78
1718 662 110 78
1318 114 78 110
1708 146 94 92
648 18 120 80
1374 532 130 72
606 846 94 108
1580 540 102 80
330 110 136 80
786 836 114 78
458 724 140 74
184 60 136 82
182 826 98 118
1372 26 100 46
1510 62 82 106
1072 94 124 92
8 112 114 78
182 522 100 72
1146 60 76 70
2 182 68 126
630 428 76 102
656 814 96 80
28 412 98 62
418 792 82 114
206 218 128 70
1306 420 86 100
358 298 114 84
198 0 92 32
350 228 154 84
1634 606 86 102
1664 204 94 106
8 598 104 94
1244 398 94 86
1162 576 54 90
252 878 80 100
98 54 102 98
534 888 56 104
1498 956 110 86
502 222 86 56
1258 112 76 98
26 684 114 74
322 340 96 90
698 898 118 92
1674 482 106 80
16 10 102 88
496 120 74 50
584 360 86 80
254 316 120 72
