1370 282 108 60
888 320 98 80
772 310 88 56
1080 190 72 82
828 208 100 58
888 840 92 62
184 788 76 70
136 494 100 66
1056 356 80 66
772 706 82 62
1086 562 78 78
232 444 78 56
1328 372 104 64
1534 190 126 72
684 662 78 80
904 692 118 54
1282 176 110 74
1226 432 108 52
1236 84 108 72
842 596 106 68
728 188 92 68
792 252 86 70
850 454 74 78
774 60 84 90
632 804 98 68
796 500 92 82
1122 324 72 92
448 460 110 68
488 120 86 84
1228 182 76 98
980 132 80 98
1102 898 92 64
606 248 82 100
784 826 68 84
1046 76 68 106
1728 96 78 102
442 262 96 56
60 680 98 70
1544 302 72 104
1546 100 110 88
1128 618 76 58
1232 474 74 92
604 160 64 102
1668 874 106 66
514 226 70 82
968 944 96 64
206 128 178 76
678 980 100 64
160 46 80 86
1302 22 70 72
952 58 100 70
40 772 112 74
372 120 84 92
1468 350 76 104
1114 748 72 76
504 328 92 56
630 642 64 86
1416 338 88 64
1066 950 98 56
140 914 110 88
0 198 108 52
1684 256 140 58
102 6 66 88
1054 434 84 92
210 614 78 86
406 84 88 78
1636 750 108 60
620 930 64 102
354 740 76 88
4 294 92 70
400 820 122 76
856 782 90 62
620 520 118 52
1670 126 76 88
190 982 110 78
130 0 120 48
1254 710 70 52
608 552 60 76
54 864 108 84
1602 588 112 60
38 592 100 92
1608 60 124 74
66 958 94 64
648 476 110 48
608 754 52 80
1524 644 94 52
1400 24 106 42
52 410 92 58
654 406 104 54
518 20 74 76
486 878 82 80
1108 60 48 94
48 126 86 62
286 66 124 78
0 238 78 50
682 8 72 48
1638 328 122 102
1696 8 76 42
500 378 94 74
1216 312 46 102
264 594 92 76
1364 832 68 64
1220 606 56 56
732 414 92 66
1164 464 50 118
