818 98 94 102
1504 696 102 90
792 320 146 62
926 342 76 102
1102 756 94 92
1234 356 130 64
814 368 96 102
842 850 86 98
1056 858 88 98
830 586 96 98
970 906 110 84
1072 360 98 78
632 644 92 100
1308 30 130 76
984 570 100 82
696 554 82 104
682 332 80 108
1362 856 80 104
1134 218 64 122
1078 426 76 102
1222 206 72 98
650 60 76 108
992 20 106 50
982 128 86 98
1098 566 114 80
904 574 88 106
1042 248 76 114
1070 510 86 98
1068 662 70 114
980 212 72 114
1310 480 138 66
1376 260 118 74
818 14 98 82
1284 950 96 84
1458 120 96 58
1406 392 92 92
748 168 130 74
890 274 132 78
1466 528 98 82
904 190 118 82
1496 380 96 96
1054 126 102 74
722 612 110 84
1422 684 78 106
372 892 80 112
1234 904 96 78
1048 186 94 86
802 786 134 84
1006 404 84 110
1264 84 56 126
1254 404 82 102
1720 272 116 84
1288 798 82 100
1248 664 122 70
1502 308 104 86
424 150 108 90
862 490 84 102
1380 788 100 88
1520 470 104 80
604 12 74 86
634 156 86 114
1400 544 64 122
1354 120 84 72
1614 804 72 112
464 740 98 94
860 416 106 86
400 236 138 78
1540 88 112 80
986 502 110 76
782 228 90 90
1668 366 82 104
636 368 100 104
870 742 88 84
24 870 104 92
1628 604 164 76
1598 284 116 84
1290 728 82 94
686 228 82 110
626 536 76 108
956 710 102 88
108 732 118 98
1480 584 112 86
400 298 88 84
1304 116 68 116
1406 326 110 82
1362 648 76 104
346 58 134 76
1152 20 76 86
6 114 106 74
1340 532 78 104
400 476 88 76
1090 46 72 94
1564 358 100 100
730 888 92 88
1420 214 108 90
1732 678 84 94
692 126 112 80
1568 886 82 104
250 672 72 114
320 734 122 92
1322 396 102 94
1522 164 116 84
1274 562 96 90
648 910 100 68
822 504 72 108
844 672 96 90
110 838 98 96
664 482 120 70
48 236 98 80
1696 464 134 76
1010 662 68 96
408 656 90 96
1162 302 68 88
490 666 98 84
276 528 106 90
850 196 72 110
132 326 102 88
1518 16 108 86
1666 60 124 58
696 698 82 106
1470 758 90 106
6 316 140 74
1558 610 114 94
792 854 64 92
590 230 72 108
450 606 132 72
428 544 94 92
1628 676 116 78
694 426 142 68
40 788 70 80
400 730 48 88
1424 20 120 78
652 810 154 98
172 6 120 104
1444 860 84 98
914 678 70 72
504 894 68 98
638 268 98 88
140 132 132 58
1606 14 96 92
1690 120 144 52
502 60 74 56
1228 726 62 126
1512 776 82 110
1614 166 118 74
1620 724 94 98
400 812 78 86
1738 524 86 100
776 478 80 96
42 966 98 70
1748 372 80 110
524 808 70 90
1562 966 88 90
318 446 92 86
266 608 128 70
988 70 118 70
686 964 120 76
446 874 66 120
400 128 48 90
172 662 86 98
804 940 136 70
892 944 94 88
1222 838 78 78
1650 544 142 76
430 372 112 78
530 120 58 108
1138 852 70 78
604 120 74 74
1164 762 48 110
272 444 78 94
186 818 106 96
494 232 84 84
