1528 650 68 66
1048 266 50 68
376 28 74 64
694 222 58 66
190 182 74 60
466 202 68 50
974 938 58 74
1362 642 60 68
902 550 64 46
1534 284 74 64
204 684 68 64
1438 170 62 70
1630 398 88 46
878 258 48 64
1178 518 56 74
770 204 50 62
1252 128 58 68
582 294 76 40
1552 766 94 44
1056 370 52 68
1504 494 122 42
924 270 48 66
912 168 52 64
652 958 60 64
648 446 50 58
64 652 102 36
862 152 48 60
114 710 80 40
1102 372 50 78
1048 488 56 46
834 390 66 54
724 446 70 40
774 306 74 44
1246 68 68 58
1646 288 84 48
906 348 52 58
1562 22 96 80
952 408 62 46
72 384 84 42
958 138 52 58
952 452 48 56
716 138 58 54
1334 800 84 42
1522 144 68 58
620 592 48 68
586 776 102 44
1120 84 46 74
1040 168 76 44
580 228 74 54
398 804 100 44
874 602 72 36
152 368 96 64
1036 892 44 66
1176 88 52 84
624 346 56 58
1048 442 70 40
1038 216 80 42
806 184 44 62
1444 902 64 42
674 664 64 38
386 278 60 58
750 336 46 70
1176 288 82 42
264 930 52 52
834 452 62 36
1178 330 82 46
792 578 74 34
1084 896 52 78
674 626 70 40
290 552 62 52
634 112 60 46
578 164 96 54
588 40 60 58
22 604 84 38
710 378 54 62
1454 116 80 52
80 266 90 52
1432 782 104 42
96 512 92 38
638 890 70 44
1800 792 90 50
584 542 76 44
584 450 74 44
326 424 60 42
714 912 62 58
1176 950 54 58
152 594 70 54
874 516 56 36
818 366 48 58
1008 398 60 42
754 542 68 40
1714 380 74 56
448 714 84 40
246 60 80 40
1074 106 48 56
268 666 52 52
834 498 54 36
1026 706 78 64
494 260 60 46
316 634 50 52
360 352 68 44
632 390 70 38
1170 376 64 48
510 328 58 60
1646 866 100 72
462 656 80 46
572 394 48 68
400 354 80 60
218 516 62 52
594 922 72 48
16 150 84 74
186 916 70 42
386 684 42 60
738 0 52 60
748 932 68 48
288 480 58 50
68 102 92 52
264 376 70 40
46 710 68 52
36 452 84 42
36 796 82 56
400 62 46 24
514 638 64 70
424 612 56 58
1122 184 50 60
1654 204 146 56
28 258 76 42
114 988 88 36
302 992 66 46
422 238 56 62
92 766 88 40
1236 982 76 40
382 618 52 46
1234 0 80 68
438 580 78 36
204 562 68 44
1144 252 42 58
480 882 84 50
736 500 50 34
404 200 54 68
1782 554 76 52
510 172 54 46
414 836 76 52
1788 660 78 54
420 676 56 64
