310 202 86 50
194 600 90 40
790 842 56 68
888 690 68 44
608 260 64 74
1026 320 52 76
908 174 58 62
1532 652 74 48
110 956 90 42
110 564 80 40
1000 270 66 52
1032 170 60 52
1104 372 48 68
102 234 80 60
1012 652 56 74
1336 98 76 48
1044 422 48 86
400 88 80 76
282 658 72 36
712 538 74 34
1594 542 56 58
106 688 86 36
916 280 62 54
708 634 52 58
992 432 60 58
328 748 58 40
644 126 48 60
1400 540 66 48
210 178 66 60
1300 244 64 50
1098 660 50 58
1326 164 68 42
854 456 46 64
1032 524 70 42
916 12 60 68
194 778 64 44
878 432 70 38
808 142 52 62
750 280 50 60
824 60 76 70
906 922 52 86
914 484 52 64
1212 160 56 52
382 434 66 44
1070 114 52 56
890 616 48 62
1688 504 72 52
142 842 92 36
1434 928 52 64
1572 474 70 38
1292 384 70 42
1574 844 74 40
1040 762 50 50
1080 626 60 36
828 314 60 44
806 224 74 44
1612 352 70 56
296 712 68 40
1260 138 52 46
692 790 62 42
854 520 62 44
1250 630 54 48
1024 896 74 42
1356 568 72 38
1346 216 64 50
1644 656 82 42
86 348 76 44
1086 536 60 48
932 576 44 60
688 396 72 38
310 1002 58 52
1262 430 72 40
748 734 50 60
476 162 78 52
1176 796 62 38
668 596 50 56
1174 684 56 52
642 548 58 48
1644 854 86 44
864 916 50 72
836 370 62 44
1188 582 70 42
894 240 50 50
446 516 50 60
104 294 90 48
608 752 68 48
108 900 86 42
730 346 72 40
1678 304 92 44
248 154 66 78
1494 228 70 54
952 628 62 36
1396 892 52 54
718 224 60 46
176 700 68 44
354 520 54 52
714 82 56 40
1448 588 72 42
976 240 72 38
366 618 50 54
1186 230 60 50
160 40 90 56
1288 658 48 64
1508 736 52 44
386 754 54 56
34 252 76 60
152 144 72 56
258 948 62 50
1216 896 46 54
614 852 58 70
1582 922 80 42
1544 138 90 42
664 360 62 38
808 566 86 66
592 158 62 56
1222 280 70 38
584 568 62 52
1448 790 52 50
702 176 62 44
1260 334 64 52
1670 578 76 48
1464 644 58 58
1582 280 56 58
116 394 78 46
678 294 48 60
590 950 94 44
470 884 66 56
858 386 50 54
704 724 52 56
1318 918 64 40
590 374 70 38
1286 66 76 48
1202 536 72 42
666 724 46 62
36 454 80 46
1318 868 74 40
1378 604 62 42
94 790 64 60
1038 956 58 48
1478 852 56 62
438 0 80 56
1332 686 68 42
318 0 74 48
656 842 54 52
1276 638 52 50
146 76 84 60
1184 60 46 62
336 486 54 38
1276 488 60 50
1532 410 60 60
768 164 50 64
598 812 60 40
1194 334 54 60
1062 62 68 46
26 370 72 46
1376 812 74 38
274 516 64 44
976 934 64 40
1412 736 86 38
762 82 64 42
1570 170 88 50
1524 788 54 44
474 590 56 56
1482 416 60 50
1028 800 52 48
1662 914 62 70
648 200 74 38
736 980 66 40
658 54 60 48
1162 600 46 62
506 838 52 62
270 782 68 44
504 710 58 48
1614 724 76 38
1294 726 52 48
1032 1012 56 48
1702 380 62 56
1200 118 56 38
618 522 66 36
454 682 78 40
1400 712 76 34
1166 534 38 56
1560 230 62 38
210 992 66 38
1238 696 54 46
1532 276 64 46
664 446 44 54
1658 774 74 46
1662 130 64 68
748 130 42 48
412 524 50 54
1244 484 50 52
1786 696 88 50
1502 340 106 64
1188 8 68 62
12 152 94 68
1792 808 94 36
696 36 70 38
1650 420 78 38
708 296 46 62
1810 374 58 48
1296 780 58 40
1180 840 54 50
258 474 74 38
1172 960 62 46
800 178 20 50
402 528 24 48
1666 696 74 50
1410 672 62 40
412 962 56 38
1688 214 88 44
1134 122 52 24
684 376 64 40
1712 160 62 52
562 60 40 28
34 556 68 44
44 712 72 38
1234 318 56 64
1816 280 60 62
