164 364 64 40
432 80 58 74
452 176 46 62
1644 108 66 48
152 802 60 40
1814 686 68 36
1640 758 86 38
832 456 56 40
202 966 58 42
872 768 42 38
936 618 42 36
1540 848 64 36
1476 646 56 32
694 438 34 38
1632 72 82 36
1042 676 72 30
1176 526 30 42
1050 790 54 36
146 178 50 66
800 210 24 36
994 542 34 42
198 880 46 44
886 734 46 32
838 868 48 28
80 898 60 48
928 248 54 46
1156 924 32 48
940 562 36 38
1252 90 60 36
1590 708 66 36
1212 748 50 40
424 872 60 36
1212 936 70 40
366 120 72 40
40 544 66 34
1184 396 48 48
592 660 72 36
672 372 40 38
1694 568 60 42
1128 120 38 32
880 590 50 30
1628 536 46 48
1174 802 60 38
454 378 56 36
834 808 40 36
54 580 54 46
768 346 38 32
874 800 38 46
896 696 44 34
1296 354 52 50
1044 458 60 32
432 454 38 34
1290 414 36 44
1108 574 46 30
800 124 64 40
800 888 26 40
1794 642 60 42
834 288 36 36
592 532 58 48
682 620 62 32
794 732 42 30
1174 340 34 42
522 632 50 50
404 338 38 42
800 162 26 36
1132 284 38 38
1076 240 46 42
904 478 48 30
900 870 46 28
846 206 38 42
1070 924 36 42
1640 640 90 32
742 646 34 46
1776 906 78 44
1174 60 48 20
744 844 58 36
338 414 34 44
338 300 42 46
1232 458 36 42
718 720 48 48
1250 218 62 38
1812 390 80 40
1202 96 48 44
500 440 34 46
362 348 38 32
880 286 58 48
1212 126 62 42
1796 566 86 34
1020 904 48 48
404 744 44 40
706 254 60 34
840 164 38 36
1038 974 44 30
1242 186 64 32
1110 6 36 36
826 306 42 36
1644 674 62 38
1054 186 52 46
1230 1010 50 46
434 120 46 24
682 306 72 36
1254 386 40 38
774 218 44 30
482 428 32 46
348 494 40 32
436 430 34 40
1170 672 38 38
1230 62 44 28
508 882 72 56
892 206 52 28
404 444 36 36
1214 278 60 40
882 330 50 28
1092 488 46 32
46 792 60 32
800 274 30 42
1804 448 68 36
1812 882 74 38
1096 188 36 40
792 934 38 38
148 604 46 44
382 388 52 28
776 662 36 42
1664 940 60 42
764 272 34 40
1804 788 70 32
440 412 42 34
370 914 56 32
1202 232 38 34
800 184 22 38
936 664 48 28
1316 484 46 32
1772 808 50 40
362 86 30 46
