1284 352 62 36
266 790 52 42
1364 202 46 60
88 362 70 36
1236 584 66 34
386 586 64 32
474 218 62 34
114 470 72 36
372 934 54 46
1642 610 82 52
1078 674 34 40
990 640 38 36
1040 400 54 38
594 196 56 52
1198 224 58 34
854 476 38 40
910 308 32 44
856 742 32 42
1722 54 76 76
1086 624 40 36
820 422 58 34
804 646 40 34
914 616 40 34
984 600 42 36
936 524 48 30
776 658 30 50
982 760 44 34
840 294 40 38
952 708 44 36
1692 366 68 54
1090 254 54 52
1058 512 32 46
712 650 32 50
182 390 92 34
1190 62 40 30
198 186 68 32
992 676 32 40
34 370 66 38
160 626 60 36
910 566 44 32
1012 248 50 40
810 820 34 44
800 192 26 44
848 216 42 32
904 168 42 52
338 850 62 34
792 376 60 32
1182 764 66 46
1118 98 32 52
1462 102 92 48
316 168 66 32
1074 110 46 58
824 122 34 46
768 302 40 40
814 314 46 34
646 238 38 46
590 390 50 52
1100 912 36 48
776 240 42 32
400 256 20 48
1046 470 48 28
42 794 66 36
822 244 48 30
400 2 32 32
1022 206 62 36
366 288 54 40
1164 674 44 32
1808 650 64 36
1176 256 54 36
1228 946 62 34
1084 722 38 38
1796 412 74 50
588 146 56 44
890 120 46 48
844 640 50 28
1262 74 32 44
1186 176 34 40
1254 0 48 22
26 560 64 38
220 140 50 42
602 356 32 42
802 232 30 36
424 664 44 46
820 644 50 28
750 202 38 40
368 666 62 34
1138 104 32 46
896 586 36 34
1112 418 34 38
780 266 42 32
1130 60 38 36
1054 934 60 46
284 200 62 32
254 280 56 38
1128 276 38 36
466 260 46 58
1808 212 84 36
314 276 44 50
1174 68 32 38
1198 34 34 46
586 324 30 44
736 262 38 46
826 280 46 34
596 690 44 30
1218 1010 40 36
342 200 46 48
1150 120 40 28
252 234 74 30
1786 264 76 46
800 252 34 34
