264 784 88 78
992 828 78 80
432 160 96 70
470 914 84 86
944 530 112 58
848 318 94 64
922 268 110 70
618 706 102 68
926 596 126 68
1506 176 94 84
1308 314 106 64
1080 106 68 102
1074 728 94 68
828 598 94 68
1106 232 114 86
1344 200 154 72
1518 832 104 62
980 166 94 84
624 358 108 54
928 758 110 64
1236 148 112 64
758 14 80 102
828 16 84 84
1344 768 86 68
612 764 86 72
988 404 82 108
1060 856 94 80
1454 60 80 96
750 298 88 76
314 658 122 68
324 718 98 56
1646 584 110 78
1560 506 90 88
1064 382 84 110
1066 590 66 108
656 410 74 70
466 738 84 98
858 150 90 74
318 946 94 78
266 246 112 78
246 332 92 86
1642 386 94 74
1370 612 86 80
1246 334 86 100
848 514 78 92
912 900 94 70
1236 718 126 64
1546 720 104 76
1218 620 90 60
132 864 100 102
1314 476 74 90
1114 540 72 116
1440 350 90 88
834 686 80 108
250 632 136 52
878 950 80 94
750 506 106 72
24 120 100 66
810 372 78 76
1608 252 70 94
146 120 100 44
802 924 104 66
744 422 116 64
1716 638 108 62
330 302 86 100
634 274 98 88
214 174 124 68
694 770 94 78
146 612 94 80
732 140 122 78
1638 678 118 62
1690 876 100 70
150 350 110 64
454 670 94 64
1498 326 82 64
1128 26 74 102
1648 12 100 92
716 218 102 74
504 62 76 90
428 296 98 86
646 590 142 74
116 308 82 82
450 548 88 92
472 494 90 74
1600 780 116 74
620 198 86 98
422 44 92 94
218 6 100 74
1604 96 104 94
278 882 116 72
1316 52 96 80
400 202 48 66
1712 60 84 80
28 584 104 98
104 780 104 80
1220 240 58 86
276 504 92 68
1664 316 92 88
66 188 94 108
1428 628 76 72
376 824 84 78
222 686 98 74
352 110 100 82
142 0 92 82
1524 250 94 76
1162 144 52 64
8 486 122 80
232 546 98 78
1600 862 102 66
1216 50 68 80
16 860 108 94
182 256 112 82
348 788 68 86
614 120 70 40
266 54 110 74
74 38 92 72
616 842 52 88
128 480 116 68
580 134 56 88
316 566 110 68
234 946 92 98
136 690 98 54
8 764 106 92
1230 880 68 72
1776 222 72 86
46 316 88 66
678 836 68 84
56 690 88 66
164 730 80 68
1700 476 104 84
1780 60 78 62
378 470 90 64
418 4 86 42
324 188 118 78
638 886 70 80
1738 700 70 64
512 388 80 90
554 132 50 94
260 440 88 72
534 978 64 68
54 954 100 80
610 24 66 132
