1308 248 88 54
1566 258 90 78
1004 710 82 54
854 716 90 60
906 766 58 72
352 622 108 50
366 262 108 70
790 878 70 76
958 918 82 56
848 966 76 60
320 164 124 68
764 652 80 46
636 268 62 86
1644 110 54 90
486 202 60 84
1328 322 124 50
464 280 76 78
762 588 58 66
178 434 92 66
1098 600 82 54
1442 248 90 64
472 662 76 82
1590 700 82 48
242 526 90 74
658 702 66 86
952 164 68 54
712 826 66 80
1248 94 110 68
1328 662 86 62
98 234 120 102
400 104 92 56
254 816 106 60
848 128 92 48
742 960 76 84
760 526 92 42
828 68 62 82
444 360 80 60
100 584 72 70
1730 98 72 64
1404 392 94 44
1480 160 96 84
1042 182 66 62
1464 630 56 94
638 346 86 62
638 122 70 82
622 650 82 52
644 932 62 90
1076 490 92 50
1100 960 50 72
158 574 104 68
188 200 102 58
1506 780 72 80
136 964 120 60
1308 792 66 82
1590 390 74 62
1548 450 78 44
1462 84 72 58
1428 24 98 68
502 960 86 60
80 478 86 90
1260 866 82 62
928 64 76 56
520 618 82 56
790 364 72 82
220 250 84 64
1656 728 60 70
388 834 64 64
672 478 66 62
72 964 74 52
1238 688 96 64
406 738 108 52
1728 512 74 82
108 646 116 60
16 508 78 48
1744 288 82 70
618 58 58 82
264 980 68 72
40 312 136 80
1540 52 64 104
1610 916 96 44
1598 52 94 60
1328 456 78 48
986 264 88 56
452 10 68 78
450 506 86 74
40 766 100 64
94 42 112 72
0 24 88 68
66 696 80 50
362 906 84 50
130 910 108 54
1316 496 64 78
452 766 90 52
34 0 84 44
458 818 98 48
38 880 86 66
460 872 98 50
1104 866 72 60
424 986 68 64
634 798 48 46
194 0 94 62
32 120 104 80
54 830 72 46
756 444 66 54
1412 458 62 54
1134 138 68 62
1086 266 64 48
