148 306 74 36
1264 272 52 58
1618 378 68 36
1590 120 72 38
1582 290 56 44
914 194 50 44
1494 190 50 62
422 698 68 38
1362 54 52 62
346 250 52 46
1812 508 70 48
286 120 56 60
476 96 66 40
70 234 64 56
1020 568 60 40
196 792 64 36
804 430 66 36
108 188 80 44
100 512 74 28
1564 244 66 34
396 156 58 36
1254 120 50 50
1276 658 64 36
1608 426 56 44
428 266 52 42
1644 704 92 54
646 832 58 42
340 70 62 52
84 880 56 52
1520 148 54 46
282 56 50 56
1046 94 46 60
908 376 42 52
1058 2 62 48
844 266 44 46
748 72 54 50
1454 950 56 46
360 704 42 52
286 680 60 36
1530 916 64 36
36 642 64 36
1176 394 30 34
1020 822 38 38
1730 168 60 48
1178 688 56 40
1696 360 60 48
1710 304 70 42
200 616 46 48
962 728 48 32
1782 714 62 38
1300 42 54 54
1054 614 42 34
1284 736 56 40
712 596 42 54
854 358 46 48
808 644 34 38
1084 798 32 46
1112 382 34 46
334 848 52 44
640 740 60 34
656 462 56 54
800 318 28 36
652 550 44 46
1102 108 34 44
590 198 68 36
186 700 46 50
1076 670 30 50
824 312 64 36
1644 580 56 30
1076 366 40 36
380 4 62 52
1082 918 34 48
756 382 36 40
878 748 44 32
14 262 70 40
782 602 52 38
294 4 62 44
992 754 38 36
832 592 48 58
976 966 48 48
730 376 42 34
348 596 48 46
808 784 42 34
806 368 42 34
1052 426 70 32
1192 112 34 44
1024 880 42 42
1112 550 46 60
74 548 76 32
798 68 48 60
392 810 46 40
1096 372 40 40
806 692 42 32
882 772 40 42
718 764 44 42
1798 662 56 40
888 0 48 60
840 656 46 32
1644 860 72 60
42 454 68 40
1104 206 34 44
1166 742 26 42
1018 768 38 44
1588 582 58 34
1048 774 48 32
1834 828 58 50
1134 264 28 48
738 334 52 40
1238 394 32 44
24 162 74 52
1208 464 52 28
96 702 42 32
668 760 58 40
994 888 44 36
830 698 40 34
842 714 38 32
1504 278 52 46
56 846 66 32
158 676 54 42
326 550 46 48
650 958 36 44
872 716 46 32
0 600 80 42
736 358 44 34
1182 502 68 42
826 746 46 32
0 504 54 52
1794 754 70 36
742 300 56 38
1100 408 42 32
1814 394 72 42
1702 70 74 60
522 426 42 54
1158 662 30 46
1124 182 32 44
1816 602 58 44
820 628 36 40
