982 708 44 38
1006 492 34 40
350 710 42 34
1012 298 36 40
1194 368 38 40
260 664 44 32
986 890 42 32
1082 256 38 32
1014 808 42 34
986 580 44 32
1196 162 42 36
216 770 38 36
1342 284 40 38
994 366 40 40
244 720 36 36
1028 642 48 32
1250 190 34 38
1280 334 38 38
1048 896 38 38
1086 670 46 30
252 372 38 40
1162 798 36 40
1026 366 40 44
232 304 40 36
1422 232 38 38
922 610 38 36
1192 226 46 32
992 644 42 32
1274 808 42 34
1084 922 48 28
1406 256 34 44
1312 618 46 32
442 718 38 38
1264 870 48 30
358 796 44 32
994 438 36 36
1020 206 46 32
1078 314 34 42
158 642 36 36
912 872 46 30
1216 746 46 30
1020 764 38 36
202 256 32 38
1060 688 38 42
1352 942 34 38
782 196 36 32
1438 562 48 34
1654 716 62 40
1200 862 46 30
438 688 36 40
796 844 40 34
1338 68 32 44
254 104 40 34
1472 44 54 38
342 240 46 26
1220 968 32 42
1296 382 48 34
174 616 36 36
1270 1014 38 38
1156 846 40 30
932 666 50 34
1786 736 62 36
154 346 38 36
1404 338 48 32
1784 298 70 42
1612 440 42 30
1834 254 56 38
1058 222 40 42
994 60 38 32
1072 738 42 32
222 332 46 34
1178 510 36 34
442 36 38 40
1186 184 38 36
876 692 40 36
1012 416 44 30
1116 216 36 38
802 136 88 40
720 210 44 32
732 66 32 46
970 784 42 32
760 226 38 42
1640 754 58 36
1810 408 74 34
154 874 42 26
834 702 36 40
1786 548 70 32
1642 562 76 30
92 908 38 36
1510 798 36 40
908 704 42 32
1794 648 36 36
366 396 54 30
1780 876 38 28
1832 506 66 30
200 694 42 32
882 640 38 40
1544 1000 40 36
1626 28 46 50
90 686 52 24
1102 178 44 34
844 662 40 34
1840 570 40 30
386 30 58 42
950 718 48 32
880 664 38 38
1792 816 64 32
1094 430 48 26
902 100 46 34
1772 472 68 38
1746 766 50 42
1832 354 68 40
