1006 350 40 36
1080 404 38 34
602 366 36 36
1254 472 30 40
876 344 44 32
530 330 40 32
1196 402 40 36
600 404 42 30
1082 666 46 28
1024 432 44 30
1008 386 42 30
606 298 40 38
610 344 36 40
1170 802 30 44
1236 724 40 36
926 62 42 34
1066 130 38 38
598 462 38 32
936 752 42 30
96 614 42 30
850 142 52 40
672 400 44 28
466 438 32 38
1568 158 32 40
1182 438 42 32
688 470 38 30
604 270 38 36
446 240 38 30
76 352 44 34
118 352 48 28
104 642 40 32
978 92 42 34
604 320 36 34
152 198 34 38
154 734 58 38
1116 180 36 40
596 216 30 44
1122 224 38 34
650 90 38 32
1094 708 38 36
1702 140 48 32
70 384 40 28
800 64 38 22
1114 662 40 28
58 640 42 30
642 626 44 28
1094 388 44 32
0 218 20 38
696 70 34 40
980 268 32 40
1706 320 44 38
1096 684 40 32
1110 460 38 36
