800 560 54 80
696 714 92 56
1286 520 68 74
924 584 58 80
1068 552 64 66
852 852 56 88
1104 234 82 56
1020 806 90 46
786 266 70 62
1524 394 94 58
1138 502 74 56
1018 478 68 90
806 762 70 80
1030 122 72 58
888 510 86 52
228 648 108 56
774 418 70 76
750 318 74 44
422 176 106 52
1258 306 72 60
902 180 80 54
502 710 90 64
830 198 78 60
1544 120 96 42
638 242 72 64
164 482 70 70
830 632 74 50
1736 36 84 64
136 750 110 44
114 328 102 78
638 752 68 64
230 32 104 52
1350 152 66 86
1660 226 62 70
996 892 82 48
688 410 66 66
288 770 76 88
1656 474 68 68
450 792 84 56
1430 120 96 66
478 912 66 72
410 504 90 54
450 248 100 42
864 140 82 50
1384 60 62 84
632 332 78 48
1738 344 80 62
1714 220 94 56
38 210 76 68
634 64 88 70
852 22 74 54
288 206 78 64
1122 300 56 64
1012 694 78 48
730 912 66 98
398 920 88 52
1352 586 70 48
1092 364 70 50
1620 412 72 50
1236 90 78 52
976 598 70 64
1086 426 78 42
478 396 68 66
68 952 86 68
1496 206 66 64
1570 590 66 46
380 378 72 70
1316 28 84 64
856 404 78 82
860 78 88 58
1282 136 68 62
1714 144 80 70
258 492 74 66
1090 106 72 54
622 408 72 58
236 890 104 50
1222 610 70 60
984 952 64 42
470 294 86 42
1542 302 84 48
1388 516 76 52
526 148 64 92
112 182 98 84
536 894 66 70
1622 548 94 50
820 990 56 68
624 642 100 60
376 60 90 82
268 144 80 72
1656 18 66 56
1570 262 70 52
1438 522 50 80
618 552 94 76
1360 640 56 62
1044 408 56 56
1590 634 76 44
120 796 92 48
616 258 44 72
206 534 84 60
630 870 68 62
1400 688 84 44
176 940 104 68
1526 18 64 54
0 250 52 66
1002 998 56 56
904 878 56 68
1228 708 78 36
488 52 94 90
36 486 110 90
1330 738 54 54
1602 60 92 46
1538 162 70 56
990 22 80 36
850 942 66 54
456 322 60 74
1374 1000 72 52
1084 702 60 48
1712 606 76 76
188 108 94 46
1382 766 78 38
1714 820 58 50
60 684 88 68
1722 548 94 46
1120 20 56 50
86 840 96 68
628 942 52 70
342 462 80 34
38 120 94 76
1210 756 48 72
134 70 104 60
1166 150 50 54
1652 674 70 52
1580 988 66 60
380 330 66 58
1212 60 62 50
1602 782 62 44
1604 828 54 54
