958 638 90 72
778 294 98 80
990 482 96 78
1010 566 84 80
836 126 96 68
894 314 78 82
1086 864 74 92
972 766 92 68
1052 388 90 92
774 670 84 92
892 766 72 98
1290 652 100 62
1084 504 76 94
852 464 88 80
890 230 84 86
1288 452 96 66
1334 386 114 66
1624 466 108 60
976 106 108 78
780 884 90 80
1100 328 104 90
1370 324 108 68
998 172 92 84
806 546 74 106
804 790 82 98
1058 684 118 66
1220 334 78 74
1086 176 64 104
1518 612 80 94
748 508 70 94
822 400 92 68
418 574 78 92
1302 764 98 72
842 54 82 72
916 80 78 86
1358 548 70 96
700 150 104 82
1004 262 62 98
1552 508 70 78
1318 18 92 94
384 756 110 64
764 410 80 96
410 466 102 66
1428 86 106 78
1652 294 90 84
770 100 74 92
78 558 130 66
1490 442 124 62
1306 106 92 76
1564 142 96 88
238 0 98 56
1590 794 114 62
1296 598 80 54
1286 540 90 68
1072 118 92 66
632 646 104 90
1256 140 76 118
1386 756 78 76
412 816 102 84
234 914 116 74
276 738 102 80
1314 186 108 66
1286 290 86 98
614 230 90 106
176 840 112 70
722 570 80 96
356 60 92 50
950 258 72 104
862 936 96 98
1082 736 96 58
670 890 84 94
614 854 94 86
1336 710 72 78
1464 316 128 74
1720 198 118 68
1676 526 114 58
1562 682 88 76
386 528 114 58
1372 676 92 70
262 810 108 74
1528 368 84 88
364 98 96 88
406 160 114 82
198 756 86 68
1526 212 86 100
1712 648 84 72
254 200 128 60
504 956 102 60
320 150 90 84
1412 200 70 96
1456 712 100 72
676 62 68 92
622 574 98 80
292 626 140 74
66 766 98 94
982 916 86 98
608 744 76 84
490 820 102 70
276 490 116 72
20 114 98 74
1408 424 78 82
1116 60 78 76
238 328 110 90
46 960 98 68
1120 202 80 120
1598 542 90 78
64 300 122 96
1532 752 74 122
1336 832 100 56
1598 646 90 84
1466 768 86 76
146 326 110 82
1638 610 84 56
1458 22 112 38
438 912 88 82
516 358 82 74
1158 772 56 78
1646 102 98 88
62 224 108 88
436 688 126 64
718 30 82 102
1160 498 58 74
400 212 66 82
386 282 78 96
220 550 152 70
618 62 70 90
462 760 122 66
1394 888 70 102
1586 88 84 64
220 444 116 58
1706 882 98 102
486 214 96 54
26 678 112 76
130 0 110 66
1606 728 100 66
378 912 82 98
1292 880 76 78
480 584 84 86
1584 890 102 56
130 608 124 80
1676 588 118 58
488 326 98 62
132 926 96 96
172 436 78 100
100 726 132 64
38 464 138 110
1516 858 98 64
0 754 82 88
1222 868 72 60
1196 564 98 66
624 464 90 76
1480 224 74 96
510 268 80 68
1224 60 68 60
1652 236 96 74
1216 792 70 106
1164 854 44 102
1710 718 96 80
636 990 100 70
1436 272 78 84
1388 986 108 66
606 344 60 102
400 376 66 50
1376 128 74 86
134 192 82 92
1582 418 92 52
620 130 98 98
1418 576 90 106
530 610 70 72
1166 410 72 70
1720 330 106 48
1154 946 60 70
1170 304 48 94
320 324 90 62
248 238 112 86
400 408 82 50
1698 60 86 32
1718 990 98 66
