1010 380 64 70
924 426 54 66
980 606 56 56
1218 286 78 54
1034 470 82 40
792 354 82 42
1430 440 82 56
706 690 58 62
1332 338 84 48
812 442 62 60
860 246 56 58
766 192 60 78
912 588 60 54
1366 162 68 74
232 328 76 46
1110 242 54 70
186 610 80 44
1292 160 72 50
1262 382 78 42
868 708 50 78
588 192 80 44
1310 86 56 64
692 912 56 68
1044 698 64 60
896 966 50 62
956 538 70 36
1498 224 62 80
1536 422 90 46
1056 162 62 62
284 860 84 42
1252 464 50 62
1632 440 78 42
874 642 52 68
656 266 58 72
1372 616 78 38
1474 526 88 70
1612 558 68 42
642 770 62 52
1236 22 76 46
1176 454 86 46
38 790 78 44
1722 300 74 52
1656 654 70 58
452 298 82 46
572 366 100 48
154 922 106 58
1064 668 56 68
824 518 68 48
1640 316 78 46
1608 0 86 74
1228 100 82 46
1680 522 92 38
1028 954 66 54
1196 208 76 46
356 478 70 40
580 144 88 42
1660 146 74 66
1048 114 68 44
1610 210 92 54
1596 768 90 50
442 520 66 52
382 248 64 48
160 710 68 54
502 956 62 54
288 630 78 36
1034 760 70 62
1050 54 64 54
430 904 66 52
744 910 58 68
1198 154 70 46
794 566 66 44
576 60 66 56
1232 530 54 62
292 910 64 52
44 712 76 54
402 546 54 78
1172 504 64 50
348 654 58 48
800 208 20 56
12 150 92 76
1738 166 74 84
620 996 84 52
822 942 66 58
1128 0 50 68
756 34 66 66
382 708 54 52
382 636 78 40
694 444 94 48
30 450 80 48
1734 358 56 52
1438 772 56 56
1656 606 72 38
1174 364 42 56
1824 386 76 68
102 432 88 32
1658 256 120 54
0 518 94 42
452 874 78 50
492 728 74 38
1312 826 48 30
1118 184 54 58
1180 894 42 64
1610 870 78 36
1348 752 60 38
500 492 62 48
1802 576 70 42
1110 784 42 80
