226 248 98 110
746 720 118 84
818 774 86 100
1560 682 70 114
758 860 110 82
752 310 86 104
1440 140 116 66
1418 530 80 108
316 524 88 100
1274 246 116 80
1506 450 118 72
1338 584 78 104
1346 466 72 114
1140 826 76 78
1662 336 112 70
1088 310 98 80
1640 788 90 102
868 220 88 96
968 214 72 86
1400 794 130 74
794 194 90 98
1146 224 78 102
888 346 122 76
1510 302 82 102
1448 212 126 74
592 264 92 94
112 838 98 100
1118 60 92 72
926 830 84 104
1248 118 108 88
672 284 100 74
682 200 92 100
866 582 104 80
1406 392 104 90
1008 420 98 84
642 652 86 100
1360 340 104 92
1356 34 106 100
820 486 68 114
1460 712 106 80
1026 840 92 100
202 340 98 96
1680 508 90 104
1232 872 82 90
932 34 104 88
1068 372 90 86
1232 348 106 88
962 512 90 92
1082 444 76 116
226 22 106 108
954 906 86 112
912 118 92 94
1582 404 100 80
400 700 108 94
1378 700 92 94
404 226 90 96
1572 170 86 92
1572 608 82 94
456 850 90 98
1688 210 88 98
870 466 106 86
908 694 118 82
1014 68 114 84
1226 202 62 114
346 622 90 98
986 306 94 106
754 106 102 88
660 130 110 74
102 762 126 82
608 836 68 92
478 314 86 96
628 758 92 94
1644 688 104 86
602 196 72 78
1226 434 126 72
430 166 132 78
1122 562 100 86
1662 74 156 86
150 170 84 102
332 128 90 110
202 116 78 130
1244 692 84 100
1048 148 110 80
1762 494 88 84
1028 204 82 94
224 796 90 98
622 16 90 58
1460 624 108 78
1290 806 86 96
382 350 110 100
1082 886 110 70
494 52 86 88
1710 726 104 78
462 772 98 90
748 560 76 108
800 404 90 92
638 340 96 92
650 514 80 104
276 444 100 88
674 984 112 76
510 692 90 88
1520 836 78 102
20 118 104 72
282 826 100 82
606 632 72 82
152 594 76 116
696 18 136 78
1224 484 102 90
382 836 80 100
472 532 100 100
1764 290 80 100
1300 692 76 110
1640 166 156 72
1656 390 170 70
1536 92 84 100
68 294 112 88
1210 58 100 68
4 254 98 90
504 234 84 78
48 694 94 64
1218 584 66 100
272 620 82 106
154 916 138 76
454 404 82 100
1160 316 68 76
310 976 120 78
318 898 108 82
1366 952 86 92
340 780 108 82
1726 798 112 86
190 472 98 74
694 590 82 108
1428 854 96 76
50 956 102 76
1520 28 98 86
1712 952 104 72
286 732 104 80
466 14 90 54
202 714 106 88
538 604 62 80
592 124 68 90
86 224 110 88
1266 948 100 88
1606 478 120 80
1018 726 144 104
22 848 84 114
602 338 70 112
1702 440 128 62
626 912 86 98
1740 620 110 80
88 474 138 70
1168 138 58 74
0 764 116 64
272 134 74 114
