790 600 104 64
1076 354 82 90
914 318 84 88
834 360 76 82
1398 466 96 60
1370 754 118 68
972 410 92 72
1594 644 100 72
868 440 74 72
1630 336 114 58
718 384 80 74
1110 602 80 80
1448 310 110 60
1272 250 108 62
1286 398 94 92
994 644 112 62
1224 644 90 62
1402 206 104 76
974 526 84 94
934 716 98 74
1414 400 96 66
1416 566 94 70
850 870 106 58
826 786 74 92
492 720 86 78
1256 846 92 74
1306 136 108 74
1082 454 90 108
1404 686 120 52
1724 8 110 76
1064 168 78 90
1544 722 82 88
1300 686 108 68
666 230 108 68
1546 590 98 66
252 820 124 62
978 954 94 74
678 856 114 86
978 232 130 66
810 60 84 58
1554 366 78 96
672 318 120 68
712 504 82 82
982 746 100 76
364 526 108 62
424 660 132 64
1238 476 118 70
732 686 78 96
1398 70 100 76
708 92 104 78
938 586 74 104
1510 116 112 84
934 28 70 118
262 880 124 66
1502 18 72 76
1364 352 102 66
810 518 80 94
1720 640 102 54
500 606 100 76
276 496 112 88
672 752 82 94
680 12 86 92
598 274 100 80
1718 566 98 68
872 936 98 78
446 216 80 98
1226 48 70 92
416 580 90 98
1388 618 102 74
1150 198 64 132
1602 514 84 74
412 70 80 100
186 766 130 76
1682 238 80 88
884 784 100 72
1236 176 80 74
1064 96 102 62
416 340 104 94
1126 550 90 70
470 842 86 74
1248 778 96 72
798 704 80 88
1412 816 86 90
292 144 68 74
446 902 106 88
256 650 96 88
1488 360 78 102
736 964 108 68
1720 792 78 108
1612 98 122 84
274 938 110 86
1228 946 116 58
408 798 102 70
1710 696 92 56
746 780 98 76
510 160 76 58
24 112 102 72
1246 720 74 62
1306 60 80 52
1690 122 70 120
382 854 84 102
60 820 102 92
1060 936 78 102
94 880 130 80
86 166 148 68
182 696 94 86
654 70 72 90
1590 232 106 86
144 560 132 74
604 212 88 82
368 218 94 84
124 652 110 88
1616 390 84 64
232 284 84 90
1046 806 76 100
1736 220 92 94
90 754 126 78
1216 740 66 100
622 470 100 44
748 476 100 56
400 722 82 84
628 520 96 70
348 578 98 80
304 78 102 94
12 298 102 88
0 628 122 60
1498 906 96 66
506 78 84 66
1312 22 106 70
332 290 92 92
634 910 70 82
1118 60 60 54
1164 28 54 80
206 130 122 76
1712 490 82 88
290 264 72 100
1148 512 128 60
512 120 74 38
1224 1000 92 50
196 60 116 88
1490 510 104 70
1774 496 60 80
1738 742 78 56
610 650 56 102
108 422 146 54
614 554 62 88
40 412 86 60
1574 60 100 50
36 14 124 90
142 0 98 84
1246 142 72 56
610 368 64 80
420 450 88 56
1576 876 114 62
400 302 32 92
1550 518 76 74
38 960 108 72
650 432 80 52
1154 688 74 64
350 706 70 80
608 94 72 76
6 472 94 98
0 570 74 76
1512 800 108 68
1634 452 122 58
1722 938 70 74
