1410 384 110 62
980 372 46 72
1488 218 80 70
914 208 56 58
1324 256 66 64
1338 104 82 72
446 750 66 64
1358 568 64 50
598 570 78 52
360 232 96 60
1686 182 88 68
1592 384 78 50
1532 588 78 58
1262 338 80 52
1490 650 68 74
822 326 70 50
1592 540 78 52
1590 210 110 52
698 196 98 52
882 380 52 64
1336 686 76 38
974 712 56 58
1018 526 54 68
652 954 76 50
1110 376 50 78
770 68 84 58
1048 184 74 58
420 816 108 44
170 566 68 72
876 54 48 72
190 206 86 50
762 480 76 48
874 280 62 58
724 416 82 64
826 846 72 42
856 738 72 44
1520 160 84 50
274 362 80 38
924 880 50 70
1058 522 80 38
670 328 64 70
806 586 78 42
648 148 68 56
604 654 52 68
734 852 48 62
1244 634 68 50
1608 334 78 48
688 522 62 50
840 786 64 50
960 558 56 44
272 94 116 68
830 980 48 64
1552 94 72 62
1222 354 54 74
682 804 58 62
778 334 48 76
640 80 64 66
350 556 84 48
1390 46 88 66
780 762 50 54
42 794 68 52
832 374 68 54
940 110 50 64
1094 96 52 68
632 826 52 76
1104 244 54 84
1334 6 62 76
1174 700 64 50
1680 298 92 62
982 230 68 54
818 642 66 44
574 732 114 60
744 526 50 64
934 450 72 42
1198 118 60 70
392 842 50 74
1344 742 68 46
64 504 96 56
1042 698 56 58
266 202 64 70
1220 572 54 64
210 486 72 54
1742 270 64 60
1564 998 88 62
1612 98 86 60
1072 232 64 76
1190 506 68 42
104 686 88 42
1114 560 50 60
140 236 72 54
1212 182 74 46
1018 854 52 58
992 16 76 54
172 686 100 48
918 518 60 40
1182 950 54 58
710 570 54 44
1044 480 70 34
1192 450 76 46
580 198 62 74
100 916 70 56
1492 0 72 80
1172 378 48 82
52 228 92 62
976 464 60 50
748 592 54 60
1228 932 62 48
1252 204 52 76
1286 994 62 50
590 258 76 48
88 150 106 52
920 580 58 52
1636 56 90 50
1390 752 78 46
1058 662 56 40
1174 578 52 62
400 922 84 56
1640 780 78 50
834 516 60 56
698 278 88 42
164 648 72 42
720 612 44 52
866 922 54 60
1098 894 50 68
874 638 60 48
590 808 54 60
1652 498 94 56
26 270 92 56
1686 102 106 58
396 754 62 58
858 482 58 60
1196 742 50 56
134 752 110 44
1062 410 66 56
120 378 68 44
152 994 82 50
1250 878 58 54
1228 0 64 68
838 896 46 52
1012 902 58 56
910 962 44 56
1786 760 64 94
1204 280 54 68
802 422 74 52
1698 40 72 48
278 962 60 66
1058 74 54 76
1182 236 64 56
62 330 88 38
146 302 60 62
1018 820 56 36
946 996 68 44
144 486 70 48
1130 56 46 66
8 158 90 56
1004 772 54 44
1662 586 106 86
22 348 104 64
528 934 46 80
1188 102 46 50
1228 830 64 40
1124 184 46 60
1724 410 64 46
400 2 40 30
1702 458 70 48
506 766 66 40
