220 188 106 92
362 176 82 108
1428 140 80 118
208 282 108 88
1366 488 136 62
1292 566 116 84
626 278 112 90
872 568 72 108
608 164 114 82
732 888 120 66
260 118 126 86
862 340 114 74
1246 392 106 88
800 594 82 80
68 254 134 84
1592 550 94 92
1226 348 98 70
1050 356 108 76
1228 692 134 74
1230 22 130 68
1342 64 80 108
990 872 70 106
1240 262 106 96
122 898 112 84
1076 854 90 98
1112 236 64 122
1220 604 80 102
980 480 58 106
940 748 132 68
464 162 104 102
1658 212 72 116
1470 294 92 92
1118 60 88 68
1496 64 90 106
808 276 88 104
1052 78 110 90
912 130 98 94
1330 916 80 98
972 404 128 74
754 212 84 98
836 740 88 106
634 648 102 90
244 624 92 102
878 458 108 84
904 942 74 108
1386 714 80 108
766 804 98 84
1710 512 110 80
916 790 64 112
852 402 82 96
818 112 76 112
1712 884 104 86
1262 146 110 74
330 770 80 106
102 840 106 94
888 670 72 120
22 774 106 94
210 786 108 84
1322 262 76 108
1516 212 130 76
1210 486 88 96
626 14 102 68
748 92 70 112
1332 650 126 84
1054 474 72 124
74 168 132 90
710 486 126 70
1012 682 94 88
1428 536 82 94
626 826 98 94
944 606 56 140
1404 798 90 98
718 736 98 92
1736 194 96 108
1148 576 68 108
462 830 94 90
618 376 94 94
598 458 92 86
1684 146 100 80
106 118 124 92
1218 736 74 114
1290 634 78 70
292 582 140 82
700 546 88 96
142 574 106 104
1536 362 72 108
1474 682 104 116
760 306 84 92
1434 16 98 84
1586 112 108 84
1288 842 126 88
702 372 112 86
688 948 74 106
222 722 126 80
418 462 84 104
318 488 110 94
756 936 106 76
1488 910 70 102
1110 498 78 108
772 416 112 90
470 120 118 54
66 474 98 118
260 924 94 108
1494 548 90 90
1230 198 94 84
178 532 112 86
1470 820 112 82
876 22 118 70
628 120 114 52
1070 780 106 98
56 322 130 82
392 800 138 78
414 342 136 76
868 68 76 106
520 862 70 108
724 18 130 66
2 106 112 76
956 20 96 76
278 324 126 88
212 494 124 72
402 60 130 58
1036 20 108 46
1546 22 126 82
516 218 66 92
1598 808 146 68
1656 90 122 80
128 84 136 56
1394 414 110 80
110 700 138 94
1660 700 82 96
994 626 106 78
1774 120 94 80
6 270 66 118
1242 804 102 68
38 960 112 84
1604 874 100 90
1054 920 100 90
646 708 138 74
788 36 86 94
618 534 106 88
1554 748 138 74
444 606 108 94
6 846 90 112
474 10 84 78
456 528 108 78
1718 690 94 82
586 236 72 106
508 692 80 88
32 686 102 70
608 750 90 80
20 500 78 100
