710 728 74 60
1566 232 90 58
1454 218 98 58
776 290 84 54
746 350 66 56
1258 234 64 64
1552 174 102 50
888 362 56 66
1092 248 66 64
964 578 56 64
776 554 80 46
818 444 60 60
1546 560 80 52
570 162 108 52
888 946 60 92
950 818 78 44
960 726 58 60
1046 202 68 46
904 508 76 46
1370 404 88 48
1110 378 52 78
1346 334 68 56
952 406 88 52
586 544 84 48
872 212 78 66
436 92 110 62
826 174 86 58
760 854 78 44
646 456 56 64
738 448 64 48
200 720 60 64
990 138 66 70
1242 360 64 48
1190 242 54 76
676 398 58 66
862 680 84 46
1638 220 98 68
410 216 90 88
250 648 92 42
1442 430 86 52
70 786 94 50
1718 188 96 78
640 608 66 52
1182 452 82 44
362 696 94 48
1314 268 52 82
1506 814 70 46
398 370 74 50
1116 84 50 80
1206 124 50 68
1606 554 82 46
1196 504 76 48
832 18 76 72
736 82 90 56
1366 280 80 46
1068 666 58 78
1106 528 50 68
574 244 94 54
806 352 66 52
866 620 68 52
560 284 90 80
1630 378 82 82
1060 778 54 64
44 714 74 54
1622 104 74 76
1614 460 86 42
1558 10 84 80
804 510 76 36
174 332 90 66
1248 138 64 64
462 802 90 52
1252 936 64 54
1214 200 70 46
1666 666 110 56
164 534 68 56
1674 530 70 44
582 448 68 56
1800 702 88 82
300 26 82 108
1258 764 56 56
1372 148 74 52
1334 186 84 50
244 188 54 62
1164 666 60 62
604 938 74 72
1618 806 78 70
1612 708 146 56
1174 790 82 46
364 844 68 56
98 486 80 52
874 564 56 56
570 60 100 52
1556 892 74 52
574 692 68 96
1664 136 134 78
1552 964 76 56
418 826 52 52
118 552 72 62
12 154 88 74
268 210 84 68
456 594 52 88
100 900 74 62
1680 252 118 94
1684 60 88 64
496 524 64 50
62 882 86 42
184 966 84 42
156 476 74 38
1118 188 48 58
10 362 92 52
448 34 96 62
1678 996 76 48
1718 482 66 60
1692 872 64 72
16 536 70 40
500 650 66 44
0 612 76 48
576 598 44 52
