1226 370 124 58
898 236 94 98
740 800 82 104
1564 652 78 112
692 30 72 124
372 810 82 106
1548 36 82 108
756 728 106 84
1102 736 78 110
988 268 110 82
652 606 82 106
1516 456 94 90
332 80 100 88
1344 234 114 88
836 516 98 96
1230 424 114 72
926 884 102 82
1008 182 108 86
240 706 82 102
294 132 88 104
1368 894 102 96
1498 378 88 98
252 292 110 84
1652 674 94 106
972 84 74 116
1252 754 120 80
674 150 90 104
258 780 142 70
1328 120 88 58
1234 680 128 74
396 196 116 82
254 832 82 102
644 820 84 104
766 90 70 120
902 700 80 102
982 748 58 124
1052 476 86 98
54 2 124 94
448 106 84 102
1432 320 132 72
1458 224 134 72
1396 468 80 106
606 244 108 94
1416 688 118 72
44 964 96 74
1450 134 94 100
1598 808 78 108
970 346 86 94
1576 404 132 74
934 18 114 60
1674 310 94 98
1046 398 104 92
810 12 98 92
1510 770 120 80
1246 188 76 106
1030 776 82 114
950 546 124 76
1230 60 104 76
438 42 128 72
1396 622 126 76
1308 558 138 64
1092 16 72 88
1342 810 82 106
828 148 104 96
400 82 54 90
422 664 120 90
1496 838 96 92
948 636 126 82
960 456 88 98
1136 288 82 94
776 272 90 94
662 730 82 112
14 116 96 70
1668 878 96 96
1148 196 80 116
816 870 106 96
174 586 110 84
1364 348 78 108
854 606 74 106
630 340 124 82
914 324 78 102
132 82 140 76
608 28 74 116
1040 38 82 108
1006 922 122 82
1146 560 70 140
362 300 92 102
324 692 132 80
654 914 112 82
1636 12 102 90
1082 860 112 76
470 802 94 88
66 280 104 86
1356 740 108 82
894 418 98 92
166 668 110 82
754 908 98 92
1566 332 132 86
1446 560 106 88
1048 326 98 86
786 368 96 96
1510 916 94 90
1360 642 70 106
1664 140 140 74
746 204 150 70
1300 470 102 90
1068 120 80 110
746 654 108 84
1708 278 118 74
1244 886 104 90
1632 564 106 84
32 686 102 74
1696 208 144 76
598 660 82 108
474 372 88 100
148 230 102 110
850 394 68 118
898 786 92 98
1676 52 96 96
1062 656 86 92
874 66 108 88
800 504 62 90
288 494 122 84
832 944 66 114
402 604 130 70
1234 576 118 76
1732 120 100 42
12 224 98 100
500 220 84 84
0 292 76 80
392 344 98 92
156 154 144 60
592 346 64 108
220 468 72 124
90 578 114 86
358 226 92 96
732 436 108 64
720 228 80 110
1058 580 76 124
1638 478 152 76
236 4 154 82
406 10 86 70
178 938 96 106
1642 764 102 84
662 284 118 84
290 566 92 90
1456 60 118 60
1670 810 126 80
78 768 140 72
1510 534 124 100
680 120 92 42
360 564 102 74
160 446 78 114
156 342 128 76
1724 430 102 92
76 514 118 82
98 832 96 100
1300 944 62 104
0 754 50 110
1736 598 76 98
6 590 94 98
1750 328 104 78
776 588 86 98
268 216 122 80
512 606 66 120
400 446 64 42
220 188 96 94
1630 942 112 74
