754 234 72 126
946 232 74 114
1560 660 84 104
1558 194 76 114
1472 472 82 114
1132 798 80 100
1130 212 64 126
1274 180 84 96
864 412 106 70
850 686 128 68
970 372 84 96
1058 774 92 88
1256 74 78 104
742 504 108 84
738 662 108 76
1452 746 108 70
878 468 82 102
988 696 76 106
1540 440 118 84
1390 606 102 82
732 580 92 92
1120 494 72 100
620 238 134 74
1546 554 112 80
1334 918 106 88
444 670 140 66
154 118 92 104
54 498 104 96
1280 18 92 82
1400 400 100 90
882 592 106 80
964 482 64 118
1476 324 88 102
904 936 86 98
1358 60 72 96
1610 326 92 84
1022 516 90 106
1350 146 78 108
1238 854 98 84
728 830 114 96
996 54 90 96
46 962 104 76
942 122 76 114
1444 260 136 74
1452 802 94 100
1100 876 100 84
1226 482 96 66
1750 172 72 114
1540 22 106 54
1318 754 118 80
1638 228 106 90
330 606 82 108
1648 134 100 80
1376 332 114 76
1444 138 84 98
224 4 110 104
478 314 108 74
440 572 122 82
1064 140 70 104
800 300 78 108
198 180 102 98
1064 442 104 76
598 540 84 96
1568 120 124 50
1076 314 94 72
714 120 102 52
46 586 128 72
1158 572 58 110
700 722 110 76
1056 906 76 106
10 772 114 100
1248 668 64 114
1216 548 92 76
298 792 80 118
836 124 114 80
690 930 70 106
626 370 86 106
1566 778 122 74
966 880 86 94
974 796 88 96
1248 614 146 80
1046 372 130 76
172 748 86 122
658 296 102 84
1316 684 126 84
476 382 112 72
436 850 80 118
444 202 124 70
288 524 154 66
112 252 96 112
1558 902 90 86
646 152 92 86
890 54 96 90
736 416 114 80
910 748 76 112
1000 222 106 88
414 14 82 106
362 234 102 88
1658 14 126 82
172 448 108 94
1692 772 98 86
324 708 82 104
1252 384 92 98
1716 584 122 78
1636 888 82 100
1716 426 126 68
12 112 106 72
482 772 110 68
1616 616 88 88
376 94 92 108
268 468 134 66
402 956 92 94
266 230 114 84
504 858 74 88
334 168 100 82
174 946 108 82
330 16 88 96
1714 868 96 82
588 182 94 76
590 484 72 64
484 470 96 98
442 726 122 78
514 940 80 70
636 776 96 94
480 112 86 86
968 22 78 84
18 684 128 78
380 828 90 94
1660 692 86 96
988 120 98 38
1716 308 120 82
606 852 62 102
208 594 150 64
1490 870 102 88
1478 14 74 92
0 190 52 96
28 60 176 60
618 70 108 92
0 308 64 88
320 308 88 90
844 22 100 54
1222 310 58 82
1774 512 74 84
1086 48 84 102
154 616 100 74
56 290 106 96
1420 36 72 104
1776 362 86 64
626 912 76 102
1738 80 122 90
1088 120 90 30
584 26 66 90
