1352 546 76 108
1036 670 142 60
1046 598 104 74
1450 466 84 106
904 760 144 64
476 594 114 70
1074 162 106 70
430 150 132 66
1068 906 94 102
418 90 160 66
1100 236 96 92
848 418 108 72
672 396 90 84
898 340 112 84
1586 750 104 74
1042 720 128 72
878 80 76 98
350 248 138 68
702 476 102 68
976 424 106 98
990 206 82 106
964 822 116 78
456 762 84 94
1242 364 122 58
778 272 78 100
1408 20 102 70
1142 760 66 98
1488 298 94 90
376 308 164 62
1224 18 68 96
1230 658 114 66
1426 406 122 70
1656 484 136 98
1528 488 86 94
1066 342 94 88
1076 112 96 62
1022 294 112 78
792 350 92 98
670 688 110 70
646 544 88 116
1232 906 90 90
980 512 124 76
1524 176 110 86
630 756 100 106
1214 756 62 86
190 68 122 88
880 926 108 100
834 898 80 84
894 844 94 70
1578 636 128 74
1634 120 100 90
136 142 110 86
754 510 110 86
880 580 110 80
1648 266 146 70
1294 714 80 108
610 164 92 94
1356 142 108 86
956 548 76 108
920 648 78 90
820 214 80 100
404 468 116 80
1332 276 116 78
256 540 104 88
934 244 84 118
1240 420 104 80
1242 166 118 76
588 62 84 84
640 922 82 102
202 214 94 88
1312 40 76 108
1070 418 74 112
748 432 112 68
732 124 126 78
400 892 82 90
1410 946 100 82
1268 306 102 66
1222 582 84 108
646 304 116 66
1432 696 92 98
622 356 82 90
1720 176 118 50
698 182 92 94
1534 950 100 100
830 664 102 82
766 16 80 58
124 272 166 76
732 56 106 74
400 356 110 80
52 288 116 76
324 182 108 78
400 964 84 58
210 838 118 84
346 622 82 96
1220 196 72 100
648 60 100 94
114 674 126 86
614 488 116 72
1214 864 58 92
94 882 116 80
80 752 122 100
1662 698 106 100
846 498 84 102
254 770 120 84
880 20 94 72
738 694 104 102
706 904 106 84
908 462 68 106
14 108 114 78
1726 120 96 38
1140 310 82 88
196 470 118 80
1694 862 92 74
1312 936 96 92
50 960 104 66
598 244 80 114
824 814 96 96
180 334 136 80
1068 22 108 60
1406 878 122 76
1370 798 108 78
466 964 90 96
1742 50 80 100
318 0 108 88
504 500 102 80
14 0 100 96
1666 412 106 76
1548 52 96 84
1526 662 92 84
106 612 150 54
1164 480 52 110
1722 938 98 84
480 678 108 84
1462 784 112 86
244 674 100 88
734 820 100 86
1028 120 92 44
86 36 100 98
506 398 98 80
1698 590 114 120
1632 30 166 76
122 0 126 50
16 184 82 116
1030 62 88 82
340 498 88 88
414 22 114 82
70 180 104 106
538 120 52 114
610 654 68 82
150 418 84 80
36 406 94 66
308 786 118 80
1634 798 102 86
1480 48 86 80
40 840 80 116
310 864 102 98
1352 750 104 68
1174 588 54 106
400 632 36 90
1232 714 92 64
650 810 136 66
1730 312 110 76
84 330 132 72
1734 810 90 84
1704 682 116 84
