964 530 60 68
792 610 62 58
322 544 68 64
840 504 98 44
1080 376 76 42
936 152 74 46
932 606 82 44
926 718 60 78
852 606 62 54
1644 192 64 74
246 614 84 54
1130 480 62 64
1064 236 54 80
674 510 84 48
1030 164 52 60
924 90 74 56
1574 778 64 62
206 548 80 54
276 178 94 58
1298 472 80 42
1326 188 54 68
134 652 94 40
238 282 112 54
1606 868 78 56
1650 482 90 42
1688 616 60 54
1508 880 62 70
244 506 88 46
1110 852 78 48
288 0 84 54
1112 240 76 44
1364 90 92 48
1088 90 72 74
1268 922 56 72
1366 328 54 70
146 306 90 52
394 130 84 46
1298 70 70 58
1040 858 60 76
116 210 92 56
924 844 78 44
1156 322 58 58
152 254 100 48
512 1000 84 56
1710 440 68 60
1108 186 54 58
480 68 62 66
1670 928 86 56
1632 586 68 54
746 24 82 54
1252 128 76 44
1238 682 118 48
1544 540 102 52
1560 980 60 76
832 846 54 66
1728 274 80 38
382 728 60 64
1230 188 44 78
1284 640 84 40
1664 774 60 64
1034 710 76 42
1690 310 70 58
280 132 86 46
1722 60 74 62
194 336 82 60
84 832 66 72
1262 380 70 42
534 154 58 56
96 582 102 42
1316 932 72 52
40 246 74 76
72 950 86 62
1218 606 66 52
1278 306 54 56
1600 970 56 78
202 162 80 66
532 274 74 88
1270 26 68 50
968 908 66 52
1266 428 56 42
1706 186 76 86
408 932 86 66
1714 672 52 52
1298 854 82 86
1256 174 56 54
1338 282 46 52
1312 344 50 52
48 124 86 60
60 608 76 42
302 82 72 52
976 718 54 82
1174 48 42 66
542 584 74 74
1834 274 60 74
1090 968 56 52
36 334 112 50
1230 62 58 66
26 912 66 62
152 360 92 44
120 544 98 38
760 738 54 62
686 678 60 72
72 784 98 46
366 90 78 46
246 448 86 50
1836 506 58 50
352 668 66 72
1092 894 66 42
302 762 70 42
66 684 82 58
728 660 54 72
964 1016 70 36
164 152 62 60
164 878 66 42
52 416 92 54
216 742 74 44
322 650 72 72
1722 574 66 50
386 32 70 50
1720 172 72 50
1234 458 56 50
1554 858 48 68
216 424 106 42
432 986 52 52
1844 342 50 84
