1418 760 74 112
1442 590 76 124
1632 590 94 98
374 572 90 92
786 488 100 94
1348 558 94 88
1072 736 92 94
1378 242 92 104
258 180 70 116
1504 358 80 110
1414 348 88 100
1326 472 86 92
906 152 106 90
782 376 78 108
1374 672 98 92
220 802 96 106
884 464 70 112
896 822 114 84
1478 934 82 104
780 794 114 82
976 406 102 76
1242 402 126 66
1536 168 96 90
816 174 92 98
1504 550 126 78
646 232 126 78
1072 318 92 94
376 828 90 94
938 578 96 102
722 130 80 114
108 844 104 100
118 290 86 106
1542 854 124 78
272 848 102 92
1630 60 118 54
100 744 102 114
1394 136 106 96
8 286 104 102
452 628 76 112
200 72 96 98
612 558 74 112
892 218 66 116
1642 940 78 112
804 262 84 98
1052 94 104 88
404 344 98 94
612 456 74 114
260 648 98 92
160 206 96 92
1250 308 84 104
1258 476 68 114
752 868 88 108
1118 60 100 72
1548 654 110 78
1582 422 94 98
934 670 74 112
76 588 82 114
300 4 116 72
1012 590 104 88
866 16 102 86
1042 236 92 86
800 682 92 96
728 632 82 104
1668 542 108 84
390 706 78 112
1090 520 118 80
1728 498 106 88
1300 700 114 92
1032 452 130 72
1714 884 110 88
1088 588 86 98
1120 214 84 124
1726 604 92 98
1670 370 86 100
678 62 114 76
1244 60 88 98
1024 378 126 82
662 610 118 74
640 148 96 92
1620 702 100 90
914 314 110 84
1246 620 78 108
626 18 112 58
770 584 96 88
282 726 106 76
1264 146 76 102
1552 928 92 92
10 490 116 102
1678 152 96 92
708 728 88 96
666 542 126 74
226 330 126 82
1228 718 82 118
1610 202 86 90
18 408 112 74
1528 774 140 74
262 562 108 84
306 514 152 82
156 600 100 90
1050 868 96 108
156 518 106 78
372 274 128 78
156 112 98 94
1224 866 110 88
330 226 84 106
984 120 82 100
1146 310 74 70
496 980 88 78
370 446 136 76
1334 42 96 96
898 914 110 88
996 664 68 114
1212 206 108 114
178 298 112 86
1698 760 88 94
494 34 84 90
176 652 108 94
210 60 150 54
906 68 108 88
630 892 128 72
972 882 94 92
346 84 94 100
626 744 92 82
586 374 100 80
478 918 108 74
468 186 92 94
426 106 90 92
1660 240 138 74
264 436 92 96
1740 12 116 78
620 120 78 46
274 146 126 76
400 914 98 86
664 306 110 88
14 114 106 74
46 958 96 90
460 768 128 88
692 120 102 34
1130 848 74 114
636 814 114 90
1760 800 72 108
472 732 126 68
1420 60 80 74
592 684 68 92
1756 712 94 106
400 512 54 68
70 222 106 82
400 174 92 92
1556 16 98 52
746 312 90 84
160 894 100 88
1178 758 58 116
402 10 104 66
0 186 78 94
306 926 88 108
524 496 62 72
24 0 94 32
1180 596 114 76
