682 194 54 48
1312 204 72 36
118 54 90 82
856 498 58 42
1280 282 62 42
110 534 52 54
1608 858 54 54
1618 694 64 44
590 190 70 52
1286 520 44 58
880 338 54 54
584 254 76 44
788 278 46 52
348 146 52 54
488 864 52 56
1530 578 76 32
734 588 52 50
238 494 62 34
1550 268 74 68
262 650 60 36
696 42 62 52
1440 418 60 50
110 484 80 34
1496 744 62 38
1412 424 44 60
718 284 38 54
444 800 48 52
994 572 56 34
1658 298 52 60
116 684 72 32
918 244 52 48
662 632 70 44
844 178 54 44
1030 216 42 54
596 308 58 54
712 408 50 40
1434 554 48 50
1092 242 42 60
1216 602 62 38
1780 686 92 34
1276 980 48 40
1096 304 58 40
596 852 72 40
1430 636 42 50
600 824 66 44
126 344 72 44
1180 760 54 48
1656 234 54 52
112 934 74 38
340 524 58 38
1190 892 54 42
1190 432 58 42
116 1000 86 42
594 732 62 42
1236 656 42 62
1566 958 52 52
1102 358 56 46
736 120 56 44
240 920 56 44
1422 750 74 32
1066 390 52 48
1680 120 114 48
1028 760 58 34
606 906 50 56
816 218 50 42
1002 656 34 44
798 108 40 56
1330 248 46 54
836 342 46 56
960 84 54 42
1276 678 52 50
506 620 52 42
1104 90 40 66
1374 626 44 50
1186 244 50 44
1256 120 52 52
1004 956 34 40
762 186 58 44
770 422 42 54
780 854 52 42
444 558 66 38
1044 452 64 34
188 784 80 34
800 380 20 46
400 748 64 46
1186 706 52 44
442 938 62 42
1418 906 54 48
948 40 56 40
1168 62 44 18
1024 406 48 42
370 980 56 38
1636 536 112 44
1108 608 40 36
836 760 44 34
1248 400 44 52
234 804 64 44
1116 650 30 56
588 686 68 30
1654 468 108 36
1182 524 42 36
520 272 46 72
912 740 44 34
830 90 56 48
596 544 62 36
668 760 46 44
644 28 54 56
818 396 68 38
1072 658 42 60
928 664 42 56
862 880 38 34
894 796 38 36
924 918 34 48
1808 500 68 38
156 838 82 32
1080 510 52 42
1186 576 34 36
1018 346 52 44
796 676 38 38
1348 472 58 40
960 708 34 44
978 878 62 34
1628 938 106 44
76 904 64 48
462 508 50 42
1206 128 52 52
1110 524 46 52
850 842 44 32
1450 930 68 42
900 854 36 44
1596 588 80 36
1058 794 42 56
1812 552 56 46
704 726 60 36
446 974 60 46
92 388 64 42
1390 500 38 38
1722 316 60 40
1670 872 66 60
1630 618 96 40
246 856 56 42
1712 416 64 44
1232 0 70 40
714 766 44 52
596 62 46 22
1194 484 50 40
1146 92 32 54
722 954 32 42
762 754 32 48
1636 648 84 40
1014 104 64 38
780 956 34 44
858 604 42 30
884 868 36 40
1098 184 56 52
1090 482 38 38
516 676 52 36
1030 1014 38 38
806 168 42 50
54 682 76 28
876 846 38 36
1182 642 56 40
590 576 78 36
528 770 48 48
1438 788 62 38
1076 932 34 44
928 990 36 40
622 994 46 66
1166 382 26 46
1700 546 70 52
1096 796 32 48
796 946 36 44
