1542 166 98 54
906 132 82 58
762 166 60 88
670 88 104 54
834 390 72 52
276 332 70 74
1460 94 92 50
770 848 54 70
826 230 68 72
298 764 62 70
1626 332 100 42
66 500 84 80
718 278 52 80
324 56 104 60
1360 676 94 48
450 348 88 60
1364 144 74 50
1078 644 60 80
582 164 72 50
690 202 74 56
1570 942 80 68
736 432 62 72
1208 172 68 58
432 136 78 72
1280 652 72 54
1032 754 78 42
808 98 110 48
398 564 84 52
1442 816 72 34
956 906 58 74
900 610 82 50
824 922 74 40
1598 48 78 92
1358 372 94 46
594 246 70 50
1644 372 88 70
148 504 74 66
446 642 84 46
692 620 52 76
1080 550 78 60
1066 382 54 76
752 370 76 44
426 764 66 64
346 626 56 58
588 562 102 46
808 558 58 66
716 664 62 58
1604 470 86 34
1052 218 70 48
134 834 84 54
1038 706 70 48
1572 636 76 46
1188 134 78 44
602 910 62 92
1502 406 70 74
616 650 86 50
418 248 66 58
144 156 74 50
1478 578 70 62
496 194 52 72
878 864 66 50
816 648 48 72
1046 168 78 50
972 0 58 70
1570 806 86 50
94 348 96 56
830 696 52 54
222 138 76 92
34 714 94 58
1644 266 86 58
1696 228 62 60
1206 230 64 80
498 736 50 60
1540 746 92 34
1342 30 70 66
1532 854 62 50
1568 692 82 38
586 380 62 90
476 982 50 68
1104 104 46 66
1638 650 72 54
18 156 86 74
348 500 98 52
230 760 66 52
584 18 76 48
1026 830 58 44
192 652 78 36
1686 128 68 66
692 528 88 50
84 880 76 50
1466 856 60 50
610 1002 82 52
1030 934 56 78
1254 808 48 54
30 458 84 42
8 288 100 50
1116 316 48 88
578 804 72 46
72 394 100 42
1094 806 48 70
22 796 82 46
1694 808 68 40
1634 846 66 40
1676 580 96 62
1510 894 52 50
452 722 58 52
