928 346 98 40
864 612 58 72
1712 208 90 88
1352 684 82 58
1514 482 90 54
234 286 114 60
758 338 72 48
1378 526 90 52
822 242 84 76
1478 546 92 46
904 920 70 70
846 398 70 80
1584 592 94 50
1676 614 70 68
984 776 76 54
370 830 80 76
1128 610 58 66
470 656 96 60
1598 280 104 50
886 128 100 54
1152 326 52 88
1076 434 90 48
776 890 72 68
1004 666 84 72
126 218 100 66
1088 180 66 82
1404 84 84 82
634 350 96 58
404 640 90 52
702 660 54 72
946 554 82 54
274 982 90 68
1340 224 76 64
110 162 112 56
1268 246 88 64
242 708 82 76
480 952 76 82
886 488 80 54
1340 790 74 52
1586 504 96 54
158 504 126 62
506 420 94 54
162 732 78 64
1246 122 78 46
1102 748 80 50
1710 122 92 62
1292 368 78 46
1392 326 84 48
1250 722 74 66
1106 350 64 68
374 188 66 60
138 608 104 58
1334 152 78 60
722 952 68 56
1684 808 86 66
766 662 72 54
296 180 90 70
1024 182 68 60
1144 32 56 96
1494 886 90 64
496 162 94 60
360 740 80 78
1654 546 70 70
990 60 94 66
1404 378 90 46
1014 860 68 78
1480 738 72 84
636 558 66 58
1086 712 90 44
1328 460 84 42
1582 744 64 82
670 832 68 72
1076 656 64 56
968 216 66 86
458 34 116 64
876 842 90 48
422 186 90 88
538 840 64 78
1720 538 80 50
1618 174 156 52
490 592 84 52
1090 984 66 66
656 76 70 92
196 662 80 70
944 164 66 76
166 796 84 74
624 140 74 94
1590 334 106 54
1138 252 70 70
724 568 64 66
176 876 86 62
1726 318 80 50
322 716 66 62
1254 828 88 58
648 724 88 58
478 872 70 50
374 540 72 42
1236 930 102 58
322 74 92 80
1234 182 68 60
1664 360 74 82
366 60 100 48
1244 446 74 48
1080 876 64 54
44 318 96 74
1250 54 76 56
1514 286 78 54
28 202 98 76
780 602 62 56
1618 454 82 44
390 574 74 68
1674 60 80 54
68 954 90 66
1214 750 54 78
218 364 92 52
108 802 82 72
1258 406 62 42
28 562 102 52
36 612 86 60
1816 830 84 68
1126 880 48 74
1740 26 82 82
0 246 62 58
322 562 64 64
558 754 58 88
1618 780 82 56
622 750 42 82
32 122 100 66
554 920 62 72
1844 736 56 102
632 848 46 64
1644 10 74 48
64 688 98 58
1668 722 96 72
1162 146 50 66
612 30 62 100
538 120 60 52
638 972 46 76
1832 592 64 60
