1058 666 46 34
960 704 34 42
1096 402 42 38
206 218 48 28
1392 442 40 36
1308 496 44 32
894 448 40 36
1052 448 48 30
246 752 44 30
1462 616 40 36
972 562 38 40
1118 642 36 38
1362 522 40 38
932 680 40 36
1386 392 34 38
1408 506 40 38
172 756 38 36
1170 408 40 34
1418 786 34 42
818 704 40 38
1014 98 38 38
852 342 36 40
848 796 46 32
1272 540 38 40
1256 180 46 28
172 154 38 40
1278 492 42 32
1186 774 38 36
772 352 34 40
1320 162 48 30
1484 654 44 32
396 192 36 44
878 910 44 30
1060 884 38 40
916 362 44 34
346 200 40 40
762 844 36 46
1012 150 46 32
1230 704 52 28
1062 920 34 40
1562 770 34 40
1118 294 36 38
1232 620 48 26
1042 688 48 32
942 366 42 28
740 906 48 30
1172 288 36 34
834 802 36 38
1312 70 46 34
296 702 42 36
320 228 38 36
1086 232 32 44
1196 602 42 30
384 148 36 40
1188 494 48 28
1230 108 36 44
1266 604 46 32
290 726 36 34
858 854 40 30
1224 198 46 32
1530 566 36 38
1198 662 38 38
1216 478 46 28
1260 428 36 34
1568 578 46 30
1174 694 46 32
372 854 32 40
112 244 50 26
1216 422 54 30
314 696 48 30
1662 278 72 48
898 736 38 36
240 126 40 32
1150 662 38 40
1074 202 38 38
1122 62 38 34
1268 34 38 36
1194 164 42 32
322 302 36 40
334 258 48 32
92 602 46 30
1494 366 34 50
1186 200 30 48
1170 550 36 38
1468 66 70 32
1466 174 38 38
1316 0 36 34
244 82 32 36
156 266 52 30
744 156 34 42
1514 2 54 22
1172 668 40 38
1180 506 44 30
1564 260 46 28
442 406 40 40
140 546 56 34
1022 702 40 34
936 956 38 32
456 246 36 42
928 720 44 34
320 826 42 30
810 898 46 30
70 388 48 28
1334 1008 44 30
1640 240 44 24
24 316 52 32
1096 454 46 28
456 98 38 30
754 72 44 32
162 62 34 34
932 744 44 38
1180 538 44 34
1002 120 44 20
340 728 40 38
320 990 34 34
244 482 38 34
1394 1012 36 36
1558 534 42 32
1208 552 44 34
1216 530 44 36
530 950 38 32
922 702 40 34
1102 436 48 28
336 776 46 26
1196 180 36 38
1150 232 36 40
