1490 126 72 52
1682 376 82 50
896 730 40 40
1060 490 34 48
128 986 74 34
1036 588 34 44
1616 664 48 48
1598 342 70 36
796 694 40 40
942 592 30 46
924 208 54 38
178 462 56 40
858 626 38 40
788 384 52 28
1578 32 70 40
1552 376 76 32
388 500 58 34
664 556 44 34
870 320 38 38
754 806 42 36
1428 40 44 52
956 738 44 34
840 244 62 34
828 548 34 48
1006 516 32 40
502 680 56 40
972 496 36 42
1080 658 36 42
248 498 48 50
1570 762 52 44
872 842 38 34
1650 438 70 40
704 810 38 42
1428 956 72 36
606 288 48 46
652 536 46 34
714 328 36 40
34 242 62 60
1104 558 42 34
606 150 66 44
1174 916 34 46
586 194 68 46
1694 320 74 40
746 858 38 42
792 434 40 36
884 894 36 44
702 464 34 42
806 512 44 32
1358 86 54 38
862 772 40 34
864 886 38 42
1188 724 50 30
616 510 34 38
1274 710 38 38
1194 402 68 36
1636 844 74 32
484 412 36 46
668 408 40 42
954 552 44 36
798 338 36 40
990 474 52 28
704 660 38 38
594 422 38 40
1332 212 34 46
896 380 34 42
762 314 42 36
1352 300 38 38
1600 570 56 36
600 820 56 46
514 454 40 34
1090 244 52 42
896 342 40 34
1174 558 36 34
1096 390 46 34
618 672 48 32
730 644 50 32
978 796 42 32
354 364 32 40
1096 306 38 42
746 946 52 46
808 74 32 48
1402 290 36 44
1214 214 34 40
654 594 42 38
832 344 36 44
710 380 38 46
1016 806 34 48
746 914 42 34
1132 28 34 44
1234 280 40 36
1556 584 46 40
1184 506 36 42
1084 596 46 34
760 28 36 46
392 372 52 32
1044 460 48 26
478 764 42 52
650 950 44 30
872 788 38 38
244 648 42 32
1292 188 38 40
222 788 42 34
1678 152 98 48
1212 176 48 30
1264 850 42 38
1652 950 64 34
1368 32 52 42
400 316 48 28
264 720 38 42
1262 752 44 32
1498 194 46 48
988 202 34 46
842 926 36 44
288 634 34 42
1184 766 46 32
64 582 52 38
1488 762 38 38
616 464 40 34
1348 634 72 38
254 336 44 34
1514 242 38 54
980 960 40 34
1192 472 60 30
34 330 48 56
1360 1012 46 46
1460 228 34 44
978 554 54 30
1364 60 48 20
874 816 36 38
1248 330 54 36
1398 220 38 42
110 928 72 36
508 790 54 40
1262 0 34 36
650 368 42 32
170 790 44 28
1200 314 44 30
1058 14 46 48
1424 272 38 34
200 654 48 28
1656 228 80 36
166 734 42 36
1330 718 46 30
76 344 50 48
112 512 58 34
384 402 50 28
1380 208 34 46
1812 386 72 46
1776 862 62 32
1224 980 36 38
60 606 44 50
652 680 46 32
770 64 40 32
1192 60 42 32
690 444 34 40
898 360 42 34
1728 212 54 42
316 260 46 48
894 762 36 40
1350 270 38 38
70 830 56 34
1052 190 66 36
198 828 54 42
218 702 38 38
932 812 34 54
1286 812 36 40
1412 234 34 40
1680 268 90 52
0 574 28 36
596 76 50 74
1676 760 48 42
182 510 42 32
1306 316 46 30
740 298 52 30
1108 434 38 34
132 824 72 34
726 28 32 52
1252 230 38 38
1324 764 46 30
1284 792 44 34
268 272 50 42
1380 2 44 28
64 530 64 38
682 428 36 36
914 756 34 36
732 62 46 22
1222 926 48 32
1138 122 52 18
20 158 82 62
1026 910 52 40
274 108 70 38
692 352 36 38
866 392 32 42
106 0 80 44
264 72 42 36
1222 298 44 36
256 316 54 28
1812 908 50 46
596 864 30 44
1780 506 68 36
702 368 34 38
74 894 60 34
232 980 48 52
1162 814 32 38
878 366 38 44
1812 664 50 52
776 838 44 30
936 70 38 36
400 408 22 36
1094 582 42 32
1092 766 44 30
1114 164 40 34
948 570 36 36
1206 2 40 32
1542 636 56 44
1146 662 34 40
606 54 54 48
1216 96 36 42
1022 20 32 40
1104 492 38 38
