1202 256 42 32
1104 252 40 34
884 412 44 30
1498 424 50 26
622 174 36 40
1302 242 34 36
1248 326 40 32
912 462 42 32
688 200 38 34
736 368 48 32
1022 204 42 32
978 526 48 26
1048 340 52 30
1098 400 50 30
1224 392 42 34
726 286 34 38
298 410 50 26
734 388 42 34
1018 156 40 36
598 420 36 32
1190 220 40 32
872 816 40 30
132 512 46 34
918 544 42 34
1006 118 36 40
642 62 34 42
914 500 42 30
680 398 34 48
172 460 42 32
1620 566 42 30
1092 506 40 36
1036 478 44 30
1178 412 42 32
1622 282 40 36
1050 190 44 36
1626 472 42 32
1610 74 40 36
596 314 38 34
1522 8 36 36
1460 670 46 30
184 486 36 34
372 854 50 24
434 924 40 34
590 120 32 38
1600 392 54 28
596 218 38 38
100 462 42 34
518 328 34 36
1030 40 34 42
144 134 70 34
140 542 44 28
372 664 58 20
784 774 36 38
1172 480 40 34
400 652 22 40
604 718 36 42
58 528 42 30
596 292 42 32
1654 288 36 34
86 380 44 36
1678 260 72 48
1164 708 32 38
644 24 38 34
1630 434 48 26
74 242 58 44
1680 176 80 54
1606 660 50 24
1532 318 48 32
26 390 52 24
1164 750 36 36
1708 312 44 28
1630 420 48 26
1196 120 36 34
1094 672 40 32
80 522 52 30
1142 24 36 42
86 330 62 32
1056 172 42 34
1666 534 54 24
102 680 42 34
1140 2 34 34
1650 608 52 26
1110 204 46 36
1220 780 48 26
1688 382 62 42
