1430 148 64 60
130 270 56 58
1652 212 80 36
1338 654 48 54
86 902 68 52
1622 266 68 50
480 134 70 40
168 720 62 36
458 744 46 56
1600 434 58 38
650 704 50 50
702 260 54 44
1558 0 68 54
1638 702 116 60
272 208 74 38
1380 362 50 60
1474 758 66 38
24 242 66 52
466 662 52 50
668 330 50 54
1088 540 50 50
1274 246 56 40
1696 374 64 42
126 968 68 34
1502 820 72 36
284 386 60 34
322 652 54 40
728 184 54 50
496 826 52 58
966 340 40 52
598 622 60 38
760 474 58 36
1236 362 56 42
594 228 42 56
1614 474 66 34
938 592 54 34
892 420 50 42
768 290 54 38
708 996 76 34
888 764 60 40
1092 388 48 44
446 206 56 46
1698 488 58 46
588 416 42 60
1092 188 36 40
1196 526 48 52
868 362 64 32
1054 292 40 38
438 236 54 42
334 984 60 38
1048 450 56 34
690 832 46 44
1250 162 32 44
86 606 58 32
800 428 46 40
820 728 36 40
322 302 48 44
164 532 52 54
800 678 28 40
286 804 56 30
888 602 58 36
836 396 38 36
1262 412 46 46
1186 292 32 44
1244 462 52 40
192 926 54 40
888 798 38 60
90 780 70 36
1216 286 42 54
1616 936 74 56
1072 894 36 42
1248 92 48 40
40 636 60 42
744 702 50 42
1168 758 74 38
750 642 44 44
1052 24 60 40
1206 144 52 30
1174 404 54 40
1006 888 46 34
786 330 56 34
0 538 28 40
1214 482 60 42
38 794 54 36
122 546 40 32
764 882 34 38
1188 204 28 42
1078 330 42 50
664 518 46 42
222 396 70 38
1790 536 74 42
1100 896 42 40
818 654 36 38
738 922 56 38
1694 64 82 58
796 902 34 44
786 368 44 32
1300 998 54 42
1790 580 68 38
1040 930 48 28
1120 2 52 44
778 672 40 36
400 266 52 40
1104 796 46 44
578 122 30 44
1728 196 64 46
42 448 70 42
110 502 68 32
1604 966 76 50
22 162 80 56
242 946 38 52
674 358 34 42
1178 186 32 36
