1230 330 62 94
990 392 68 62
734 420 84 70
1632 654 94 60
940 750 78 74
1274 524 94 54
816 224 74 68
930 700 80 58
1630 578 110 54
1458 340 110 66
934 278 72 88
324 532 96 62
1594 284 94 66
998 330 90 62
918 200 66 84
1296 222 104 68
962 468 68 70
1016 64 72 108
760 496 76 88
948 148 86 76
764 176 68 92
812 118 96 86
1124 596 66 86
1346 604 88 64
1624 520 96 50
1062 658 78 54
816 326 106 54
1298 748 88 54
1518 578 88 64
1408 524 70 70
1022 468 60 92
1606 216 76 76
684 534 90 68
348 266 102 72
856 590 92 54
1068 418 92 44
452 178 116 62
1508 24 90 82
1536 790 108 78
1152 856 54 98
244 540 94 80
712 108 76 82
306 770 120 58
1732 286 84 84
760 610 86 86
1374 88 92 58
54 186 82 120
470 730 86 94
982 958 68 60
774 742 76 82
1380 146 104 62
344 684 88 66
1362 844 80 72
640 58 70 88
1104 210 60 76
716 702 96 66
788 380 112 54
472 310 94 70
1526 194 112 68
738 256 66 98
1350 446 88 58
1382 672 76 66
606 138 82 110
720 888 92 58
50 306 98 88
1138 470 56 100
1034 798 56 90
622 842 78 82
506 244 96 80
1484 638 64 96
1160 214 54 92
178 54 134 76
416 728 78 86
1338 910 78 82
1128 316 64 98
1056 864 90 66
658 904 76 74
858 434 100 54
1682 212 112 78
1078 468 72 60
92 624 120 70
1476 974 82 86
1238 394 84 52
740 836 96 54
1334 368 76 62
680 310 86 60
668 794 100 64
188 484 96 78
980 560 62 74
1472 394 106 80
1216 758 70 74
1026 200 74 70
998 262 72 64
1042 516 94 56
626 738 82 88
1732 426 84 60
492 786 84 82
1058 170 98 58
632 634 106 56
184 120 114 78
504 44 86 102
636 676 100 60
1070 724 108 66
1076 928 82 72
1520 932 96 68
142 202 94 82
1108 60 106 72
1238 922 76 82
1646 852 100 58
1642 796 94 54
104 558 110 68
458 940 74 84
750 982 70 58
1228 170 72 70
970 840 84 74
1098 368 64 60
1224 210 48 78
172 238 114 84
1380 382 80 58
32 112 102 78
1504 118 80 92
1232 130 112 58
1032 266 98 56
238 628 114 80
804 22 100 66
1448 102 62 66
1620 752 100 44
906 526 114 58
1230 720 70 76
810 602 88 62
1224 626 68 60
1232 448 90 46
1720 666 88 50
1418 872 82 90
842 526 86 58
344 444 92 80
1670 92 78 60
1666 702 106 60
1228 64 60 78
1438 632 58 78
494 620 90 78
286 14 110 84
614 304 66 80
464 858 92 82
1164 760 42 86
640 956 82 78
626 476 100 54
204 818 102 68
1572 122 86 70
1454 570 80 54
1748 494 70 58
476 570 104 54
1240 680 110 56
1650 156 92 58
214 0 114 70
308 306 88 98
896 22 92 54
402 14 118 80
1764 124 72 74
1628 350 74 80
1216 864 44 82
62 958 98 64
118 710 130 60
154 788 90 72
1744 616 72 64
56 690 94 54
532 312 66 92
88 782 68 64
1222 480 62 60
1704 122 74 94
1642 442 94 54
176 428 86 76
346 828 96 70
1728 882 62 80
0 276 64 90
40 478 126 88
1684 392 92 44
2 20 94 72
1580 440 86 60
400 920 50 76
1624 886 92 82
1724 60 106 42
1152 140 56 68
1036 940 72 64
52 584 86 66
240 374 96 62
1728 732 76 74
1730 368 92 52
