320 30 72 120
1614 148 72 122
946 594 122 64
496 260 94 82
622 646 88 110
1126 272 88 110
1366 652 114 86
1060 396 106 86
1114 764 100 74
738 186 86 100
896 526 120 74
46 956 104 68
1080 128 82 74
1038 330 94 94
1222 734 88 94
756 910 104 60
872 602 88 96
488 526 102 70
964 134 92 106
980 300 68 122
1302 272 74 116
1242 548 116 90
1090 848 86 102
1064 198 130 76
92 484 130 70
970 444 94 92
1572 256 76 110
1228 894 100 90
1236 396 108 74
1726 608 110 50
702 750 98 70
276 216 86 100
986 680 100 80
1212 328 92 74
620 332 92 90
1000 950 96 76
1238 172 80 106
748 400 102 78
592 54 76 94
1390 482 152 68
1374 726 86 98
10 862 118 84
1420 104 88 96
726 314 90 98
848 190 90 96
746 684 112 76
1366 210 130 68
1634 286 124 64
988 408 90 66
814 594 72 112
808 112 98 94
172 766 108 84
1066 638 108 100
1066 464 114 88
1470 150 92 90
672 284 94 90
1628 344 108 70
276 754 80 100
1226 458 96 82
426 554 84 98
1584 634 104 70
474 322 72 106
1524 20 142 66
1108 588 96 96
1222 820 104 84
408 60 136 64
382 250 114 78
1022 38 98 94
348 330 132 74
1240 694 100 48
998 746 98 92
618 212 136 76
32 762 164 80
1388 266 110 80
1268 18 100 98
616 942 106 70
1474 346 160 60
1414 816 76 116
108 846 148 80
226 14 96 96
940 258 56 132
638 22 110 70
786 258 102 64
236 640 74 108
810 298 72 106
768 522 70 100
928 718 76 106
1482 622 80 102
1310 778 76 104
1488 256 72 110
1436 882 148 74
1438 540 80 106
1220 12 58 112
634 804 116 88
302 658 88 104
464 642 104 80
748 60 122 72
1330 394 80 100
1316 888 116 82
872 262 78 108
118 662 130 72
218 334 134 76
364 612 96 94
1444 734 106 68
1506 182 120 78
612 534 104 94
468 704 122 92
1228 630 110 68
852 424 78 88
712 528 66 120
1244 970 80 90
1584 948 84 76
1692 756 88 108
880 756 82 108
826 360 94 88
22 114 100 76
1526 60 94 96
606 132 92 112
814 940 94 98
1656 98 100 92
428 884 98 86
1384 404 114 78
1690 218 86 94
142 182 172 68
1562 580 132 62
46 220 142 82
404 968 100 88
358 156 108 96
656 430 106 54
180 116 124 74
402 470 102 90
1738 20 96 88
1606 822 100 64
1562 752 90 100
64 286 106 84
1508 520 112 78
384 114 104 80
900 424 90 86
188 888 80 100
1518 816 80 102
1742 146 84 100
924 946 82 92
666 876 104 82
1440 930 86 84
1278 128 122 76
1548 414 120 76
988 842 108 78
220 498 92 94
78 32 128 92
294 842 88 106
878 870 106 86
1774 120 82 64
152 292 116 102
1650 952 88 94
1782 652 56 94
1682 694 124 72
124 540 126 74
600 238 76 96
300 470 110 114
1172 568 86 92
790 774 94 62
286 564 132 70
1418 22 78 60
0 160 48 82
1756 766 82 64
0 268 36 104
1710 844 96 84
386 0 142 60
1476 398 96 82
0 454 80 94
1640 516 108 76
608 846 62 114
1708 450 110 76
1664 892 106 110
246 888 84 110
446 800 128 80
1662 414 72 108
402 828 124 66
322 120 90 32
