1214 318 92 88
958 332 86 90
784 598 118 54
1278 394 122 60
1362 16 74 84
1106 314 76 94
824 306 114 66
1038 328 76 98
1078 740 108 64
992 464 108 68
1080 854 82 90
662 594 90 88
1068 664 110 56
1052 538 108 70
884 782 104 88
652 352 114 60
1236 440 106 58
860 736 94 80
1064 200 100 72
1402 200 74 94
1230 28 70 112
1022 578 84 84
774 688 92 104
768 310 78 106
212 644 116 70
1420 266 98 74
226 206 132 68
692 898 104 78
772 852 94 80
52 302 118 86
964 606 86 94
724 490 102 74
616 846 116 70
604 636 78 124
1238 714 96 62
1050 406 80 90
1006 60 90 74
870 414 102 78
662 494 90 104
480 54 108 62
622 746 100 70
416 690 92 94
1426 60 92 58
22 118 102 66
478 886 100 66
618 148 70 106
1262 122 60 120
446 184 138 68
1656 642 118 58
1148 20 74 94
172 456 136 76
1598 60 114 80
800 376 102 64
1460 204 80 66
864 482 62 114
84 768 96 92
380 60 88 94
1078 76 90 68
1330 642 94 92
1546 598 126 84
980 824 86 106
1512 658 92 84
1378 866 86 100
440 354 120 92
174 578 142 74
1220 734 60 118
752 940 76 114
1408 760 126 76
1056 134 84 78
166 76 146 70
474 602 74 104
1650 300 144 64
1598 172 98 78
804 500 72 98
734 764 94 98
1518 326 124 76
1754 128 94 76
360 844 124 70
166 160 78 100
154 0 144 60
280 276 116 92
326 640 102 90
1426 838 104 98
420 240 126 80
1704 14 102 102
1462 592 94 90
30 408 106 62
606 420 90 112
238 712 110 84
1466 426 82 100
158 878 98 90
172 798 98 86
1500 128 114 82
426 476 92 106
56 960 94 70
1050 936 90 92
140 326 92 74
432 950 100 74
1572 504 100 84
516 822 88 66
1672 702 108 100
330 96 78 98
22 480 112 90
348 556 98 86
524 754 102 60
1166 136 56 74
162 712 96 92
522 930 70 86
1564 446 72 72
248 118 96 92
30 0 100 50
1082 120 82 30
1754 270 96 86
720 422 98 72
222 290 86 100
1672 148 122 80
800 426 86 62
96 674 146 68
1628 872 110 78
0 774 76 84
506 122 84 62
40 866 102 94
1526 240 138 86
1746 366 100 84
4 192 86 110
1156 556 76 88
1162 410 70 68
1624 756 130 76
400 120 72 34
526 272 106 52
332 788 92 76
260 430 98 60
604 308 48 82
1786 70 68 62
256 878 136 66
340 952 88 98
