1010 174 76 66
1560 246 78 74
1016 240 100 56
1464 250 96 78
1410 96 102 62
996 742 84 78
638 784 98 68
886 130 94 62
832 404 66 100
720 612 110 58
1070 396 102 54
1250 130 96 66
1552 78 94 76
1394 198 106 74
964 282 102 62
1074 164 96 52
406 310 94 72
1476 336 78 100
838 204 94 64
702 322 84 82
230 318 120 58
1534 520 96 56
892 436 56 80
912 756 64 100
1144 320 58 84
1156 38 54 88
844 102 82 54
772 690 102 58
864 512 90 80
476 84 106 66
792 862 104 58
450 820 100 58
650 224 68 88
672 672 76 52
818 50 90 56
760 546 86 62
354 584 102 64
1230 338 62 74
846 946 94 68
1726 136 70 74
1010 64 60 94
412 184 60 92
1648 50 96 62
1116 882 74 68
8 824 124 64
1022 348 60 82
1688 214 76 88
70 964 92 56
1072 926 78 64
1412 20 94 38
98 56 116 80
960 374 76 62
20 478 94 82
44 120 92 70
128 920 118 58
128 754 112 68
480 394 72 86
1236 22 78 72
408 856 86 72
202 346 72 82
58 682 102 74
604 344 46 82
1656 306 134 56
1278 282 76 76
498 202 94 56
444 648 86 56
126 546 102 72
1592 418 78 70
406 708 68 72
364 180 62 94
626 96 94 64
626 518 78 58
868 18 78 46
1092 78 66 68
640 720 94 48
528 718 70 66
476 918 80 80
476 702 68 62
310 476 108 50
78 190 114 88
1230 654 70 52
0 198 96 78
22 884 90 84
176 690 90 72
1628 90 62 86
502 608 88 54
104 468 120 68
16 282 128 64
664 904 60 84
14 600 116 66
384 494 110 66
1530 828 60 56
