794 358 40 40
1020 658 48 30
860 354 34 40
1106 684 42 34
1356 208 54 38
1222 692 50 32
682 338 40 36
1168 548 40 36
1192 332 48 28
1414 626 46 30
460 402 36 40
1036 284 38 38
940 866 38 38
1220 756 44 34
876 286 46 36
1180 236 34 42
1376 438 36 42
992 238 52 32
336 740 40 32
1336 676 46 28
1054 700 38 38
962 346 48 32
930 398 40 38
874 612 34 36
948 584 38 36
1014 284 40 38
1056 434 44 30
420 286 42 34
952 608 44 30
1114 408 42 34
940 296 46 32
1176 686 32 46
1050 178 34 42
950 130 34 40
954 226 46 30
740 408 30 48
992 684 32 42
804 780 50 26
1240 278 44 30
772 186 42 34
356 876 40 36
1004 662 40 38
1228 782 42 34
1464 424 42 34
1126 258 32 42
484 336 44 32
1094 346 44 36
438 922 36 40
154 338 42 30
770 336 34 38
810 290 44 34
1218 622 46 34
952 326 48 34
1718 178 50 46
1572 762 48 30
1678 148 68 36
1486 314 44 30
1686 236 64 36
1228 640 42 34
1040 742 44 28
1312 498 42 34
1186 486 44 30
1206 614 44 28
320 258 38 40
932 280 48 32
876 146 40 34
994 996 40 28
232 146 44 28
328 574 58 34
1814 722 58 34
790 146 42 36
482 834 40 32
356 66 44 32
788 176 42 34
826 178 44 34
342 526 42 30
1220 2 46 26
1686 282 54 44
1048 726 40 32
260 398 44 32
1108 222 42 36
1178 178 34 44
1568 790 38 36
130 146 40 30
308 138 50 32
828 140 46 32
130 652 40 32
126 496 44 30
1174 908 40 28
400 730 44 32
1280 508 44 32
1822 404 44 30
1568 572 64 30
360 994 40 34
874 172 34 48
934 902 46 32
118 890 44 32
1078 876 46 32
406 852 46 28
342 36 64 38
1674 512 54 36
116 384 34 34
254 138 48 30
1094 500 48 32
916 176 46 38
286 26 34 38
780 910 42 32
1424 74 68 32
1298 908 44 30
1162 940 40 32
1852 556 46 46
948 928 40 34
190 928 42 32
1258 922 44 32
870 270 40 34
1710 328 42 30
774 228 52 32
1674 372 72 52
740 926 44 28
178 680 60 34
1664 460 68 36
