1032 768 104 72
900 590 88 68
1072 558 104 64
982 480 82 98
1140 242 78 94
1660 158 114 68
898 936 90 78
762 208 110 62
1532 150 130 54
772 662 90 82
944 102 66 116
138 854 110 78
1118 326 102 68
866 640 74 90
1278 332 118 70
792 508 120 66
986 866 98 80
1282 648 114 72
832 270 82 82
1266 264 120 70
1358 424 134 58
322 722 114 64
346 648 96 78
720 596 76 100
1590 254 94 70
1250 408 98 78
440 316 98 90
1512 496 78 98
764 270 92 74
1242 858 70 84
796 886 96 72
1430 542 90 62
806 124 102 80
1632 768 78 98
848 374 94 64
1218 614 96 90
1688 832 94 68
660 304 126 72
1324 720 104 64
752 394 102 64
1500 704 88 78
646 974 84 86
1318 122 120 62
340 346 112 82
222 636 116 74
36 262 92 102
1088 610 86 86
1248 20 78 72
914 722 94 94
640 644 102 78
988 336 126 86
1384 808 80 88
614 564 96 68
1674 332 94 64
1028 630 84 108
1406 334 110 76
1060 986 100 66
1514 922 90 80
618 742 96 68
1308 774 100 68
770 784 86 126
192 772 110 78
1220 474 70 104
896 418 94 62
18 114 106 76
1272 476 106 58
1292 180 114 78
1530 90 106 60
54 958 98 70
1702 260 132 66
1672 18 86 90
492 772 100 80
1518 834 80 82
150 444 110 84
316 214 94 82
1588 52 114 68
508 640 104 82
1402 496 100 50
612 192 90 94
816 60 84 64
472 112 114 66
1676 886 104 70
1548 386 110 82
46 686 94 74
1616 630 74 82
1628 558 106 58
460 476 114 92
1280 534 96 54
1244 174 70 104
1702 756 76 86
1256 756 72 102
500 166 80 92
222 62 98 86
234 864 112 82
52 60 126 58
736 12 76 96
1266 590 104 54
1032 78 108 80
662 140 94 74
1446 808 104 74
378 244 126 64
262 562 124 80
668 844 80 102
1742 12 108 56
1634 702 100 78
1612 458 84 96
1558 752 96 76
1416 670 64 118
772 460 90 58
1290 66 84 76
1596 940 76 94
46 482 114 92
176 594 98 90
1114 852 90 98
1516 332 84 78
396 132 102 80
1244 948 62 74
1484 232 86 100
356 290 114 70
432 726 108 68
180 144 78 98
30 404 100 68
200 512 98 84
1582 208 80 46
440 54 96 60
1060 864 68 84
692 368 80 94
1034 932 98 62
36 850 82 116
764 82 94 100
278 774 102 84
500 888 90 96
354 766 130 66
464 934 80 102
306 60 94 64
180 684 82 106
1554 622 68 70
316 888 84 88
624 838 60 88
1578 860 74 74
1454 66 76 98
1500 618 76 74
1216 766 64 68
1432 876 74 100
1704 388 98 50
842 974 76 68
1178 22 44 96
1568 580 90 58
522 246 78 80
108 558 98 90
450 182 76 92
528 984 78 76
1724 552 92 54
1352 60 110 54
886 466 100 94
1646 914 88 82
176 906 96 90
1728 80 100 74
758 918 70 98
1220 326 74 96
1222 808 60 72
314 968 104 88
308 108 104 72
400 60 70 68
1718 958 54 62
1746 712 76 84
16 572 96 96
1668 438 90 66
514 60 74 42
308 0 124 56
1726 664 82 56
662 20 84 76
666 90 104 58
1560 330 106 66
642 388 76 90
