932 716 110 62
1060 394 110 62
1316 896 88 82
928 16 100 82
1052 462 102 56
618 18 126 84
996 604 88 94
944 532 88 88
788 128 102 70
288 0 90 96
764 394 88 76
936 780 100 88
1352 530 136 62
1220 718 120 72
1232 94 104 60
908 308 74 102
784 650 84 90
1074 568 68 106
624 218 134 72
1514 720 96 98
1292 582 90 86
1222 900 116 76
404 828 102 72
1240 314 84 106
966 276 86 108
780 192 92 90
666 318 108 78
1030 796 70 116
1336 338 176 64
250 276 78 102
434 244 118 84
44 774 136 82
1362 578 84 84
1058 690 100 60
1092 496 100 88
1034 156 106 82
1378 770 110 90
744 846 80 82
1286 22 98 76
792 744 96 96
1128 564 80 104
190 134 96 132
1226 638 116 82
1446 152 74 94
436 162 96 76
22 112 106 72
360 114 94 92
1232 178 62 94
732 962 90 74
626 736 108 86
1546 120 106 60
1416 620 88 92
966 436 80 104
1400 900 80 88
614 240 74 122
774 288 90 98
308 542 114 62
1434 732 98 90
738 534 100 70
1544 578 76 102
612 552 74 94
476 604 82 96
1538 808 130 68
640 384 88 82
272 478 124 86
498 748 84 60
838 264 90 94
856 206 110 82
488 698 96 62
188 0 100 92
1338 256 94 86
820 542 74 102
1692 758 80 90
1744 122 82 94
882 140 112 76
1372 94 116 80
1336 410 98 88
754 60 96 90
1576 480 70 110
1646 86 82 120
804 914 124 64
1640 216 106 94
1016 22 88 46
1230 966 102 68
512 12 80 108
658 542 90 72
1730 320 108 74
668 638 124 72
1460 382 104 84
1616 568 124 76
46 6 126 96
386 720 130 70
1286 204 72 110
322 298 120 74
694 762 106 86
1672 512 92 82
1304 798 104 74
842 404 78 88
220 568 116 58
978 178 62 102
1072 904 94 80
1520 18 80 74
1328 714 84 96
1106 746 84 88
416 508 98 98
1644 638 110 70
1626 942 90 96
140 622 128 70
402 896 110 74
1052 76 88 88
1444 856 106 94
642 664 92 88
1544 394 98 78
1162 144 54 66
442 316 82 104
288 374 96 88
1446 462 106 84
1510 174 118 72
312 662 116 64
318 788 118 80
708 164 102 70
510 118 82 70
1710 690 94 96
976 974 100 82
8 586 122 94
38 490 126 94
900 416 80 84
1116 60 74 76
960 910 112 72
720 584 94 72
1602 768 114 80
736 462 106 70
1490 272 80 98
1212 60 70 66
254 912 74 106
4 184 88 96
286 160 108 84
1184 298 68 126
652 858 106 88
0 312 104 82
1454 22 76 50
300 232 82 94
174 918 104 76
56 960 94 70
152 858 104 88
1630 304 96 88
1064 744 78 52
614 136 102 84
166 436 112 86
658 116 102 60
256 766 108 86
236 702 144 68
1068 982 78 72
400 602 58 54
58 846 96 104
400 20 74 74
504 196 70 98
1254 152 78 60
1434 948 96 80
120 678 128 70
1560 60 94 34
1736 202 102 62
504 308 80 78
1562 870 104 80
400 958 110 64
400 790 42 74
126 206 84 116
240 620 108 76
878 486 90 72
1174 746 54 118
48 686 90 72
308 912 96 96
1628 444 78 96
1764 500 78 66
1680 14 120 68
310 598 144 66
1736 432 92 92
1164 410 74 70
1022 224 82 92
402 428 74 102
