1042 196 54 86
880 536 66 62
388 114 62 88
1358 520 74 60
196 272 80 60
1366 316 70 64
900 214 64 70
876 852 52 64
1484 426 78 64
1512 326 74 74
1274 330 80 48
978 112 82 52
114 772 80 40
1700 368 72 56
594 800 74 74
1398 384 76 66
926 292 64 54
958 634 46 62
646 92 50 80
468 150 68 66
1592 352 72 48
1592 146 74 74
1092 240 52 78
446 744 82 46
218 622 58 66
778 714 54 54
584 676 98 56
86 814 70 56
652 416 80 40
480 338 58 80
1424 164 60 76
728 544 58 52
778 56 68 62
466 812 66 62
736 92 50 84
760 356 44 68
286 614 62 58
1552 602 76 44
216 994 70 52
584 526 66 58
1312 244 64 50
1032 572 70 42
1454 74 62 80
1742 134 72 90
766 314 76 44
276 538 70 48
798 414 54 74
1276 190 62 64
234 0 98 80
478 210 54 66
988 912 60 48
1542 46 98 62
680 128 58 78
1068 918 44 70
594 302 68 60
806 516 60 50
1628 234 90 72
1096 372 58 84
1336 168 52 78
1090 646 60 40
88 272 78 56
606 202 82 46
1036 462 44 68
736 432 70 44
290 764 74 40
794 570 46 64
1060 676 58 50
380 756 50 58
1174 382 52 66
1202 208 74 44
98 506 80 40
718 634 50 50
1642 64 88 46
1252 648 68 44
94 674 96 50
574 244 66 54
1198 848 58 60
1182 482 64 58
594 874 72 52
416 228 82 52
1168 678 60 54
1010 628 66 42
492 674 66 54
1084 36 60 66
1032 744 78 38
1356 810 58 48
1734 260 72 74
676 352 76 46
1000 682 62 48
1070 496 48 66
1020 386 50 58
1160 768 86 46
1050 144 68 48
318 892 64 58
610 364 52 64
1620 434 80 60
636 956 60 48
1286 700 54 52
442 342 54 58
472 60 84 66
76 610 92 40
190 482 70 54
1496 208 68 70
1664 134 116 56
98 442 86 36
400 886 70 60
334 956 96 44
1192 134 68 44
288 848 66 42
648 514 54 44
26 796 62 44
14 152 94 74
576 380 60 72
1006 984 58 60
1052 434 60 44
602 588 66 42
30 452 80 46
1168 538 52 54
362 828 68 38
1370 2 60 20
56 534 74 48
1184 94 54 58
1200 58 50 56
1088 0 70 36
1654 672 94 78
1694 576 80 72
102 916 90 66
1704 518 66 42
526 540 48 52
72 380 100 42
1786 698 94 72
1116 182 52 50
626 464 66 42
1784 534 86 56
1648 568 84 56
502 500 60 38
112 118 84 70
1074 384 46 70
1202 160 74 40
764 2 58 52
1600 0 88 32
58 732 62 38
402 812 24 50
