956 450 112 74
1092 308 74 82
786 330 156 58
888 350 122 64
960 16 82 100
1508 868 94 96
976 376 78 76
1676 692 76 122
942 536 110 76
1354 440 76 102
882 776 58 126
922 188 102 88
1336 604 78 108
1002 120 96 54
1408 122 88 120
1054 416 74 124
840 648 102 82
368 838 150 78
1032 274 118 66
1562 676 82 114
1016 178 118 74
712 132 116 64
1632 416 112 96
644 704 124 64
990 898 100 100
786 594 104 66
1396 780 78 124
780 944 110 86
674 324 122 76
764 888 102 72
1226 592 78 126
1528 106 90 114
808 184 92 100
522 708 72 108
622 408 138 60
654 606 118 64
400 314 114 70
1120 60 78 64
860 14 82 80
1206 802 86 84
1426 592 106 70
692 214 80 100
1488 260 96 108
788 258 90 86
768 646 92 82
976 644 106 86
860 450 70 122
480 336 98 98
938 766 88 82
648 766 124 60
606 666 136 62
1482 472 68 118
624 24 88 114
804 412 76 100
612 532 138 66
1750 16 90 92
612 158 112 86
1638 162 116 74
766 754 102 62
720 808 98 74
256 302 154 68
942 604 66 120
1588 796 138 74
400 196 44 76
82 128 150 66
628 260 84 112
350 782 124 66
214 234 132 66
1608 512 112 84
188 424 102 94
298 198 134 84
348 488 110 76
282 722 164 68
806 122 124 82
162 252 94 92
462 502 120 78
350 42 138 76
800 92 132 62
714 570 76 64
40 302 124 78
264 524 92 92
762 704 102 56
618 798 128 58
508 86 78 100
542 788 66 104
424 2 92 50
1742 506 90 94
1068 904 80 110
400 112 66 76
508 60 76 38
82 464 132 66
1412 950 110 72
126 808 114 70
16 472 92 60
110 562 114 86
12 514 104 84
220 48 130 84
254 760 136 78
860 898 180 84
184 822 170 72
1230 496 94 80
118 724 120 88
1244 868 98 80
696 60 120 82
234 366 168 68
36 408 90 66
212 120 134 68
58 68 180 70
1296 872 72 116
8 110 120 78
426 204 72 74
516 638 68 80
514 248 74 82
30 582 102 102
680 12 78 94
994 798 102 96
1420 512 108 92
400 584 62 62
756 14 84 76
778 60 90 52
