1346 818 78 120
240 736 112 86
1070 184 98 90
1338 414 76 118
760 38 100 90
8 774 114 98
1030 550 70 114
1564 312 80 106
220 852 100 100
1332 158 100 90
440 572 92 94
1234 670 122 70
810 286 78 108
14 568 104 116
706 604 120 70
1222 322 98 86
932 320 88 96
814 162 90 102
1040 398 118 72
1026 760 86 108
724 92 92 106
1410 596 90 104
986 20 126 78
1318 740 94 92
696 750 70 118
1056 470 130 68
1338 660 92 96
880 816 66 108
216 464 104 88
1414 406 84 100
430 12 122 64
1230 622 86 66
1054 128 122 68
1454 256 124 78
916 654 100 70
1328 530 80 104
1624 650 108 88
1592 236 78 102
1106 22 120 56
608 16 116 84
1468 482 118 78
716 358 104 66
1028 886 124 70
1530 744 80 92
1412 738 134 82
122 682 130 88
760 796 114 88
1514 144 100 66
1254 110 80 120
228 662 136 76
624 192 110 78
1016 328 108 78
1048 684 86 96
716 256 100 92
1008 930 106 86
662 538 130 72
108 900 116 88
1418 800 92 96
1108 230 108 86
570 144 114 84
1254 402 94 108
1126 518 76 108
390 794 114 82
614 384 132 74
878 732 80 90
904 16 102 86
918 224 86 106
1240 898 96 92
754 680 82 114
938 848 88 98
1478 328 78 106
914 148 100 98
982 414 74 110
1002 648 62 122
1348 20 90 76
950 724 66 110
980 92 116 76
1578 678 90 108
332 596 124 80
804 714 80 102
276 208 110 88
1512 548 140 74
1500 188 108 86
1408 926 88 96
452 498 112 82
720 880 108 82
1328 120 134 62
432 892 110 84
738 176 86 102
676 680 96 92
148 142 110 88
860 120 104 44
610 848 94 92
6 110 114 72
82 836 124 76
1114 66 108 66
1494 610 152 74
300 806 98 94
368 890 82 110
900 432 102 86
1214 732 108 70
1536 854 124 78
586 86 80 62
758 490 88 82
306 300 72 110
302 0 136 60
128 328 108 84
598 532 70 104
622 292 86 96
1734 712 96 94
352 734 118 82
834 398 112 78
1460 72 106 84
1378 312 130 88
944 542 88 98
1454 662 96 90
680 310 108 78
438 264 94 98
1662 790 110 78
256 542 128 68
1208 502 100 82
480 638 100 80
434 398 88 110
1498 902 90 110
1640 468 108 76
890 558 72 118
1114 746 78 108
792 540 118 66
592 684 106 98
1678 602 124 90
1692 218 104 96
120 538 92 114
400 60 70 74
458 128 92 72
648 606 80 110
1632 386 106 82
1788 82 78 110
20 878 96 110
644 494 116 58
570 248 80 82
1650 278 124 80
850 486 98 74
416 312 92 102
342 520 130 72
352 258 106 82
1718 22 106 120
1572 448 84 92
650 906 114 84
1110 832 112 58
0 222 78 84
1730 450 132 66
1554 120 92 32
366 142 104 80
484 712 106 68
400 330 54 98
1734 358 104 86
16 682 132 80
0 476 66 94
1612 556 122 64
