984 20 94 94
1232 386 118 66
650 346 134 62
120 470 126 82
196 88 142 82
1090 30 78 116
654 240 92 102
1106 198 112 84
286 318 96 98
1112 744 88 102
1216 720 124 70
380 634 114 80
1686 736 112 90
1124 276 98 92
200 560 106 106
588 570 90 96
874 590 124 70
1072 332 84 98
44 504 116 92
1240 50 92 98
1048 156 134 70
1488 228 70 118
436 8 92 100
842 736 106 80
142 196 84 110
1244 228 122 78
380 320 110 82
1236 158 96 82
1412 524 114 84
1486 776 104 88
1040 432 114 70
1084 870 86 94
958 454 126 68
1544 208 108 88
708 70 100 90
1352 716 76 110
964 162 68 122
800 608 86 108
1350 144 70 112
1106 482 100 74
768 416 110 86
968 688 124 82
852 306 98 88
1280 494 118 86
1362 606 106 86
948 880 100 96
730 548 94 88
606 142 84 106
1420 152 106 86
70 590 124 102
822 46 96 96
736 264 122 78
414 74 108 108
962 300 106 78
156 0 96 94
1600 336 118 80
1600 130 90 82
1024 920 56 138
782 374 146 70
808 492 82 106
1238 298 56 126
1236 642 112 84
682 152 130 78
1736 622 96 90
6 176 94 100
1490 688 134 72
1478 930 98 92
674 758 82 92
1104 604 74 106
1318 394 114 86
394 244 108 80
738 866 88 92
582 244 76 106
280 902 88 104
212 192 132 72
1346 320 122 74
800 810 86 96
1000 618 106 84
1548 516 94 86
1630 584 126 88
1524 428 96 88
856 426 152 62
988 524 104 78
596 658 88 112
0 4 76 88
1424 836 84 102
380 708 90 86
668 618 120 80
1002 204 76 112
666 396 104 84
402 806 90 94
996 100 90 94
768 14 76 82
1046 728 72 124
574 60 72 64
872 654 102 92
1452 60 102 70
1708 304 88 90
1374 254 108 78
166 686 146 66
722 930 104 96
970 376 92 78
94 850 128 70
1174 14 62 108
400 488 46 106
1342 842 90 90
1296 74 104 94
1716 826 118 78
1418 726 86 98
466 876 102 100
1542 28 122 66
624 864 108 96
344 490 80 108
1230 456 122 74
216 846 92 106
376 180 124 78
188 256 132 74
318 118 126 80
1216 838 76 88
44 694 94 64
1146 556 64 86
406 942 86 96
1738 510 98 98
1634 60 120 66
1618 522 114 66
1074 548 84 82
606 950 130 66
886 476 74 120
1628 286 104 60
1686 424 110 56
118 898 100 100
1512 86 158 70
280 722 112 116
58 22 104 94
618 812 70 110
254 0 90 106
610 744 74 92
16 104 106 94
78 0 88 38
654 508 120 52
102 748 90 108
1242 22 124 44
234 488 106 86
1640 470 174 68
1758 724 86 86
4 282 98 90
1600 694 84 104
588 14 78 72
166 738 86 102
