1046 402 124 64
872 442 116 62
1242 708 104 68
1578 334 110 66
1240 640 94 68
276 760 94 98
1098 472 102 90
1022 504 96 86
1262 762 88 84
464 516 92 90
1090 598 92 112
1338 438 82 78
610 306 146 66
1032 794 88 80
1410 792 110 72
1058 16 78 86
936 610 118 78
1236 376 100 50
234 872 102 88
904 490 94 84
904 844 78 90
1530 18 116 58
798 610 110 68
916 20 104 74
600 58 92 90
610 14 110 62
1154 558 64 102
1122 860 74 98
884 174 66 118
794 860 108 80
1240 846 124 60
654 908 84 88
1524 150 72 110
1322 120 106 70
1250 506 108 68
1348 698 104 76
706 638 108 72
1216 594 72 88
860 798 96 78
1078 704 90 70
1450 520 130 64
958 116 68 124
1212 752 60 114
1402 420 84 70
744 568 76 78
32 292 94 90
1318 342 118 82
400 68 114 76
868 92 106 92
440 644 102 82
628 394 126 64
1322 236 108 90
1236 420 116 62
1622 446 132 68
1240 22 106 70
796 922 118 78
450 750 130 78
754 214 128 80
1456 22 94 62
644 730 140 72
848 522 76 98
1298 896 80 96
818 20 96 52
932 308 78 102
304 350 122 78
300 274 142 68
56 762 106 88
648 126 124 70
600 494 152 72
778 674 64 114
138 60 100 88
746 476 84 92
1234 904 82 76
1004 152 88 88
780 120 84 64
2 184 96 96
228 498 120 80
1164 208 54 110
204 162 96 88
626 186 110 90
1506 612 96 98
1632 262 110 82
474 390 120 66
1538 554 146 74
1162 306 56 118
1684 10 168 66
754 384 80 96
1404 324 120 72
224 120 120 64
1120 186 76 110
426 278 132 82
1226 210 60 104
1230 470 94 52
1100 328 82 98
1238 74 108 78
1366 898 64 72
342 810 136 78
1018 684 66 112
614 642 72 110
1704 452 138 64
1104 758 84 64
806 534 66 82
1016 216 94 86
1646 612 96 100
1078 166 84 68
1664 66 146 72
650 566 120 74
74 342 158 64
594 348 92 100
16 114 106 68
70 472 148 64
632 986 118 62
1060 104 108 70
238 424 116 82
1126 16 72 54
638 798 136 78
736 276 76 114
800 282 68 106
84 414 170 68
1640 724 118 84
290 652 102 80
1410 922 104 70
102 142 114 84
1114 798 94 70
1232 152 118 88
706 14 76 104
1336 802 108 82
1544 900 124 74
816 484 88 62
366 878 108 78
276 204 124 76
368 180 118 82
1096 62 100 76
16 578 88 100
1594 620 82 104
1676 324 124 78
1542 68 102 90
532 50 52 88
150 542 118 76
1608 194 114 86
518 228 68 90
1752 116 92 94
1464 448 88 78
1052 976 114 66
6 0 102 96
538 934 68 102
236 60 116 62
1362 26 96 76
598 552 74 102
70 614 140 66
1732 600 94 92
120 0 136 70
1634 386 134 62
830 374 90 108
1664 542 152 82
1054 892 106 96
74 866 122 92
610 838 78 116
42 956 96 68
44 682 82 74
386 244 102 64
298 0 120 78
1682 232 96 82
600 246 64 96
652 458 110 50
32 408 98 60
528 804 68 86
