1058 444 134 60
898 334 116 70
454 730 106 90
1058 506 128 62
728 286 108 78
1632 732 100 84
1226 434 106 60
1012 940 72 90
858 268 90 80
1218 670 136 68
348 134 70 130
2 864 138 72
1114 246 108 74
1108 332 98 86
224 488 108 100
786 574 74 110
866 658 116 94
828 774 108 70
972 16 92 90
178 298 116 78
712 192 96 90
982 578 84 74
76 588 142 68
916 872 74 104
868 474 94 90
1242 136 94 68
1238 276 98 80
738 20 112 88
1718 324 128 74
1138 576 72 100
1222 358 118 76
1538 330 122 86
40 688 100 64
1242 198 86 84
1042 744 122 76
204 224 102 80
1224 568 68 114
1084 830 74 118
900 800 86 92
822 534 106 80
822 838 94 88
986 492 86 96
1410 430 118 54
442 652 124 74
942 224 80 88
1472 228 102 88
988 268 106 82
966 646 120 70
638 268 92 88
1714 716 92 76
1554 856 94 106
998 146 92 100
1070 618 90 72
702 702 104 66
1498 600 130 74
482 794 110 94
1390 496 100 90
1326 120 84 102
288 32 102 90
124 660 126 82
316 278 98 98
640 644 86 106
1416 180 76 108
1324 734 88 92
800 350 56 84
606 136 90 100
612 824 66 108
1044 686 104 66
1274 564 90 80
1374 378 110 70
342 840 136 84
620 910 98 76
404 596 142 80
1650 818 88 98
602 570 96 100
1340 274 96 106
800 732 52 80
1292 984 102 74
220 690 118 80
982 796 78 108
1498 672 84 100
1414 762 104 88
32 408 94 64
890 60 78 104
482 874 114 88
984 436 88 68
1218 942 98 90
120 846 120 80
772 494 102 66
370 684 90 92
1060 90 116 84
1656 626 130 82
478 108 110 86
102 84 112 94
672 106 104 74
302 612 114 88
1426 60 108 88
816 120 58 124
1344 820 110 84
506 210 90 82
640 60 86 90
698 590 96 90
656 362 106 90
746 912 92 94
1562 652 126 74
422 196 76 102
674 752 86 78
18 112 102 78
1476 474 138 76
442 956 116 84
464 60 106 50
1030 318 70 112
954 388 102 76
1614 240 86 84
1062 980 84 76
1222 850 76 112
24 518 140 76
712 534 108 74
1120 60 80 78
1704 218 96 102
314 516 124 64
248 104 94 114
1226 780 110 80
1028 854 74 112
1484 774 80 96
452 436 104 84
270 806 124 84
1216 16 68 106
498 534 100 84
598 446 80 116
1520 84 90 114
400 556 82 86
674 822 90 106
312 952 100 88
1560 220 80 100
392 66 104 80
522 470 72 64
774 102 62 118
344 478 122 60
110 196 102 102
1300 60 124 58
1572 160 120 66
46 952 100 76
202 102 78 88
1602 490 108 88
1246 76 70 68
738 440 112 64
1572 22 118 56
1348 928 118 74
762 856 100 74
402 124 92 82
1722 792 78 80
440 296 144 74
1700 470 72 96
1744 844 74 68
588 26 84 62
250 432 118 62
662 516 84 90
0 0 86 96
66 6 116 98
