742 722 54 60
682 222 58 68
920 350 60 82
776 116 58 80
454 432 70 64
870 702 60 74
858 358 50 76
424 628 76 62
1596 360 110 56
276 918 80 68
802 470 60 64
888 598 54 50
864 530 66 48
1008 556 60 76
1102 284 58 48
1240 480 70 66
1066 536 52 64
932 418 52 62
670 324 56 94
600 456 82 44
1058 126 62 68
358 80 84 52
420 200 64 84
302 772 66 64
590 150 72 72
792 608 68 58
886 656 70 42
754 434 52 74
702 978 70 64
614 652 80 48
778 344 54 72
1184 402 52 68
982 394 56 82
982 910 62 62
1592 52 78 98
1062 668 56 68
584 16 64 80
686 82 62 76
1096 650 54 80
684 554 76 48
1590 572 88 56
1060 234 74 50
248 768 68 46
1080 394 56 66
1610 706 136 54
586 714 74 72
1200 200 82 44
594 890 72 90
1170 680 68 68
1024 740 80 44
588 774 92 42
112 968 100 42
820 932 60 80
716 346 64 64
1218 22 70 74
1080 62 72 56
356 914 70 68
1568 634 70 62
1664 776 104 58
1196 158 88 38
580 260 94 44
1426 0 62 58
122 862 92 82
1190 446 74 48
342 20 80 60
782 976 52 78
1702 486 82 68
76 204 90 74
216 264 88 76
1044 804 64 46
56 282 92 60
1050 426 62 58
578 296 90 64
1038 954 80 48
1470 0 80 78
1172 86 50 74
46 346 84 56
1010 484 54 56
598 972 52 82
1166 764 84 42
1638 252 106 70
1738 342 64 72
1532 902 56 76
40 710 84 64
1182 342 48 58
1688 176 112 82
1336 848 46 60
1652 502 82 64
1658 98 100 62
1050 476 60 46
268 106 86 58
32 460 80 36
58 636 102 48
38 796 104 66
1408 724 56 86
40 884 76 70
478 598 82 52
628 920 66 62
1020 870 80 40
1460 634 78 64
400 140 38 94
1118 186 52 60
10 154 84 68
22 626 68 74
70 92 92 64
1426 672 80 60
1666 284 82 68
504 158 56 54
1118 458 48 68
334 180 94 48
