1524 496 72 52
1460 352 82 52
1440 184 54 62
1400 502 64 36
1386 832 44 60
318 730 78 32
1346 564 64 62
1258 648 64 48
1310 112 50 60
1614 258 66 50
414 116 72 44
1648 884 90 58
420 562 66 46
484 682 54 58
120 968 82 44
42 522 60 50
1236 818 44 64
1402 74 64 54
1484 198 52 58
576 84 84 62
698 680 48 48
1602 602 64 38
1054 96 42 60
312 200 54 40
1222 954 64 40
856 180 52 50
1630 758 106 42
484 86 62 50
702 388 58 42
1268 280 62 40
792 258 56 38
1212 148 50 48
152 594 58 40
154 820 56 50
1640 708 98 40
782 554 48 50
728 770 42 64
70 578 60 44
946 756 46 28
718 560 60 40
810 68 54 52
884 384 42 58
1688 154 112 94
1666 464 106 56
1658 242 120 46
990 478 38 60
590 640 64 44
128 460 66 36
680 278 52 34
1098 646 38 38
794 508 58 34
158 156 54 52
590 304 50 48
1104 532 46 48
1020 232 52 44
1618 814 116 58
854 674 32 44
732 628 50 46
888 526 62 34
800 802 50 44
1648 418 132 48
670 480 54 34
980 848 42 36
1674 570 68 40
1816 464 84 40
914 714 40 36
850 114 60 42
1080 318 60 34
1588 406 104 36
976 664 42 36
112 486 68 40
160 666 76 56
1650 346 122 46
976 324 40 60
964 596 60 34
1182 514 34 40
402 304 58 50
1084 814 34 42
108 768 70 34
1214 228 52 42
780 650 40 54
382 526 42 46
1244 522 60 32
1190 120 32 46
1058 394 54 38
594 566 68 36
116 0 64 54
1268 78 64 42
938 50 40 60
754 388 58 34
812 306 38 32
1176 260 54 38
1196 420 38 36
1046 696 44 32
492 254 50 44
1194 68 46 56
1174 778 68 32
940 316 32 46
910 490 34 38
1070 878 66 42
888 596 48 44
1200 460 48 28
930 832 38 40
376 302 40 38
878 62 54 44
930 466 50 46
920 690 44 40
792 866 38 40
766 458 38 52
818 896 52 42
1094 116 32 46
84 520 72 40
1142 380 34 44
840 560 44 34
1218 332 44 28
1618 930 108 44
582 8 74 62
1094 484 36 40
906 794 48 32
98 648 56 44
40 636 64 46
946 682 38 36
1062 222 52 38
596 680 60 36
72 902 42 28
1126 254 32 44
1180 390 34 46
930 638 50 30
326 264 50 44
666 338 62 32
1200 30 60 36
760 898 34 42
1264 988 48 46
26 160 74 60
1172 526 28 44
1702 524 62 42
1100 178 32 38
1772 790 68 44
592 874 34 36
496 930 40 60
520 582 62 36
704 326 42 30
732 314 58 38
1190 486 46 30
1134 348 42 34
704 306 36 32
1148 296 40 34
578 240 36 40
1166 734 30 38
1656 640 78 50
1094 440 44 32
