856 378 44 76
178 798 54 54
1472 226 72 48
836 182 48 58
1060 666 54 50
152 186 64 66
418 948 90 48
426 54 56 58
434 432 66 42
702 370 50 60
1048 768 56 52
1042 464 68 38
1096 520 50 72
36 524 84 50
708 448 42 60
1032 720 70 36
1094 232 50 68
1420 284 68 38
1222 64 72 52
154 698 68 42
392 366 44 60
716 622 50 42
884 194 70 54
1048 178 62 38
600 20 54 70
432 332 74 62
126 640 62 54
280 706 66 34
908 604 62 36
782 582 50 48
582 320 68 40
1064 404 52 54
744 154 48 48
922 550 38 54
44 712 74 50
580 442 72 40
1098 368 44 66
860 632 64 38
756 194 54 46
834 536 58 38
1198 460 58 36
666 342 46 56
76 390 82 36
112 996 96 52
56 640 70 50
1062 130 58 50
48 288 70 56
1054 926 52 58
584 148 58 48
422 552 72 34
1170 692 62 50
644 260 54 56
588 482 82 42
1648 592 106 70
1092 102 46 54
836 574 44 60
472 24 58 46
726 506 54 46
1178 752 74 38
1060 2 58 50
1172 796 46 58
1098 910 46 60
1176 960 64 42
128 462 70 36
1174 522 48 46
690 246 48 56
1158 652 42 64
1668 692 98 46
1188 2 60 54
1458 956 44 62
644 194 62 66
806 536 46 54
610 264 56 58
1092 782 42 68
488 64 62 44
310 452 62 32
12 152 90 74
40 462 70 34
