1366 296 44 34
1006 206 50 30
934 384 36 36
1664 466 70 50
852 382 30 42
1184 388 44 32
924 208 40 38
1104 646 44 36
1418 392 40 30
738 426 32 44
960 222 48 30
1260 542 42 34
1186 882 44 30
1314 480 38 34
1014 520 38 38
1306 796 36 34
952 590 44 30
1272 568 38 38
206 286 38 36
1438 284 44 34
1310 332 36 40
910 140 38 44
1100 280 34 44
1092 214 42 34
1258 608 38 34
824 242 30 56
1366 334 48 32
1494 618 52 28
962 124 34 42
216 790 40 36
1316 752 42 34
966 278 52 32
202 98 40 36
1266 72 40 34
1268 588 40 38
996 740 38 36
344 854 44 34
1172 802 44 32
228 548 42 34
1324 326 46 32
284 348 48 28
356 414 38 36
1290 480 36 40
298 772 38 38
1684 132 72 40
956 776 42 40
1836 700 58 34
950 738 38 34
1464 798 32 38
482 286 36 38
380 248 42 40
962 946 40 32
936 750 36 44
744 732 40 36
1270 252 42 38
396 406 48 32
802 100 40 38
916 1002 46 30
1578 684 66 32
1002 856 42 38
1004 240 46 34
1002 258 44 36
1658 532 62 40
140 648 48 26
1408 26 40 38
898 808 34 48
1310 354 32 42
1430 588 56 26
896 192 40 32
1186 720 42 32
1008 224 44 30
1226 142 48 34
1152 654 36 36
332 380 38 34
316 824 42 30
1204 742 44 28
1064 800 38 34
1046 728 38 36
294 184 52 30
480 624 40 40
886 884 38 38
1100 690 42 34
120 464 64 32
816 902 42 34
1678 716 40 34
1106 670 38 38
1356 938 42 32
120 730 64 32
1646 644 34 34
404 880 42 34
68 608 48 28
346 876 46 36
1180 174 32 36
242 180 44 32
528 456 38 36
868 62 52 22
1186 198 38 32
1286 896 56 26
1102 422 52 28
198 850 36 32
906 168 42 34
414 352 56 26
844 162 42 30
1516 78 48 38
800 60 40 22
750 994 36 38
1680 174 72 38
430 1018 40 34
242 212 44 36
878 142 42 32
916 808 42 38
1688 568 40 48
1848 776 44 30
502 882 44 28
1124 232 42 32
1112 882 36 38
1100 768 46 30
920 778 34 40
1190 458 42 28
264 100 46 36
922 120 40 30
366 226 38 34
1096 198 38 30
