792 162 64 124
196 822 106 92
846 576 94 96
1594 750 74 118
410 736 98 102
1134 194 60 126
1466 760 90 110
884 144 84 94
292 114 116 90
784 914 84 94
748 60 78 110
1486 610 74 106
1222 326 94 80
150 722 120 80
964 212 64 112
1316 484 102 88
1426 230 124 84
1534 544 100 90
1504 340 94 92
800 688 124 88
1014 860 110 84
626 744 82 128
828 60 116 52
1362 736 124 78
1134 60 78 62
1030 768 116 66
1044 388 120 66
134 208 112 78
1448 100 108 90
1270 600 86 108
948 494 104 86
604 262 118 86
922 952 98 90
1022 322 136 78
1236 152 114 76
1660 868 120 68
2 582 116 98
1116 838 92 90
1646 544 102 88
1588 146 116 82
1388 584 80 114
886 380 76 114
1698 124 130 86
1342 20 96 94
1572 628 82 94
1308 310 114 80
1238 226 80 104
894 756 110 80
672 614 114 78
1032 234 102 88
1012 570 112 74
324 598 94 92
6 0 108 98
1020 438 142 76
166 446 120 80
1416 540 126 76
950 128 98 86
948 14 80 102
24 202 128 110
502 648 76 106
1456 16 90 92
936 336 100 86
1112 494 108 78
848 258 102 86
952 406 100 90
1038 150 96 92
838 322 106 86
1638 694 100 88
800 502 66 90
1544 22 128 86
852 508 94 94
470 354 106 92
652 60 90 96
122 616 132 72
1600 470 144 74
670 334 84 100
1038 704 136 68
8 114 106 74
232 184 82 106
158 128 104 86
1322 914 102 78
448 12 110 82
1416 482 136 72
392 66 74 102
1262 386 86 92
832 388 66 134
608 550 74 78
1682 632 122 82
288 24 98 86
718 316 122 82
66 470 120 106
296 212 88 100
1298 220 106 88
1106 574 92 116
466 560 90 96
400 508 128 66
628 18 102 58
632 872 116 102
1230 584 54 122
212 544 124 80
750 408 94 96
1010 60 82 82
1480 440 130 80
586 26 76 114
1018 634 126 72
1134 754 70 98
200 60 108 92
20 770 178 72
400 844 88 90
1236 892 94 76
600 644 90 76
408 290 86 100
800 64 40 110
264 674 132 82
1734 202 100 92
638 406 94 80
608 504 146 68
1582 370 88 100
1732 526 96 94
1410 962 92 96
1228 762 94 66
1674 14 166 86
314 524 94 80
346 700 92 100
1448 900 100 82
1206 10 80 114
324 850 96 116
1242 438 82 104
400 162 92 88
162 0 138 88
400 10 92 76
1718 312 126 74
1232 704 110 78
1646 784 102 90
590 332 76 106
1306 852 94 84
1420 12 54 72
476 180 104 82
1226 522 100 78
724 20 104 50
1588 278 104 98
1620 198 142 80
544 124 120 64
334 476 90 72
1670 342 118 92
22 830 140 102
1220 974 114 80
1714 432 92 92
28 684 108 84
518 844 80 94
1534 908 98 84
800 320 36 78
50 320 144 76
14 412 108 62
468 244 102 68
1706 968 94 92
380 376 110 90
0 754 46 108
410 60 88 32
