1338 186 60 68
762 438 50 70
814 452 78 42
838 588 48 66
836 52 62 76
1284 356 68 60
590 182 90 46
196 210 70 48
1264 124 52 64
476 254 60 70
972 668 52 50
646 288 48 66
1234 680 48 60
1038 172 76 48
588 64 74 54
610 420 78 46
288 16 76 50
1516 408 92 50
1004 630 54 48
1280 194 54 70
646 120 58 70
714 316 58 44
712 658 52 60
626 650 68 42
438 118 66 62
1646 396 96 44
1340 14 52 74
982 850 46 62
854 490 54 56
896 780 58 46
80 556 70 44
400 0 68 52
1182 110 64 54
878 670 36 54
88 198 98 48
1648 688 88 38
182 68 76 56
176 338 62 66
1070 386 50 52
114 296 58 48
1662 316 100 42
638 528 48 48
1200 202 44 96
828 756 42 60
1048 444 62 38
1648 826 66 50
1116 348 50 50
438 316 56 46
400 416 60 64
146 968 102 70
612 826 64 54
1220 182 52 82
20 524 70 48
1276 638 72 38
1620 478 76 40
488 196 60 62
1392 0 60 64
18 158 82 62
346 0 56 48
136 340 54 46
46 364 74 54
964 736 54 44
44 712 78 52
1092 660 60 54
364 426 34 34
574 230 42 58
1088 518 56 60
946 36 28 40
1034 754 54 40
1062 622 56 50
1064 120 80 42
1072 918 54 60
952 60 76 42
1652 160 64 78
932 356 70 54
952 344 40 42
1178 902 58 36
1004 62 48 22
1630 886 78 36
470 0 64 60
1264 750 72 38
1398 822 44 52
36 450 78 46
