1514 556 100 74
930 332 74 86
968 760 96 94
1554 670 102 82
1150 200 70 108
1316 484 86 80
1232 174 98 82
1280 290 112 68
810 698 114 88
894 452 88 90
922 698 108 80
754 808 100 78
942 122 74 102
1328 760 98 94
600 198 166 66
664 552 130 52
956 548 76 96
1038 296 84 104
1302 900 74 80
838 578 76 118
1014 362 74 90
1056 416 74 108
1040 114 78 94
1470 872 116 72
426 156 146 64
634 14 84 86
1024 564 96 72
912 602 80 102
1302 688 80 82
1226 692 120 60
732 872 74 110
802 60 98 64
646 118 98 92
994 14 72 104
836 134 54 130
1214 606 84 82
1062 184 74 106
610 842 88 94
664 608 114 60
172 464 110 84
1096 588 76 118
32 854 122 94
864 900 78 100
1418 780 72 82
1442 478 122 70
814 316 96 76
990 872 92 80
342 690 120 88
1368 248 108 80
90 10 92 100
1144 764 60 96
1086 484 104 66
754 184 92 114
778 388 84 98
430 808 86 100
612 318 106 94
1052 16 70 100
972 666 102 58
1284 60 82 58
1588 260 108 84
58 186 132 84
224 0 122 44
1540 742 80 72
18 110 108 74
1248 804 70 102
404 648 124 72
1422 558 90 100
1242 438 98 76
1594 842 86 102
752 492 110 72
1072 876 90 78
1104 38 70 110
1698 500 130 50
200 208 136 70
266 176 144 72
1152 846 54 122
1222 484 62 84
760 582 98 88
1100 736 64 80
1696 214 142 74
1684 686 94 90
1216 916 104 80
794 860 72 112
1330 120 70 36
1630 56 112 82
1604 752 106 74
174 816 162 76
1680 602 110 96
104 882 108 90
418 252 106 88
1228 360 136 78
114 268 126 80
672 490 90 70
1050 946 86 96
956 916 76 114
20 282 112 92
634 722 130 72
26 502 144 66
1064 822 110 68
1066 676 66 88
594 76 96 82
396 72 120 84
672 928 84 92
1310 984 108 62
1512 92 122 84
90 558 130 72
1668 284 120 82
758 316 80 82
1606 124 92 90
176 322 150 70
1618 948 130 58
312 752 110 86
1432 656 104 96
1130 318 136 60
998 604 72 60
1728 882 92 64
492 340 86 98
40 698 106 54
1162 588 52 102
1680 546 130 74
218 732 90 94
1496 60 102 46
596 258 98 78
42 962 110 70
88 624 160 82
290 238 96 70
276 530 110 74
1184 14 62 104
368 528 102 78
334 602 94 92
406 512 124 72
208 548 82 102
412 322 94 72
510 60 68 100
1024 60 58 70
