1604 364 52 54
1388 272 60 40
1664 326 108 44
1494 666 46 52
1290 188 42 62
1598 246 74 38
1028 304 58 38
92 244 60 52
1196 120 48 60
1428 962 62 42
1346 714 58 36
1382 458 66 36
1814 662 74 36
622 78 52 52
1026 810 60 38
152 604 56 40
704 224 50 54
902 440 42 56
716 440 48 48
112 478 78 32
430 188 42 50
1064 230 54 44
1058 432 46 50
1028 578 40 58
902 592 46 46
1204 680 60 30
1612 828 112 42
242 2 62 40
340 478 38 34
596 722 50 48
1586 648 60 44
148 706 66 36
1706 372 66 44
298 968 64 36
730 342 42 30
1176 518 32 50
588 400 48 52
108 770 78 30
690 784 32 40
918 932 36 40
106 656 62 36
726 894 64 36
1592 60 62 60
1408 148 62 40
1346 214 58 38
368 0 58 56
1042 696 58 50
1646 708 72 48
944 620 58 38
498 806 44 54
850 746 32 46
1076 396 38 38
1078 574 58 36
1312 560 60 42
338 390 66 38
1160 656 34 46
776 706 34 38
426 362 48 58
380 512 40 34
954 996 56 38
1112 650 32 54
1190 24 70 38
1808 378 74 40
822 338 38 36
1414 196 52 44
770 244 34 44
822 290 44 32
1768 908 72 36
454 778 66 34
344 278 52 42
860 628 50 42
1084 120 46 58
350 530 38 38
1694 664 58 38
1250 596 50 42
746 804 40 44
604 788 40 34
876 906 36 36
736 756 46 32
578 250 44 30
350 688 62 34
316 258 32 48
1412 226 50 42
400 4 24 40
1118 376 40 52
456 986 76 34
1080 522 38 38
1340 446 56 42
412 832 60 34
844 680 36 40
218 474 44 34
1812 706 48 48
1672 768 60 42
656 464 50 44
1538 144 60 38
792 690 40 40
406 722 86 32
650 322 34 44
1100 904 44 28
312 544 36 40
1196 718 34 42
446 908 68 36
1186 250 32 48
1212 228 50 46
414 1012 68 36
132 836 62 46
846 870 48 28
854 328 46 32
150 148 54 46
834 364 52 40
450 646 72 28
1746 156 54 62
90 504 62 56
688 340 48 30
294 326 56 40
1066 62 52 22
416 540 46 32
452 500 34 38
726 614 64 58
54 644 48 44
1060 190 50 36
738 828 38 38
256 516 60 32
604 848 70 34
400 502 28 34
172 890 60 44
590 278 72 44
1100 816 50 48
1136 536 30 46
1668 572 78 56
1350 522 40 38
748 466 62 44
400 362 36 38
718 392 58 32
1494 158 52 42
1480 56 46 48
374 348 58 38
1208 178 52 38
22 160 78 60
844 308 44 32
1560 176 62 38
1096 494 42 34
1146 120 42 20
744 670 46 30
372 754 76 26
1384 504 64 34
218 974 44 48
1082 754 44 30
836 958 36 38
888 978 34 38
394 634 40 34
1124 60 50 54
400 588 28 38
1032 966 58 34
1580 224 52 44
290 600 56 36
1120 262 42 58
496 512 50 44
