238 872 96 90
1250 856 68 120
224 488 88 102
628 126 100 88
318 772 98 94
1110 574 60 118
936 386 110 68
34 778 94 98
1420 866 98 90
618 250 88 92
1228 342 106 86
1550 658 70 128
1526 900 126 78
1274 232 70 110
408 596 76 118
1704 524 114 98
1322 562 72 114
902 874 88 96
994 562 116 74
1068 880 94 94
216 790 78 110
1118 220 90 102
598 822 102 96
1490 608 76 106
632 416 132 58
310 572 106 86
618 16 120 78
1058 448 80 110
724 60 98 74
724 166 122 76
804 884 110 86
1356 280 88 98
362 848 102 92
678 226 118 96
718 554 90 92
848 430 98 70
896 722 94 92
1024 704 104 80
1002 304 110 90
960 644 70 112
1372 546 126 74
988 62 96 70
1404 230 98 94
1062 168 88 96
482 626 106 68
852 320 134 82
1396 606 104 72
1240 422 116 78
104 446 110 82
44 512 118 86
982 734 86 108
248 652 94 90
1722 720 94 98
1454 16 86 92
1362 460 90 92
634 358 136 70
1558 784 84 100
850 150 106 78
392 210 132 80
846 226 82 98
1232 62 98 100
790 756 122 78
398 330 112 82
1422 390 96 98
1382 30 84 104
1340 132 98 92
434 798 136 72
1280 22 114 80
666 900 90 100
1098 292 74 104
268 724 112 82
1568 218 84 94
610 548 114 82
860 488 110 84
1436 950 86 98
1242 530 112 84
1452 502 116 70
1400 768 118 76
1556 132 96 94
626 478 124 76
1712 430 138 70
1238 766 92 92
968 126 94 92
798 528 94 86
1488 268 76 114
1508 366 88 108
1554 550 94 94
366 268 152 74
738 680 70 112
456 558 112 70
1610 732 86 94
1116 496 106 96
824 570 90 98
492 676 100 70
1028 626 94 90
470 866 72 102
148 526 112 84
756 472 98 82
704 306 134 76
1322 336 66 110
676 798 104 86
1580 402 146 60
1534 490 118 70
898 204 90 92
720 864 98 92
1688 902 112 86
1488 790 62 116
414 146 112 92
1066 68 104 92
766 394 114 78
986 474 104 94
1458 182 116 78
802 816 104 86
1716 824 90 104
628 710 78 96
16 108 96 80
1218 478 102 70
920 22 66 116
102 208 116 80
1300 668 92 96
446 718 104 94
124 854 106 86
160 128 86 94
1628 962 124 76
1246 638 72 116
34 684 96 76
1638 146 102 90
1590 626 124 76
1680 50 84 100
38 264 132 80
1374 692 86 82
1704 630 110 86
326 496 130 76
862 954 112 90
800 18 100 86
662 624 88 96
74 0 138 48
1654 228 84 100
850 120 100 36
1478 104 98 92
1176 298 64 106
300 312 98 96
1026 134 94 94
1044 970 118 84
1416 112 88 92
132 736 114 92
1204 578 78 88
1548 46 82 96
346 656 78 104
1586 306 130 90
334 968 102 86
416 120 142 52
1426 688 96 92
644 758 88 108
302 60 122 78
802 958 92 86
1108 60 104 54
634 60 86 32
42 960 96 80
1726 232 82 98
1654 360 88 64
244 216 144 74
1610 60 92 70
1078 18 92 52
102 40 120 84
400 426 102 76
0 320 180 72
188 64 162 74
856 52 84 100
228 144 106 88
1218 734 70 104
598 648 76 90
178 628 74 100
168 300 138 72
512 446 72 78
1174 14 52 108
1750 60 98 64
