932 456 38 40
734 366 42 36
820 670 46 28
932 722 42 34
1308 430 44 32
248 472 42 32
1106 324 36 40
1258 420 42 36
628 224 34 44
946 268 32 40
982 540 40 38
1672 364 86 72
980 396 36 38
970 490 42 34
1040 684 38 34
1088 670 48 34
790 254 36 42
684 308 34 46
478 568 32 42
756 816 40 34
946 660 40 32
652 724 30 44
962 648 42 40
680 432 40 30
388 566 50 28
172 494 42 32
502 188 38 34
1394 336 32 42
1022 640 46 32
392 960 46 30
1220 216 48 26
784 172 40 38
756 754 38 40
232 718 42 36
386 256 36 40
1218 290 46 32
186 680 40 36
854 226 38 38
656 632 42 34
982 638 38 42
1402 438 40 38
992 578 34 38
714 222 34 44
140 764 40 36
1276 336 50 32
896 828 48 28
1190 110 36 40
938 122 38 34
406 698 58 38
832 114 42 34
392 228 46 30
772 350 38 38
952 796 40 38
1676 160 80 56
1024 894 36 42
220 260 50 32
1068 170 44 34
454 140 40 38
808 348 30 44
664 124 42 32
1106 112 38 38
996 878 44 32
428 450 48 24
264 394 48 30
1326 400 48 28
262 144 48 28
1092 254 40 38
730 184 44 32
516 240 44 30
832 778 44 38
732 690 38 40
166 904 46 28
140 816 40 44
464 332 50 30
658 170 32 46
806 206 48 32
222 214 46 28
878 872 32 46
1304 146 28 44
1356 352 38 38
1080 540 48 26
826 912 32 44
1210 60 42 30
984 60 46 24
1392 428 36 32
912 60 36 36
800 716 34 44
602 734 34 44
846 712 46 30
1418 466 44 30
862 198 42 30
154 596 52 28
912 962 42 34
602 580 54 24
210 980 44 30
146 618 38 32
1196 518 48 28
134 476 52 26
82 792 46 32
598 886 32 40
188 120 42 26
1562 184 38 38
130 536 46 30
604 946 40 34
594 646 46 24
374 480 50 24
1166 742 34 42
598 84 44 30
130 708 48 30
132 668 48 32
400 4 34 34
1614 276 36 38
600 180 46 30
62 366 60 30
852 810 42 32
1342 408 52 28
136 890 40 36
1100 200 38 40
306 976 44 32
1106 518 42 32
510 778 40 36
230 88 46 28
38 548 52 26
1186 930 48 26
1174 664 36 34
808 700 46 32
1276 190 42 34
1666 476 68 42
1288 226 40 54
250 60 68 36
416 546 46 30
1396 8 28 46
372 308 36 34
800 920 24 50
28 600 32 36
604 1014 62 40
104 450 36 32
126 694 54 28
1232 8 34 36
1096 574 36 38
22 166 86 60
980 970 48 26
288 4 34 34
1092 446 50 26
1176 180 30 38
754 386 50 22
1102 764 44 36
526 696 46 30
