260 708 140 80
1384 132 68 130
1052 640 72 118
324 552 94 92
772 104 92 92
710 176 106 94
1310 204 74 106
1664 540 142 58
1660 874 100 94
48 826 98 106
1542 476 94 92
410 284 84 116
1306 766 110 68
1488 808 102 88
338 774 78 112
1496 240 128 76
1644 190 90 104
1068 914 86 96
1692 798 102 96
1052 208 86 94
184 284 120 82
910 298 142 70
1736 296 96 96
1710 592 92 104
1094 54 124 62
1568 590 116 84
1600 784 94 86
978 238 82 98
146 690 120 76
1124 286 84 94
910 120 94 56
798 274 94 90
1446 60 116 64
1584 384 104 92
1482 172 144 70
1066 330 94 92
1244 720 84 100
1632 686 92 92
1342 576 122 82
706 634 116 72
1718 682 86 100
752 436 106 68
968 788 118 80
1084 748 112 80
620 820 64 120
738 520 140 70
1036 446 126 70
976 594 88 94
1368 360 68 120
628 114 90 94
1006 130 106 90
368 80 96 92
1230 634 108 88
864 690 104 92
844 340 136 74
22 230 144 82
1616 476 120 82
432 244 108 90
1076 502 82 114
856 18 106 64
872 418 130 74
1406 298 90 96
600 730 92 114
86 494 110 88
1236 68 88 88
1398 650 124 82
1410 742 102 88
1044 826 90 100
308 292 106 84
6 112 108 76
1000 18 96 70
422 500 116 96
1368 800 84 104
732 586 144 64
1402 896 104 82
1316 76 98 100
908 164 108 86
1322 918 108 78
248 504 80 112
330 150 88 98
1234 468 114 74
852 564 114 58
738 754 98 96
942 708 110 84
288 446 130 74
134 762 102 86
1402 412 164 66
1234 192 76 110
864 468 76 106
930 820 70 110
420 784 100 86
1234 904 96 98
1488 640 120 72
630 382 126 82
752 310 102 98
834 860 118 78
868 920 114 78
1260 154 86 78
1134 510 80 82
448 874 128 74
858 602 98 104
1736 188 94 118
716 60 120 66
1258 410 130 84
4 584 98 102
1642 38 96 98
684 464 66 120
92 606 130 68
1376 478 148 76
280 920 86 112
1542 108 110 74
1482 340 78 100
828 782 118 84
684 324 94 88
1748 114 118 80
180 896 124 88
704 702 142 66
604 550 78 102
944 528 102 88
742 834 108 92
176 850 132 68
204 786 132 82
506 648 80 106
508 764 72 116
744 926 86 102
604 446 88 122
652 26 82 104
1040 78 104 86
1722 34 74 114
1320 18 90 40
588 348 68 100
418 156 100 94
266 188 114 84
610 634 88 106
578 240 62 110
664 922 94 86
1454 954 112 86
140 120 124 66
788 654 110 82
430 412 92 100
624 306 70 92
178 210 134 78
800 18 54 80
416 10 100 80
58 320 162 64
38 60 154 60
1324 984 120 68
1718 446 84 100
494 60 84 48
1474 706 126 74
494 324 86 96
476 564 94 90
1206 572 66 92
1206 834 102 102
246 350 84 104
30 684 106 84
1806 12 68 86
1350 60 82 42
598 16 86 50
348 882 114 88
