876 646 82 104
874 542 108 72
932 788 106 76
998 904 76 104
1490 572 112 70
1226 656 126 78
766 10 90 84
782 522 88 90
1586 390 116 70
920 194 96 70
922 20 130 60
938 258 114 66
1060 658 118 64
986 548 80 98
1308 294 86 94
822 484 142 62
1224 476 76 108
1322 478 114 82
998 182 80 94
886 114 92 86
882 340 116 74
438 654 124 76
78 862 118 94
1236 944 82 86
78 174 98 110
1152 202 66 120
1322 558 84 100
1636 584 94 76
1536 144 100 84
170 256 82 98
754 120 98 42
1072 120 112 56
706 698 78 100
1228 310 96 82
1522 332 92 98
136 708 104 98
1220 728 132 66
434 834 114 86
1326 900 80 104
1066 364 118 78
1024 430 142 64
804 860 120 78
1348 800 112 66
850 242 76 106
938 372 116 68
24 482 102 106
130 484 118 78
776 228 74 138
254 870 128 68
1254 404 102 76
1030 260 92 90
710 492 94 78
1384 406 114 94
1432 296 98 92
372 708 134 74
216 554 146 68
1440 822 74 102
878 424 96 74
1078 168 96 92
1556 628 92 90
842 752 94 104
1464 728 118 68
590 286 120 64
1358 676 84 100
1418 478 86 108
628 12 100 66
1152 18 72 102
1076 732 96 96
630 820 110 90
622 504 116 60
416 912 108 80
1212 598 82 96
1352 332 68 122
26 404 100 68
432 256 122 86
742 154 106 88
304 58 122 68
344 660 110 68
822 414 96 74
608 554 72 90
1262 778 106 74
482 876 124 78
238 710 112 72
1070 604 120 60
1214 208 108 96
684 888 106 90
1548 60 118 86
1700 324 84 102
1382 854 80 98
1406 578 76 106
1450 224 102 82
1096 524 78 84
1454 668 96 82
400 276 70 78
1634 652 88 84
346 542 118 80
848 906 100 72
358 918 82 114
1554 896 114 84
1148 762 60 82
1260 114 70 90
214 122 104 76
242 276 100 84
1460 784 90 56
404 606 110 68
1102 490 102 64
744 420 102 70
400 772 86 76
1412 60 120 52
1636 858 158 78
182 916 124 80
1710 688 100 56
1532 794 96 78
1568 252 86 100
1156 556 60 86
206 822 118 88
746 302 74 102
632 220 110 84
618 62 94 88
396 168 80 106
1642 728 114 72
1208 820 84 94
604 454 54 90
450 60 86 36
272 416 98 106
1654 440 164 76
1230 46 64 92
1306 236 132 74
198 768 132 72
948 634 108 90
26 766 100 86
106 50 140 78
1558 516 82 98
612 626 64 90
1632 12 118 72
14 110 122 72
1038 24 96 54
1318 120 100 52
664 342 92 100
32 582 128 88
524 600 72 94
1482 506 130 68
150 676 146 62
610 152 74 90
0 634 68 78
1318 162 128 74
116 0 98 52
490 388 102 70
294 786 112 86
450 120 102 58
1670 514 124 82
454 16 84 68
106 142 144 72
1454 144 84 76
624 120 76 32
40 688 100 68
1604 782 108 76
382 420 92 94
514 18 74 64
1632 254 84 88
298 120 108 94
512 956 82 104
1682 120 70 42
1274 42 80 72
534 492 62 74
196 192 110 74
906 942 78 118
490 202 102 88
1708 626 96 74
1476 928 122 78
636 914 66 120
184 0 120 72
1716 282 120 60
1664 922 64 70
40 304 140 76
136 416 148 80
1336 34 80 62
40 954 106 76
800 410 40 64
150 612 182 70
