858 322 66 86
918 326 76 94
1326 318 102 68
956 612 106 54
960 544 114 56
842 512 74 98
900 654 72 114
778 350 92 78
756 242 88 68
300 128 74 114
1222 678 112 66
1100 606 84 86
1236 148 120 72
424 956 96 66
958 236 108 64
982 390 84 86
876 474 116 58
1000 282 110 62
1542 954 102 62
718 378 86 88
390 826 104 72
906 816 72 92
58 192 96 100
962 676 84 74
686 162 102 82
740 512 114 64
1230 344 90 70
734 594 114 72
1022 818 88 70
1396 552 100 64
978 472 110 70
1294 880 108 72
788 298 82 60
1432 810 88 110
1072 712 72 88
1314 486 132 62
968 820 72 96
80 34 116 92
1632 950 82 92
448 858 104 90
1076 424 80 100
442 186 98 70
1242 414 98 90
316 682 106 72
1458 224 110 70
664 260 70 120
1420 156 76 92
722 750 94 74
1572 630 86 86
1592 246 90 64
1612 136 84 96
406 490 112 68
1028 686 66 88
782 442 110 68
1554 786 96 80
808 106 96 108
1224 212 72 98
412 230 100 94
1514 70 104 86
684 540 98 72
786 952 110 72
1398 100 108 70
312 838 88 96
514 900 90 82
1128 324 82 82
294 544 92 88
164 274 148 66
684 626 76 92
384 368 120 78
1118 272 70 76
1482 310 140 76
122 890 148 70
422 36 78 108
488 120 92 72
1554 166 72 114
398 726 80 68
980 24 110 78
906 18 82 56
880 176 70 112
716 916 94 84
1608 348 82 60
1348 158 80 106
1526 556 94 72
466 690 108 62
660 108 74 96
914 64 114 74
210 656 128 62
520 188 72 112
506 486 96 70
780 20 136 72
1012 144 114 78
464 784 126 58
12 114 120 70
812 874 126 74
1392 426 84 80
636 856 106 82
1514 842 112 78
1596 394 88 56
1286 726 90 78
1456 380 90 98
1422 650 94 76
1244 26 90 76
160 608 140 66
320 934 98 86
702 16 70 104
76 494 130 64
0 522 80 82
1694 588 90 90
1710 698 98 56
1734 308 100 72
106 308 112 96
1588 728 102 66
400 304 100 68
0 302 92 86
1016 952 104 86
40 688 102 68
630 724 96 74
1318 670 74 70
1712 220 128 72
24 854 152 74
614 174 62 94
1594 846 124 70
298 8 78 110
1404 720 92 78
42 954 104 74
1324 22 76 74
1650 78 98 74
830 72 112 66
364 536 94 86
1084 76 114 70
334 296 92 110
158 482 106 82
528 614 74 52
302 398 116 82
0 32 78 56
1716 496 90 72
1234 68 100 70
456 620 98 72
628 766 104 94
1386 22 102 42
1626 306 80 52
1726 106 102 74
372 602 80 82
0 180 72 86
1786 60 74 56
548 980 64 74
172 348 112 64
454 724 104 66
1672 256 82 66
1612 562 116 56
1644 674 80 78
596 82 80 58
128 966 126 74
1094 120 84 32
1220 848 66 100
1168 592 46 80
452 14 80 52
1164 412 72 64
1154 768 58 90
1358 60 106 74
1164 140 72 72
516 548 92 56
274 918 84 82
606 652 54 96
1652 14 140 80
1546 394 72 72
176 0 112 84
112 138 130 74
72 758 160 62
128 818 158 66
1180 252 54 94
620 422 92 66
118 706 144 72
364 28 58 118
1654 464 80 62
606 120 64 42
602 260 64 82
612 478 82 70
