872 146 62 80
192 128 56 62
666 180 56 56
82 240 72 54
160 350 64 40
58 524 100 60
1544 294 68 46
1644 156 74 64
1250 162 64 42
904 384 32 46
360 54 60 68
340 392 82 34
794 242 48 54
1026 272 44 48
1038 214 58 52
682 958 56 40
882 336 62 34
1024 118 56 68
1638 288 62 52
918 48 46 66
626 332 66 50
1046 466 38 32
858 412 38 40
1512 526 98 50
1484 948 54 52
1096 426 60 40
1228 476 52 40
296 78 54 60
1100 2 46 24
1082 904 70 74
926 370 34 44
1100 588 56 48
1650 242 134 52
1038 578 66 64
754 428 64 54
1058 46 64 48
1660 68 78 86
716 574 88 44
1508 620 100 46
960 802 64 56
382 260 62 44
1342 198 42 54
1164 998 78 40
610 344 38 34
14 148 96 84
266 100 40 30
1056 516 70 36
1534 1016 58 42
400 956 24 46
1694 472 70 66
