1546 882 108 74
312 224 112 68
1368 216 106 88
1454 626 84 108
1026 232 96 92
1520 544 74 120
900 18 114 60
1386 602 70 120
1570 482 78 118
1564 120 64 130
818 730 108 66
1312 560 66 122
1540 746 94 94
1106 508 114 82
12 286 96 110
838 598 98 84
790 388 84 78
1696 862 86 108
466 600 86 96
166 182 116 82
714 780 84 104
952 218 72 114
1006 18 116 76
840 452 120 62
774 680 118 70
892 298 110 62
950 502 80 86
1224 634 114 76
30 854 98 112
932 572 92 86
778 802 104 82
1240 30 82 108
1218 528 94 84
220 62 64 116
628 744 70 122
684 518 90 82
16 768 96 108
1040 120 142 58
1062 162 112 76
464 262 108 84
612 20 128 54
944 744 74 106
964 850 72 106
274 78 80 108
948 442 106 72
1244 354 110 84
1328 458 86 90
710 272 92 78
440 482 80 118
812 120 108 66
438 174 114 84
62 186 116 106
1056 442 112 76
808 222 84 98
1014 574 100 88
942 364 78 100
1450 402 124 86
862 502 104 80
736 330 116 56
730 892 118 72
1040 368 136 70
1644 782 166 76
636 160 106 90
612 324 98 88
1382 890 84 98
1232 436 108 76
1030 476 72 96
748 16 80 86
1710 126 102 106
1086 738 90 88
1304 748 66 122
792 952 114 68
102 94 120 82
606 944 78 96
352 700 118 66
1004 756 102 82
640 478 134 62
664 66 88 100
1276 950 120 72
416 912 130 82
18 114 106 72
1138 754 68 108
1376 734 86 74
692 366 108 66
1156 282 68 114
694 422 84 66
1428 812 102 80
1630 698 126 84
1280 196 118 88
1232 712 92 82
348 84 88 114
640 858 86 100
718 578 86 102
1362 24 108 58
1438 746 116 76
1050 656 108 76
852 374 88 80
1356 526 112 82
1340 296 92 100
990 146 84 116
816 510 74 122
336 460 132 72
1472 60 104 80
154 786 162 70
626 638 102 88
502 862 88 120
634 234 86 98
718 108 96 94
956 646 104 78
314 276 166 74
678 672 100 98
1628 150 72 126
1314 120 96 68
1566 352 114 84
1446 256 74 112
114 290 96 88
628 408 82 74
1646 492 174 60
1374 336 112 86
604 554 102 88
244 510 104 82
832 862 104 78
1210 762 52 106
170 474 114 72
424 804 100 84
10 488 102 96
252 0 134 74
774 160 112 84
42 960 108 76
1682 386 94 76
890 348 78 72
906 686 82 100
766 478 82 72
1594 410 124 74
1136 578 72 114
1406 476 94 88
130 852 114 84
1648 60 104 100
1250 880 102 74
1724 208 92 102
600 60 78 100
1364 786 74 118
1034 848 88 96
1676 606 122 96
400 866 66 102
1006 706 92 70
1158 18 66 96
1266 120 72 64
1622 544 176 68
400 598 80 88
1628 16 120 56
1480 256 128 80
400 108 48 90
1578 948 92 96
1384 154 132 76
1110 852 80 94
0 0 74 94
596 164 66 96
98 512 122 82
1592 46 82 90
1216 184 68 134
328 520 98 76
290 328 130 76
1756 62 106 80
1054 918 124 68
432 60 148 82
158 0 136 58
330 744 80 92
1652 920 80 90
400 218 106 84
504 120 76 56
854 914 108 66
1656 294 146 90
