850 278 84 90
1472 386 98 64
1072 456 106 62
938 658 76 82
826 832 110 66
998 842 74 82
670 364 114 68
972 520 102 58
1056 396 118 56
1088 612 86 82
982 446 94 74
1064 734 100 70
834 896 70 90
1020 686 96 64
1148 462 58 112
778 306 74 102
710 654 96 68
920 144 84 80
1596 672 116 66
688 742 92 90
1302 678 88 66
394 504 110 68
708 178 98 84
830 120 78 104
924 886 64 76
1066 524 78 92
494 108 100 70
1672 512 100 84
634 654 74 88
1246 178 86 72
310 802 84 98
1108 320 76 106
1584 818 80 94
618 304 134 74
1318 738 96 74
1438 550 76 84
1208 878 84 80
992 646 90 56
1364 196 128 78
1036 258 88 92
1070 816 82 66
1520 800 86 86
1332 534 104 58
1380 642 76 100
1246 460 84 58
1300 448 120 66
1546 286 100 62
1284 570 108 58
1260 98 82 92
1534 612 110 62
1528 182 116 78
1448 734 108 72
996 220 122 66
204 644 98 80
1422 320 96 74
1284 304 70 94
1592 426 110 68
236 832 102 90
1624 354 114 66
472 166 106 76
1292 620 108 56
1506 528 94 64
1408 898 86 70
1270 820 100 70
1144 760 60 106
1300 376 130 64
216 592 110 64
24 842 164 70
488 764 90 82
1428 490 140 62
476 660 80 104
82 476 108 92
402 568 108 78
1058 148 134 68
222 428 108 94
1050 22 92 58
734 956 112 80
1652 716 76 66
1220 488 62 82
1454 20 104 70
618 502 110 88
1060 956 88 64
1390 120 90 72
944 44 70 100
424 874 104 94
726 816 80 112
1238 344 68 90
1718 112 102 78
1598 128 96 70
610 560 74 100
1650 598 88 78
1210 740 60 104
812 530 92 88
600 120 124 72
1234 716 90 74
94 702 148 74
800 72 46 102
1232 24 96 56
1472 862 114 84
18 114 92 74
68 636 142 58
258 88 112 86
296 526 118 82
400 130 106 74
1584 524 100 54
652 24 108 58
174 154 80 118
1012 906 64 78
324 206 88 92
864 446 96 100
228 732 84 98
444 370 110 62
390 202 112 68
1008 120 74 78
1122 60 76 76
1718 290 120 62
42 958 104 68
648 434 120 52
604 160 82 106
1130 838 58 106
912 962 100 74
1450 132 58 88
1686 218 94 96
420 52 110 78
1498 148 78 76
1652 862 76 110
1002 32 62 94
1308 74 92 72
784 390 112 72
202 512 104 98
8 510 116 90
370 0 78 94
322 150 98 68
122 916 126 80
1072 886 72 70
0 178 86 92
712 546 82 100
490 586 100 56
1616 940 104 68
1504 40 82 96
1672 790 120 70
36 412 90 58
1476 654 110 68
1556 354 90 52
826 982 60 72
264 934 100 86
1716 14 134 62
1356 940 86 68
52 762 132 84
0 338 142 50
1482 314 88 70
1720 876 84 92
522 316 80 68
290 0 98 88
330 678 88 94
168 308 118 78
650 958 90 90
212 0 84 108
30 0 156 58
384 748 114 100
452 448 90 50
526 516 72 76
288 608 110 66
1698 688 88 98
452 974 104 84
510 624 88 68
340 920 114 88
798 498 84 66
1722 566 96 74
460 266 102 76
400 268 86 84
32 684 100 66
1608 570 92 50
610 762 56 88
530 24 60 74
1184 310 64 100
