1090 230 56 72
1408 382 64 82
1404 144 72 70
472 340 74 82
1136 480 52 74
884 302 58 76
1554 644 88 46
1420 782 82 48
1080 424 76 46
960 210 54 68
908 908 82 56
1338 330 98 44
488 950 60 88
872 394 64 50
950 574 54 74
654 860 76 76
1420 482 98 42
1078 680 60 70
992 340 68 52
1488 190 66 78
1428 696 56 72
162 480 74 60
728 774 62 56
734 186 64 62
370 792 70 64
974 792 84 48
1378 646 66 66
1334 270 90 40
414 172 82 74
488 250 96 54
228 240 128 66
732 842 60 70
1424 834 60 68
976 456 72 38
772 330 62 64
154 632 88 52
646 290 72 98
922 736 52 70
1324 590 76 44
932 844 70 54
906 804 74 46
964 558 72 42
634 398 82 46
1140 758 52 74
842 472 104 46
476 694 76 62
1614 260 76 38
336 142 84 90
794 282 78 46
180 312 82 86
1234 710 72 46
1588 946 76 60
646 152 84 50
1488 696 78 56
1226 224 68 52
392 702 64 76
474 762 88 54
1134 582 60 68
78 478 82 88
754 114 66 74
1126 346 54 72
1346 920 74 48
700 556 60 58
1232 390 82 44
1556 566 66 56
1570 290 84 50
1582 800 70 80
624 24 100 64
1674 628 76 62
672 494 58 62
844 674 58 74
1702 312 62 62
626 90 86 60
1250 112 68 42
1684 694 68 56
1066 872 54 72
298 444 84 52
282 800 94 64
1326 166 54 58
928 338 68 50
220 76 102 60
1664 544 74 62
458 68 82 48
410 614 72 46
1216 826 68 56
628 754 72 54
1224 352 66 46
1294 642 60 56
496 162 68 72
132 722 102 54
1462 260 50 76
536 310 68 68
1510 296 64 46
668 198 60 64
998 956 74 60
1154 328 58 54
630 540 56 52
704 242 64 54
332 546 80 46
1236 474 66 42
222 722 86 44
820 636 68 46
968 500 70 46
754 648 66 46
1592 24 72 48
1256 158 76 54
1096 146 68 50
774 1004 76 52
1494 436 88 36
206 772 90 50
234 852 90 62
1292 498 66 58
1410 88 86 46
756 418 64 66
1412 930 62 72
278 586 58 74
1576 532 70 44
112 898 94 68
1646 950 58 62
412 670 88 40
162 80 84 64
686 616 68 54
1658 24 74 76
1602 454 78 34
110 596 92 46
1220 574 46 62
676 716 54 56
130 848 112 56
806 382 54 48
1634 404 72 42
470 122 78 58
504 604 68 52
518 568 70 40
1710 410 62 52
1590 488 68 48
44 118 88 70
532 200 68 54
1162 868 46 68
1236 74 58 46
536 386 60 78
1218 516 42 64
1664 466 76 54
1640 860 106 50
1216 752 48 58
1730 898 58 76
1110 1004 52 56
464 558 80 38
1736 358 72 44
1710 520 70 48
76 954 82 66
1092 104 80 46
1376 28 68 44
1552 86 84 70
18 44 68 46
1824 508 76 76
406 980 74 66
548 782 64 68
490 28 90 56
1282 30 76 44
1338 68 78 54
1194 60 46 70
1174 610 46 64
296 496 82 40
816 440 56 48
44 870 94 72
730 616 78 50
64 684 84 56
326 592 74 46
1712 10 92 78
1124 74 70 50
1298 924 62 42
1080 938 82 56
58 316 112 80
1300 538 68 36
1156 682 48 58
1708 1000 64 58
60 766 118 62
