378 688 86 66
1022 608 70 62
702 350 70 64
366 134 88 62
778 184 70 60
1404 220 76 60
754 658 76 52
908 830 62 66
192 716 78 74
1660 180 74 46
874 746 76 58
388 480 76 60
894 588 58 80
1254 218 54 90
242 924 96 68
1340 580 72 66
1476 798 88 46
738 88 72 60
1566 862 74 48
1018 368 72 44
1682 596 66 60
974 490 70 52
828 676 66 74
1080 818 62 54
166 610 72 82
958 554 80 46
828 586 56 82
132 66 110 66
638 612 90 56
1684 348 94 54
632 378 64 66
894 164 76 46
616 248 78 52
916 418 58 66
1024 296 74 54
1572 624 72 48
1060 422 72 46
1542 568 80 44
1156 600 54 68
946 222 58 52
1244 664 80 38
464 658 86 48
780 840 80 62
700 856 74 50
1578 396 68 58
104 534 106 64
790 352 68 68
278 554 90 52
92 610 84 72
920 964 66 60
506 692 94 56
664 508 58 80
844 324 66 62
638 90 62 66
774 524 78 52
1314 902 70 58
1372 506 82 50
98 768 82 54
66 954 88 64
614 160 68 58
1086 282 78 62
1678 510 76 50
962 404 54 66
54 234 96 48
1086 172 54 70
1042 916 64 58
1366 814 78 58
902 358 80 42
700 168 80 50
776 418 62 62
1508 480 60 72
1328 216 52 80
830 952 86 54
1224 416 94 38
912 82 62 68
1386 910 66 64
904 282 52 64
1380 60 64 48
728 568 54 58
1564 680 66 48
502 462 68 72
1602 754 84 52
476 180 82 78
36 488 76 48
792 272 52 74
168 830 86 76
814 474 60 58
968 162 70 64
372 224 92 56
222 8 80 88
518 354 76 46
1550 338 74 44
1722 98 68 60
1516 278 60 58
474 258 72 64
60 866 94 52
366 868 82 66
1434 886 86 54
222 762 94 54
1402 334 90 60
1714 620 92 88
740 286 74 50
1570 268 60 64
690 482 68 42
354 948 78 78
1552 20 90 48
1530 110 56 54
1106 742 68 56
510 948 66 76
412 368 88 52
1084 130 56 42
1240 100 66 52
1028 86 62 60
1174 330 40 70
862 60 62 56
48 122 86 68
1474 128 74 44
326 4 76 72
110 268 84 60
1464 184 64 62
1696 418 78 52
620 756 46 80
292 828 96 72
622 478 68 46
926 28 86 62
1220 830 72 54
1528 204 90 54
68 690 80 60
686 20 76 64
850 272 58 56
30 288 86 38
1662 820 96 62
608 32 46 64
1222 476 44 64
438 324 74 42
1638 998 72 54
1082 28 44 70
1586 958 72 50
916 122 48 26
132 330 94 52
1168 150 46 54
530 44 66 66
56 420 88 50
624 830 62 48
978 988 84 44
1466 398 94 74
56 326 70 56
540 188 62 56
1634 150 66 40
1736 462 72 44
16 766 86 52
1740 816 54 62
1838 498 62 58
638 18 58 44
230 60 70 28
1242 940 68 52
