854 126 112 82
982 642 60 118
1496 648 90 112
926 64 98 102
1590 688 94 98
1652 642 132 90
154 234 102 110
828 204 70 118
322 50 118 80
1044 466 80 98
880 906 78 96
628 678 148 74
280 198 108 86
1504 484 108 84
1626 464 90 102
1536 786 72 110
1692 262 98 102
1230 342 140 72
300 572 142 78
1236 746 94 88
1364 816 88 98
1052 918 110 84
608 626 134 68
1710 144 92 102
812 686 116 74
290 482 92 100
1344 584 82 98
1062 602 120 82
26 288 112 98
1516 304 142 76
1084 532 96 84
1400 732 78 100
1344 168 88 98
224 444 80 102
956 456 102 100
844 424 96 98
758 708 70 116
996 402 124 76
718 184 114 84
1638 332 88 104
1004 838 134 80
1240 406 114 84
1358 272 106 88
1610 204 114 86
1254 134 96 104
1012 752 106 92
1464 756 78 102
1044 304 84 104
42 216 128 80
614 90 136 78
1396 526 88 92
1366 662 126 82
1408 474 116 78
972 296 90 92
586 548 104 110
650 500 82 112
1302 868 70 112
1478 908 98 92
1316 22 126 66
1252 266 110 82
1620 920 96 94
1252 48 102 92
790 392 100 94
1228 20 62 96
1126 60 94 56
764 260 80 106
1124 212 78 106
1046 82 106 104
1582 142 86 104
1110 834 102 86
244 896 68 120
1240 674 100 82
1706 412 136 92
712 564 80 110
1362 894 68 114
950 536 74 118
652 16 82 80
1392 364 140 78
1088 728 66 112
998 210 78 110
878 304 104 82
596 242 92 96
1018 168 88 78
1510 562 92 88
44 960 100 78
1120 308 88 92
1258 496 122 68
868 580 82 84
382 224 90 94
298 96 82 108
308 288 114 84
424 852 102 76
442 570 128 60
1226 896 100 98
616 740 146 78
1130 764 84 84
500 268 80 90
96 436 116 88
1674 514 138 80
286 328 104 102
800 60 82 64
1068 198 66 122
642 848 156 76
904 370 126 74
850 510 116 80
492 12 90 80
720 60 72 66
1688 60 184 78
628 804 126 82
672 332 68 120
332 648 122 80
418 290 98 110
1532 174 66 124
392 496 112 82
1234 608 128 80
670 250 76 102
1362 956 154 82
26 686 114 64
732 320 80 112
1434 160 94 92
1452 576 86 90
1404 66 146 96
12 120 112 70
428 776 108 88
456 208 128 84
298 0 136 66
1572 60 88 98
664 918 104 88
90 28 132 100
484 692 110 98
1684 822 116 82
444 90 122 70
4 850 116 86
412 720 98 90
814 958 92 88
0 598 96 100
626 170 88 84
480 350 100 98
322 712 114 80
1448 202 116 86
404 148 110 86
36 780 124 102
184 806 134 84
148 658 104 92
1020 22 108 52
122 750 166 68
400 582 48 76
484 156 94 70
510 804 76 116
590 370 68 76
1744 874 86 82
508 60 70 46
6 0 112 96
790 486 70 120
