1630 242 130 60
714 258 58 38
1694 374 80 52
1494 112 58 58
1470 284 76 40
78 378 62 50
1650 340 94 52
124 726 72 34
1398 214 66 60
1558 448 84 34
1284 246 52 42
1398 854 66 40
300 538 52 42
1428 98 50 58
1596 140 98 60
310 972 58 42
1414 756 54 44
122 1002 84 40
632 316 58 36
878 704 36 38
1010 264 52 44
256 920 54 42
414 234 58 36
90 910 64 44
948 728 46 32
964 558 42 36
694 776 46 34
400 188 64 46
488 646 74 36
1046 582 44 34
948 666 44 32
800 602 30 34
762 706 48 28
616 812 38 38
1022 672 38 38
732 658 36 34
1338 744 56 38
1190 762 48 30
932 628 52 28
770 500 36 40
704 886 36 42
590 86 68 62
1094 794 32 46
796 664 46 34
1652 704 80 50
1816 484 64 44
720 388 40 52
598 870 30 40
1558 876 58 38
594 380 66 36
708 712 34 42
1282 704 40 54
1646 550 80 40
1546 972 44 44
858 398 32 46
1470 578 44 48
612 440 56 36
1054 698 40 38
458 592 56 36
818 378 38 38
1262 132 44 58
366 858 50 40
962 28 50 56
1024 488 46 34
1238 468 48 42
1050 936 56 42
170 196 64 38
86 524 70 46
660 562 36 38
874 560 48 32
74 600 70 30
1644 482 68 34
606 168 48 58
800 430 26 42
588 534 34 46
1098 490 42 34
1062 152 50 44
1054 110 60 36
1506 808 50 48
1114 622 34 44
688 60 46 52
850 522 44 30
812 554 46 28
606 122 50 20
836 464 46 32
1192 882 56 46
1704 486 56 50
744 564 52 30
1654 514 80 38
1676 438 86 30
410 430 56 34
304 818 54 40
832 790 50 28
1124 268 34 38
1588 676 40 34
584 268 64 36
738 472 30 46
1306 776 54 40
956 62 50 18
92 852 48 46
1116 332 40 48
706 472 34 48
674 628 56 26
586 962 36 40
874 1000 40 36
728 50 58 52
708 814 48 30
836 736 36 38
1100 696 40 36
1630 632 80 36
1064 842 32 42
1196 120 58 44
696 844 50 28
456 680 66 34
662 538 40 32
590 720 58 44
168 536 70 44
1230 518 44 32
604 780 38 34
762 476 32 44
1638 748 92 40
1666 856 52 38
1188 362 36 42
868 356 38 38
76 798 62 42
278 846 54 48
1790 782 82 62
970 904 32 44
894 346 32 44
882 746 36 40
114 208 66 38
46 290 58 38
1252 942 34 38
1652 788 56 46
514 966 40 54
1180 194 28 40
1170 748 30 36
606 764 48 32
1210 168 46 28
966 996 46 30
588 62 44 18
536 366 34 38
1086 748 42 28
118 246 52 40
20 372 52 50
1800 898 62 46
168 240 56 36
74 238 54 46
792 990 42 30
1658 662 76 38
1102 208 40 42
1106 860 42 36
152 274 48 42
760 522 36 36
1042 1010 44 34
1136 520 32 44
1154 592 44 32
1136 926 38 38
1156 710 40 34
1668 902 40 36
1182 994 58 38
804 410 24 38
578 10 52 62
