1228 156 122 70
1106 494 112 66
1568 374 122 50
1350 268 96 96
160 90 86 100
1238 438 114 58
1372 166 80 110
1226 366 120 68
1068 182 114 72
1054 430 122 70
940 318 94 106
1004 822 106 82
1500 214 86 102
620 650 104 86
980 720 98 118
994 464 88 82
1234 492 102 64
938 534 104 62
1146 570 66 116
256 592 136 74
216 222 80 110
966 938 116 80
400 208 120 80
886 478 98 76
396 330 122 68
1540 626 106 74
652 390 96 74
744 144 96 72
748 508 108 60
1026 88 82 82
842 536 106 72
216 908 70 104
908 120 100 82
1222 868 92 64
18 114 104 72
1212 208 108 98
848 398 114 80
308 232 138 68
750 822 100 92
786 234 112 86
1014 650 98 72
1146 298 68 106
744 290 112 82
284 934 108 88
600 92 98 84
702 556 114 78
1022 544 76 98
1374 738 78 100
818 596 82 98
706 630 94 96
998 18 86 48
1562 800 94 86
1720 440 94 68
1504 900 90 76
1566 314 116 58
1230 692 118 56
672 302 96 88
1048 706 90 78
1622 120 138 52
770 364 92 92
1426 780 84 94
858 792 90 92
800 14 108 80
824 158 78 100
1072 862 112 80
478 474 102 90
1420 434 94 82
1216 318 86 88
1478 840 86 88
1482 66 132 68
1662 220 74 108
348 106 76 100
1322 534 118 78
1320 670 76 78
350 294 102 82
1088 606 80 100
436 382 138 66
620 580 90 82
618 768 124 78
744 82 102 68
1680 148 100 84
370 532 74 108
400 42 122 80
1222 604 84 96
1128 768 84 84
1112 22 108 62
474 92 112 84
1490 762 94 96
1488 502 106 84
286 648 102 86
108 788 112 78
686 220 94 70
306 470 96 92
614 834 134 76
640 18 110 80
1570 916 74 94
1038 340 102 74
434 536 134 80
418 734 94 94
972 588 66 118
1552 454 86 60
1642 18 108 80
1638 602 100 76
74 870 136 100
404 838 100 74
1168 204 50 102
1284 50 98 98
256 502 84 96
1652 536 64 78
1362 914 94 98
1502 124 110 102
640 206 66 82
1642 450 80 88
1386 360 102 88
1712 564 118 64
50 692 86 62
1724 870 94 84
1224 938 132 70
662 150 86 74
900 60 92 62
66 184 134 82
1708 60 110 62
1228 742 96 76
1598 682 76 94
814 120 108 52
1738 110 114 82
1450 18 90 82
1740 504 94 60
1436 632 112 86
744 450 98 54
1670 798 124 78
400 96 36 104
148 416 108 86
1068 62 96 78
1088 354 102 72
476 700 106 90
196 0 136 72
1574 222 86 92
28 272 86 100
472 832 104 84
1654 682 78 102
30 414 98 54
1386 26 86 46
450 894 108 64
1212 34 92 104
292 730 98 122
1672 362 112 76
710 42 80 88
496 972 80 88
1582 520 84 90
1714 678 84 104
606 470 106 64
596 250 56 100
596 180 52 60
0 166 90 86
1206 760 64 100
