1058 214 132 76
830 522 100 80
1454 220 128 76
882 714 86 94
1272 190 92 60
988 514 82 112
800 18 118 64
1424 118 94 100
746 240 124 78
634 534 116 72
772 124 106 76
1098 776 114 68
958 796 108 72
1144 588 66 102
1098 834 118 80
718 182 108 80
890 462 116 90
968 230 88 90
996 436 126 68
270 344 134 66
1340 192 68 102
664 376 110 78
1422 486 128 74
1038 714 118 68
1110 304 82 106
618 772 92 78
1248 632 124 82
1044 500 90 106
1518 654 82 104
920 678 116 70
216 638 120 64
684 728 84 104
622 714 72 66
800 630 98 92
1348 662 122 72
1140 488 78 102
800 782 48 108
62 784 118 86
320 834 110 90
1274 290 78 82
790 306 134 84
1628 414 98 90
1632 624 116 78
1708 350 146 66
450 286 112 66
914 356 142 72
880 384 62 118
1596 248 116 66
1032 608 104 76
872 856 78 112
286 0 90 60
1570 116 118 84
0 520 114 82
290 194 136 78
224 534 90 104
262 712 90 106
1338 278 80 104
144 710 112 86
1538 606 104 76
1354 434 154 82
1400 274 82 118
1092 60 88 58
1210 316 90 86
912 574 120 82
44 688 96 66
1222 870 90 100
154 292 94 60
18 112 106 76
664 822 106 86
316 658 104 90
1288 110 102 80
750 586 74 84
124 514 138 84
1234 60 92 68
1298 354 90 94
818 396 58 130
1008 836 84 112
1608 552 132 80
394 464 98 56
734 504 98 86
1578 304 128 82
1440 598 104 86
368 764 96 92
1550 870 104 52
168 786 170 80
400 344 176 84
1488 800 100 86
484 842 100 88
1374 18 96 84
622 888 128 82
320 474 92 98
230 72 86 104
1392 952 88 96
290 282 132 74
1572 512 70 106
500 904 98 86
646 666 110 70
432 574 118 70
24 60 110 48
346 596 110 74
692 584 82 100
1498 972 94 82
448 494 80 90
616 390 82 80
1518 516 86 94
34 858 112 86
504 126 86 70
400 256 80 82
1582 46 118 70
488 192 84 96
458 60 88 104
204 226 88 88
1678 840 94 52
0 800 68 86
1728 64 84 108
18 592 150 56
132 610 120 76
594 60 62 60
456 632 106 82
358 122 100 76
1638 14 112 82
460 724 68 102
410 672 70 118
40 410 86 64
1556 800 118 74
1724 498 88 96
168 120 88 106
1664 152 112 100
328 52 68 134
82 474 82 102
1714 696 110 70
518 736 78 74
238 12 104 98
1754 830 64 70
124 270 78 76
374 916 128 78
1702 290 90 98
42 956 108 80
182 950 96 100
454 120 50 60
1740 410 96 104
220 444 86 102
