1022 160 44 36
146 538 36 42
340 214 38 34
162 692 38 34
1532 190 42 34
706 272 36 40
1092 248 36 40
1590 170 36 42
718 386 32 44
680 608 30 40
1038 206 34 42
1050 468 38 40
1192 228 32 44
1048 592 34 38
594 282 40 32
170 728 40 34
696 100 36 36
1326 68 44 32
618 440 42 42
1208 184 30 44
140 504 48 30
612 106 38 36
1632 86 38 36
1120 538 34 38
1060 132 40 34
1188 92 36 40
464 862 34 36
632 394 50 26
606 542 46 32
1058 934 36 36
114 628 38 30
986 930 28 52
586 512 40 32
1054 706 38 34
106 664 36 34
1206 490 32 40
1072 508 46 28
1688 240 56 36
140 690 40 30
652 544 42 28
1106 416 46 38
604 428 36 30
1688 154 72 36
1194 442 40 36
1034 882 34 42
1176 680 40 32
1110 226 44 36
1606 122 34 34
320 906 74 38
602 578 42 34
114 444 36 32
138 802 50 28
1034 180 38 36
118 678 46 32
1068 104 36 36
596 64 36 34
1592 400 34 50
602 636 42 28
496 822 36 40
902 982 36 32
1132 4 34 34
360 832 50 28
1096 122 50 18
1182 502 36 38
692 962 38 38
1088 228 44 30
1180 738 44 30
1120 112 34 34
122 518 40 30
1706 186 38 38
1044 228 36 32
640 870 28 42
474 922 48 24
602 150 54 74
604 830 46 32
1130 258 38 32
