1510 674 100 60
1160 598 54 72
728 304 84 68
1554 570 88 52
1338 590 78 68
358 516 108 60
906 854 76 60
468 320 76 78
304 296 98 68
1440 914 72 64
890 300 90 60
1512 102 70 78
1344 516 76 64
1034 288 76 68
1432 586 78 58
780 826 74 58
1640 652 86 44
892 520 86 46
210 184 116 56
634 336 72 80
698 370 60 74
1528 208 76 52
1108 226 92 62
852 272 60 70
756 658 62 70
1658 806 80 76
364 464 94 52
816 152 80 62
898 762 62 72
958 382 56 76
1604 190 80 74
846 478 84 54
848 380 84 54
160 572 98 66
1098 538 70 50
1040 604 70 56
1520 286 66 68
962 458 76 48
1010 666 56 86
1652 398 82 58
1474 426 82 48
744 596 96 44
1426 486 78 64
1022 944 84 62
1524 16 72 72
1066 464 88 52
796 246 58 72
278 76 98 62
1022 152 68 74
870 588 82 42
1458 18 72 76
1230 286 92 52
962 688 70 60
1234 664 76 50
1150 480 52 80
1000 370 56 76
1312 676 56 70
1088 172 78 62
1226 734 80 48
1372 64 76 66
1494 488 88 50
1010 794 68 46
264 668 96 72
226 430 84 70
224 342 92 68
1248 396 70 40
810 716 60 70
1226 198 66 68
1102 348 64 68
1340 970 58 82
286 736 88 56
624 98 84 72
1236 94 88 52
872 674 56 64
218 294 94 50
642 638 84 56
1532 744 76 54
1594 130 94 48
1366 724 74 58
1344 358 78 46
1006 898 74 40
1700 728 80 50
1068 758 70 46
964 46 64 64
1116 324 76 38
1068 666 80 56
716 740 48 78
1236 348 74 42
1602 742 72 54
1296 916 86 50
258 588 82 76
1124 774 64 56
538 658 64 76
108 644 118 58
62 256 96 78
874 630 78 40
498 110 80 60
1218 872 42 86
612 22 118 68
1658 18 84 66
790 942 62 52
890 946 50 66
492 758 60 76
1412 326 62 52
776 436 80 54
1222 544 68 52
1242 446 70 42
414 22 92 76
1040 108 70 52
114 712 94 84
758 504 58 60
1692 342 70 60
360 136 94 50
828 668 52 58
1156 868 54 70
992 846 74 42
1164 42 46 82
210 766 80 76
212 236 76 68
810 522 66 66
380 836 72 84
172 922 112 50
286 520 86 92
486 40 80 62
424 786 80 70
538 748 68 68
146 316 92 70
686 548 88 42
844 20 80 64
656 780 74 62
1570 298 72 74
1102 592 56 64
442 210 76 62
226 512 74 58
1720 592 80 54
838 954 56 72
300 804 92 58
1384 456 54 66
1644 280 102 62
44 124 88 64
1680 156 64 78
1528 906 74 46
516 208 88 64
430 150 64 64
66 952 88 64
608 152 48 88
386 750 76 52
674 496 76 40
524 290 72 62
672 694 82 48
186 824 82 78
1732 162 72 56
300 970 76 84
1234 992 96 68
1018 54 66 54
1726 96 82 46
308 440 110 46
176 974 90 62
1704 428 104 66
634 744 50 82
1708 776 68 52
86 484 94 72
1088 954 72 58
46 412 94 54
730 196 82 94
168 126 82 64
1748 216 60 50
110 902 98 54
12 10 108 84
1726 20 58 58
20 60 168 62
1188 750 54 80
1690 254 66 70
1838 614 60 72
48 870 84 64
42 314 60 66
636 920 96 58
402 194 54 72
504 952 70 78
1702 886 84 64
560 868 62 60
