818 534 64 38
1000 328 58 50
418 328 70 38
438 212 76 44
676 556 78 34
1088 378 62 40
248 204 74 40
1218 552 58 54
744 302 60 38
1402 636 58 38
1412 202 78 36
238 256 66 42
200 736 54 52
1536 596 56 56
878 376 54 42
1430 56 56 50
1412 714 58 44
1382 148 68 36
1284 68 64 46
922 158 50 56
1020 436 56 44
1538 712 58 56
1518 442 54 48
1620 346 66 42
1624 600 56 40
970 404 40 64
462 86 74 38
692 972 54 46
1198 352 44 66
1350 516 46 50
1274 432 56 48
1612 780 56 48
646 584 60 38
716 708 56 44
1454 990 48 54
914 550 44 50
146 900 70 40
1106 536 50 50
166 662 56 44
892 636 42 50
1234 650 50 40
682 608 56 38
990 608 38 54
232 508 86 36
1188 104 58 44
730 896 74 40
1612 518 68 40
1652 292 64 40
984 816 40 56
1688 784 56 58
1184 528 52 46
1228 700 56 48
1092 610 52 44
98 116 82 52
320 408 74 40
74 258 94 38
1064 872 46 52
1296 794 44 56
382 642 66 34
638 134 54 50
1176 262 56 46
1442 110 66 36
970 170 66 40
1784 742 72 54
918 740 42 50
1798 864 80 52
58 884 66 40
1196 758 50 50
1480 828 66 38
1484 562 68 34
962 922 54 46
22 156 76 66
1696 134 58 52
1204 426 54 36
258 544 82 36
1290 390 54 38
1626 716 62 48
1524 908 52 36
1608 216 72 38
1098 832 46 44
1364 902 44 60
590 166 62 44
800 370 32 34
1480 532 60 34
1182 684 48 46
1214 474 52 46
584 420 62 44
1022 798 60 42
1778 800 82 46
50 300 80 36
120 948 88 42
446 866 64 42
22 334 82 40
1512 276 74 34
748 360 52 42
1434 850 60 50
940 938 46 52
1056 226 54 58
1726 356 54 54
1604 416 66 34
1070 94 70 60
476 826 56 40
376 970 56 38
1592 100 76 38
816 810 48 28
32 638 86 48
1412 546 72 34
1474 718 40 48
1600 856 52 40
678 736 56 36
718 802 40 50
592 126 66 44
1644 984 50 60
1198 900 44 52
1534 58 68 38
1612 148 60 40
1564 0 60 48
130 772 56 38
802 834 50 44
1642 176 62 40
386 710 50 48
1384 1006 46 48
842 978 60 32
1358 790 42 58
1186 956 36 36
1460 278 64 42
1100 186 54 56
586 874 66 42
1246 390 42 50
1704 658 50 56
1562 292 46 48
348 464 60 38
434 906 46 56
1558 828 48 38
652 864 66 36
1682 210 82 64
468 930 48 50
1264 994 54 42
1242 960 32 42
1542 862 54 44
1612 120 78 32
1094 694 44 32
1312 920 36 40
48 708 70 44
1772 670 64 46
126 620 56 42
1722 464 46 40
1666 514 52 44
1224 992 32 42
1480 98 68 38
