1416 234 114 76
1622 174 68 118
1044 560 78 76
1068 354 100 58
276 0 80 112
952 274 106 64
604 262 140 70
1292 798 90 82
1364 318 92 72
1078 750 114 78
1078 878 68 98
1052 172 106 68
306 788 118 66
1036 448 110 60
1296 484 116 66
1228 452 84 86
946 664 84 94
1706 570 104 78
984 380 82 92
1708 222 136 74
468 150 98 84
842 892 142 76
1242 162 112 104
908 282 72 110
1522 318 146 68
1064 234 90 94
742 60 98 60
946 524 60 122
876 96 98 90
1092 60 86 92
936 20 110 64
1460 822 130 68
230 90 96 94
938 152 60 132
800 594 84 96
1556 500 78 104
754 578 64 106
224 688 104 92
900 808 98 86
1336 676 148 72
480 230 94 100
1434 120 102 80
1702 348 118 74
632 54 92 92
692 494 88 94
818 476 78 118
358 628 108 86
1052 382 70 76
98 12 114 98
110 108 118 84
1484 58 128 74
974 200 100 76
670 886 112 78
1208 738 112 84
212 818 108 102
66 174 118 94
606 854 84 72
996 620 104 56
400 118 90 80
1452 584 90 96
880 506 70 104
1292 548 136 78
636 554 76 102
686 382 110 60
1158 482 56 100
412 778 94 102
592 450 102 80
612 658 86 96
68 278 158 78
986 888 98 84
204 182 112 88
652 140 78 96
1616 668 194 66
1730 26 144 86
266 596 108 86
406 236 92 100
440 444 92 94
196 900 184 82
1640 460 170 64
114 706 142 72
454 82 90 78
332 300 128 76
322 176 124 98
62 476 118 86
1748 102 82 108
1436 768 90 90
206 460 114 78
1010 668 70 92
8 110 108 80
252 244 132 78
1146 592 68 68
736 424 98 88
382 896 130 72
324 514 104 88
1450 312 86 96
592 156 74 90
156 410 88 96
292 450 128 74
156 518 108 98
1724 704 102 104
436 324 118 58
606 780 92 80
266 528 82 68
24 774 106 82
642 334 86 98
1146 940 64 86
1212 314 56 104
1168 60 50 68
490 518 106 54
1644 752 138 92
330 840 96 92
424 542 98 92
400 184 40 82
30 402 90 72
484 630 118 64
1514 590 118 78
0 0 74 54
28 678 110 78
114 956 150 70
1652 896 124 102
0 172 60 140
0 536 42 82
1160 140 62 68
108 640 138 82
528 60 70 70
1672 518 110 74
