1230 830 64 50
874 410 62 48
940 492 60 44
848 270 50 52
1064 392 58 54
758 202 46 62
814 708 48 66
940 732 52 46
1024 704 44 62
156 934 52 60
852 796 52 44
602 704 70 48
934 788 58 36
690 44 64 48
304 734 54 60
240 284 48 58
694 112 56 54
1084 658 48 58
870 838 48 56
806 194 70 44
656 134 58 54
288 298 62 54
102 778 74 42
582 172 104 60
658 774 52 56
200 240 46 52
432 946 54 50
84 918 76 42
1044 768 60 38
324 582 68 38
668 904 46 50
764 32 60 52
980 866 50 38
712 990 54 48
224 742 54 48
16 154 78 68
32 444 82 54
358 820 52 38
814 144 64 40
238 652 60 38
844 104 58 34
254 702 48 50
738 864 44 60
802 40 26 42
920 930 60 44
1036 810 48 54
376 526 84 34
338 1014 60 42
112 1008 88 38
400 816 20 42
176 570 40 34
466 962 52 48
298 108 76 36
1082 798 42 56
186 296 66 48
1788 744 80 46
300 546 76 34
462 852 50 46
1056 894 68 56
800 102 20 46
244 968 58 44
176 784 52 54
530 830 38 40
38 836 60 44
158 736 56 44
84 542 76 34
308 60 70 46
314 934 50 40
974 906 38 34
416 866 40 34
