930 250 82 114
822 40 74 116
644 190 110 88
764 110 72 116
388 790 76 108
874 844 82 108
1028 152 94 102
1428 522 88 110
974 56 106 96
1354 452 140 66
760 814 110 86
1578 616 130 66
932 746 90 106
1230 386 114 72
1346 22 114 64
880 20 86 102
1240 98 98 80
1044 810 100 84
1024 472 100 88
312 664 126 82
916 162 106 84
1042 714 108 64
642 540 82 106
322 302 106 94
800 660 82 82
1104 510 120 80
1344 340 74 116
402 554 100 86
1348 246 80 110
1468 296 112 78
1062 240 90 100
1026 344 90 94
468 622 122 72
20 294 108 92
924 412 120 78
974 886 74 108
630 86 78 114
664 498 116 76
1218 320 84 90
1358 654 100 68
1686 528 96 72
1114 308 94 92
1606 538 92 86
1564 344 116 74
866 674 90 94
1308 728 104 68
124 566 140 80
1054 926 82 92
1586 184 94 94
822 742 80 106
1426 792 76 106
682 626 94 110
1496 838 84 114
842 542 72 108
902 536 142 70
208 506 86 90
1460 216 110 78
294 522 108 92
270 874 108 86
492 234 68 114
726 352 68 120
1242 178 84 84
462 338 98 90
1520 518 122 80
162 4 114 92
1392 120 70 100
300 444 116 80
146 432 118 74
1642 672 90 92
1476 592 130 84
610 816 96 92
450 942 106 92
802 248 108 82
808 120 96 34
422 108 110 100
586 324 146 78
1272 794 88 90
418 472 106 84
1224 448 110 94
92 172 130 90
164 626 120 78
1124 236 88 84
916 598 120 78
162 92 74 114
1516 138 94 80
172 884 102 84
1672 790 82 106
260 0 94 86
852 388 88 98
92 232 116 80
132 314 78 94
336 256 154 76
290 144 130 72
866 320 126 86
1230 896 102 76
1112 60 92 76
1228 700 118 74
1074 602 128 80
46 564 96 106
1312 152 64 128
1554 714 118 82
1604 112 100 88
1424 670 104 84
1526 418 106 100
1456 380 142 86
800 508 84 86
52 0 132 48
600 716 82 70
270 202 106 92
486 40 76 106
1048 60 74 74
658 26 122 82
680 868 78 108
350 192 132 72
1368 936 142 80
590 254 64 98
28 684 108 80
1662 394 100 104
266 944 116 82
1470 22 108 86
584 132 68 90
0 520 60 82
582 60 104 64
152 704 110 104
36 964 110 74
504 736 82 80
790 310 76 96
0 206 100 92
604 632 68 60
764 10 88 100
0 826 58 96
8 100 106 94
1544 60 116 68
50 836 106 98
1766 510 92 82
1710 446 100 90
478 684 116 60
792 366 64 124
1722 948 108 52
518 842 78 106
34 60 126 60
1050 636 84 82
280 364 104 86
216 120 118 80
1430 128 92 106
834 940 82 102
648 964 102 94
1562 800 104 84
308 728 104 94
1300 918 90 94
120 780 134 64
1136 834 72 114
140 826 122 78
660 382 74 102
