1466 436 58 74
870 324 74 58
750 334 56 70
770 84 84 62
1578 510 66 74
1048 650 56 70
1306 288 76 56
1548 214 98 52
842 372 58 78
1662 216 74 80
848 684 56 82
1028 732 76 42
1060 230 58 76
1190 692 78 46
364 770 62 50
1414 604 52 66
610 248 74 94
1050 122 80 50
1508 326 58 68
1018 350 56 68
1676 512 94 38
1638 434 72 58
1072 392 52 60
288 662 62 46
964 866 66 50
1554 432 78 44
1302 698 64 52
650 766 62 64
760 868 74 40
478 264 60 78
1340 558 56 56
1646 744 78 58
1260 204 60 90
416 296 64 62
974 800 64 50
406 878 62 54
1108 646 44 86
1540 796 84 44
260 982 72 56
1408 206 66 70
884 608 72 44
1398 790 68 42
824 902 54 58
296 178 78 70
654 606 72 52
434 364 70 44
1222 194 66 74
304 0 64 50
1482 50 78 64
1034 466 80 38
918 452 60 50
1550 688 64 62
924 688 52 74
942 508 70 42
1412 148 72 52
1068 792 56 64
458 170 66 60
1040 936 68 58
1238 490 46 56
860 24 76 62
226 326 74 38
772 448 70 50
574 80 92 66
1300 352 102 50
366 658 80 38
962 436 60 54
710 776 52 54
606 642 52 58
1210 916 66 52
382 822 66 46
808 336 48 68
1058 514 60 48
378 92 98 58
72 886 78 74
1650 862 102 48
1364 620 54 62
1170 386 52 70
1130 84 42 86
496 786 58 62
1350 740 76 38
1614 568 54 60
758 646 52 70
1312 902 62 56
1634 658 66 52
436 412 74 48
810 492 60 40
702 684 56 66
1530 130 60 50
48 564 68 68
576 338 48 62
1102 910 50 84
852 536 70 48
440 932 72 54
1366 490 72 46
224 718 72 62
738 544 56 52
1568 852 70 66
1566 926 82 48
1566 338 54 66
920 536 52 60
650 520 50 62
278 396 64 58
622 460 78 40
1400 0 60 54
360 706 64 44
1582 152 80 54
1390 84 96 54
1578 2 74 94
592 784 58 50
106 524 80 44
1274 512 68 48
728 10 74 58
1178 90 44 80
18 156 82 68
252 84 82 58
888 658 56 50
296 478 66 36
1132 374 38 76
1028 982 72 56
174 824 72 62
580 970 48 84
566 192 70 52
1118 192 48 50
1530 988 76 46
728 482 64 40
1216 128 72 56
400 550 36 40
1684 578 84 46
868 488 64 46
1742 244 66 72
16 794 86 44
1698 418 66 56
1496 176 70 54
276 892 90 48
256 912 64 46
516 886 54 68
448 612 60 46
1362 856 60 46
1596 346 82 60
1152 844 58 46
246 134 72 48
1716 662 56 46
1638 962 84 74
38 454 72 44
800 122 52 22
1204 180 68 44
50 720 78 48
