924 124 80 80
1042 260 64 70
924 216 76 66
1098 74 64 82
706 290 72 70
938 368 66 70
836 372 90 52
914 588 74 82
1552 910 110 58
632 332 86 58
998 654 80 56
1314 220 66 76
908 22 78 84
1516 820 106 66
1224 344 78 62
946 844 92 62
788 24 98 62
1288 564 90 56
1398 894 88 76
726 216 62 82
624 386 104 60
670 196 72 72
802 892 92 66
954 518 68 90
766 590 62 62
336 858 122 58
246 704 124 54
1076 432 90 44
1562 222 94 56
1070 318 68 72
1468 160 108 62
412 720 72 82
796 622 70 78
1004 546 60 92
306 206 126 64
480 334 82 98
482 652 110 60
968 422 66 92
862 968 72 86
1620 854 96 72
1084 488 68 72
428 466 96 54
1356 274 80 58
656 126 94 64
1100 640 94 54
1640 78 110 82
708 680 80 52
1498 666 84 66
368 298 94 60
1276 628 84 54
1504 310 84 76
700 776 68 74
1546 498 72 84
1428 210 74 72
942 920 64 68
746 404 88 54
1162 210 50 88
1320 92 62 78
1466 406 122 52
1426 636 76 64
1084 162 82 54
1622 576 96 52
374 144 96 68
1278 814 66 80
728 958 94 62
654 868 84 68
1552 636 92 52
1416 78 98 68
832 774 66 80
1288 754 88 64
1092 906 62 70
766 502 60 68
1646 656 68 72
650 464 72 58
488 518 68 78
1600 466 74 68
1028 442 64 78
1246 92 82 46
176 840 110 62
366 652 110 68
1018 756 92 64
792 838 82 52
1696 806 92 72
1074 722 86 54
104 170 120 62
1232 926 96 54
964 26 94 48
648 46 72 94
420 56 84 78
316 454 90 62
468 740 88 60
1132 744 64 100
1244 676 82 56
1254 134 78 56
644 698 82 48
1474 724 48 70
226 244 98 58
1650 478 144 52
842 428 60 68
510 64 80 70
1240 470 82 76
622 522 90 40
1096 216 74 52
1696 216 112 88
54 760 100 88
1600 20 94 44
1224 210 52 76
1016 900 86 66
672 740 74 46
1262 26 78 42
650 978 76 70
188 338 112 64
520 758 64 86
232 120 96 102
650 612 82 66
740 464 54 56
1358 56 82 60
186 0 92 62
186 46 74 90
1140 504 74 54
1570 282 108 58
304 60 102 38
134 640 96 66
20 302 168 58
278 758 100 82
406 944 62 92
1100 364 68 58
400 514 44 74
454 120 72 80
626 570 82 48
98 0 100 46
700 552 84 56
598 62 56 78
610 810 56 66
818 498 80 48
1426 712 58 84
238 304 98 62
602 240 50 76
450 944 84 76
632 916 78 56
16 0 98 88
92 118 136 62
140 762 108 70
1708 894 78 94
878 474 68 54
510 182 68 104
1706 582 76 58
144 958 110 64
534 590 64 60
400 12 84 58
6 552 110 50
130 906 104 56
366 432 78 44
542 500 60 58
1672 440 126 42
1690 132 134 92
1820 454 78 58
478 186 62 90
1164 592 86 58
50 192 86 108
72 960 86 60
230 756 70 86
320 556 78 70
548 446 52 48
28 120 110 70
1706 16 72 50
250 982 80 76
1264 978 84 74
1140 334 80 46
614 668 56 84
1230 294 58 44
412 362 92 70
556 882 56 92
40 60 144 58
1818 510 80 86
1746 298 64 58
1074 974 72 58
1214 60 60 58
68 338 136 48
