1444 124 64 54
234 826 64 40
848 228 50 54
1488 432 56 46
946 474 56 42
1384 602 60 38
154 308 68 36
390 168 58 42
1676 376 92 40
1406 76 46 72
774 284 42 56
148 802 66 34
1636 538 94 38
1060 200 50 50
1524 668 56 46
914 114 56 50
1226 740 48 54
922 892 46 58
866 410 46 44
872 498 36 60
48 860 60 48
284 52 58 50
1506 314 48 56
1328 304 50 50
660 342 54 44
224 960 66 38
862 142 56 44
1040 554 52 34
768 862 60 34
792 364 46 54
1674 560 90 54
598 642 60 46
858 664 32 48
572 194 56 66
1286 266 56 32
562 60 84 118
1404 120 36 30
1666 184 74 42
476 0 56 72
1638 470 96 32
588 530 48 56
1086 396 32 52
842 814 52 38
1830 876 66 44
354 332 48 30
918 608 54 38
16 154 86 70
1326 218 52 44
664 418 42 48
1052 698 50 52
970 924 56 40
56 382 86 34
400 368 26 42
694 614 44 48
858 96 50 40
590 826 78 58
1178 394 44 50
1814 512 68 48
1074 132 54 42
1196 112 30 48
1804 364 86 46
1194 254 32 44
234 610 62 62
672 390 40 36
400 422 60 44
1658 758 82 40
1232 302 50 28
1378 272 46 44
1270 164 52 40
1124 290 40 34
426 554 70 28
1092 660 30 52
1220 130 30 46
816 576 32 46
1118 374 38 60
586 674 80 46
456 512 64 32
764 904 48 42
722 504 64 28
134 404 58 40
1204 224 60 36
1514 0 64 36
1622 612 70 46
118 1012 64 44
1538 958 44 52
1228 276 44 34
1082 916 38 56
1810 678 72 34
582 120 62 46
1206 12 44 56
1230 184 42 32
948 60 48 52
1078 340 54 34
1778 774 68 48
856 122 48 20
1176 942 54 70
880 634 48 30
1780 902 70 38
1192 312 32 40
1600 0 40 30
898 668 44 34
1728 64 70 68
1116 218 34 44
1786 828 76 40
648 522 46 26
220 638 36 38
1128 146 46 26
352 374 42 40
1218 358 72 34
0 564 80 40
