1532 288 118 60
1012 78 76 84
974 520 116 54
1096 180 90 70
970 392 104 68
1104 460 72 90
1068 370 76 86
1044 314 114 58
844 508 96 82
972 456 98 60
952 580 78 100
1050 230 88 84
1234 366 100 66
1724 330 74 74
686 296 82 120
522 948 68 82
208 474 84 108
904 404 76 106
1326 290 84 88
1420 60 84 80
836 738 108 64
742 140 62 134
500 262 96 104
772 232 124 68
824 678 76 70
920 794 106 64
744 790 90 74
1364 518 122 60
1224 434 126 58
1424 138 94 74
1082 126 82 58
846 344 88 88
1374 364 102 78
294 564 150 56
842 616 92 60
62 238 102 104
920 700 76 92
494 154 98 84
1290 586 102 80
1058 648 110 78
1432 294 92 88
1016 786 100 84
1592 622 108 58
1240 126 118 76
890 912 84 94
678 546 100 80
1504 220 130 76
1166 198 50 118
1638 14 98 80
342 58 112 80
1024 578 76 96
898 194 76 118
1500 120 84 84
986 700 110 72
400 304 82 92
1574 18 74 80
470 80 98 80
1110 548 102 56
502 690 82 82
682 622 92 94
188 242 116 76
764 18 134 68
1324 476 122 68
252 120 128 50
1428 430 106 68
1464 654 96 70
1356 590 104 58
636 78 86 84
950 840 106 72
1328 910 88 102
1054 962 100 60
770 848 70 88
1228 738 64 108
306 190 68 108
1224 30 64 110
782 646 92 50
456 286 70 90
1536 346 134 78
192 778 96 68
214 636 118 54
1398 984 120 66
20 112 102 76
624 704 88 60
1434 750 134 66
1256 94 108 52
1358 812 102 66
356 238 120 72
1318 44 104 72
398 630 110 70
122 772 88 96
1134 22 56 122
1700 118 86 88
786 516 70 84
1704 166 106 72
1720 666 80 64
1670 560 98 70
114 60 84 56
1478 372 82 70
370 792 94 68
824 866 66 90
1448 594 98 78
690 868 82 92
220 726 108 70
504 586 88 80
488 796 94 70
322 622 96 76
1552 704 90 84
1074 60 54 90
372 442 96 88
44 692 88 64
292 660 92 76
1670 466 92 90
800 954 102 72
598 382 82 100
620 144 82 102
156 842 146 60
30 404 102 70
630 760 88 74
1558 950 114 64
616 602 66 82
648 418 112 68
1578 802 70 94
354 724 100 80
1544 84 84 66
312 508 136 66
622 934 96 76
1176 322 42 86
1162 764 50 106
604 76 54 88
442 914 108 54
134 978 104 74
22 60 102 38
230 952 86 96
10 878 92 94
1630 848 74 78
458 462 114 66
28 492 102 72
1764 2 90 44
196 678 116 56
8 608 126 72
1732 48 108 78
94 858 122 66
758 454 102 72
1052 20 78 46
1176 470 46 110
1764 264 72 44
440 854 94 66
400 854 48 80
120 912 124 82
1228 886 64 70
358 910 106 84
1168 594 46 100
1720 120 88 34
