146 496 70 50
194 284 74 36
72 362 70 48
298 74 78 42
944 546 50 48
424 548 58 42
1382 416 56 48
78 234 72 54
1278 456 50 58
150 190 64 42
790 164 50 46
464 742 66 40
1212 232 46 52
128 886 60 42
1062 934 54 48
72 520 68 42
962 640 60 32
694 596 48 42
640 530 46 44
1654 576 54 50
874 706 62 34
840 444 48 52
624 590 54 38
792 644 62 34
718 640 70 42
1070 582 38 54
154 760 52 46
998 558 64 32
1070 276 56 38
886 148 58 32
1054 696 42 50
810 380 34 42
882 760 42 32
148 128 64 62
1082 542 58 42
1072 242 54 40
596 686 50 44
886 186 58 38
0 510 28 36
158 656 56 48
870 236 44 34
1212 182 52 36
422 584 62 36
1058 190 46 34
886 804 62 38
334 752 32 40
394 744 40 38
838 408 42 38
810 764 42 36
156 622 70 36
818 432 34 46
1216 384 44 52
750 670 42 50
1208 426 48 48
1416 682 48 42
1422 648 50 42
826 140 48 28
1126 0 44 64
192 828 54 40
40 456 76 36
1208 2 68 40
88 858 52 46
178 1018 70 38
1068 6 40 28
1108 166 42 36
832 222 48 32
594 900 64 72
818 818 44 32
1094 492 60 34
46 708 78 48
848 174 36 32
62 974 60 50
24 160 78 52
1190 438 30 40
854 790 34 46
1204 984 58 34
