1370 542 66 58
232 398 68 38
612 200 76 46
868 178 56 62
448 678 78 42
886 292 48 74
1086 232 54 66
834 574 48 60
832 452 54 64
1048 426 62 52
600 326 56 54
192 172 76 54
808 772 64 38
774 124 68 40
326 678 62 44
718 320 42 58
762 428 48 54
254 668 74 42
686 416 60 38
800 930 64 38
1410 58 52 70
1180 414 68 40
476 226 58 62
1274 512 62 42
736 544 58 48
792 318 50 52
368 600 78 32
1626 658 88 36
944 862 48 58
1646 702 82 42
466 544 64 46
1654 360 72 50
584 684 84 44
950 420 44 56
806 162 62 40
582 634 74 36
650 524 50 60
956 546 62 44
1696 250 98 88
1224 962 78 42
852 676 56 40
642 780 60 42
156 966 52 70
1206 216 50 64
1674 560 70 46
1060 630 42 64
960 470 52 52
660 440 44 58
1052 192 60 46
1780 844 82 48
888 58 56 56
1636 428 74 46
862 534 66 36
1058 138 64 46
380 660 58 46
292 120 76 58
930 684 48 52
1188 282 56 58
242 270 50 48
1072 392 46 56
914 566 50 42
1706 194 78 52
920 498 48 54
1252 148 66 46
1038 562 60 42
1128 90 42 56
358 254 50 56
450 602 72 38
402 214 52 68
604 754 50 64
994 54 56 48
1620 800 98 46
1220 664 62 54
1248 274 70 40
1222 326 76 44
92 280 70 58
1098 516 46 60
480 372 64 42
358 564 74 32
422 358 68 36
1094 904 44 68
192 266 58 38
210 804 60 40
1190 102 58 62
674 884 50 74
686 966 56 42
878 752 56 34
502 418 56 36
138 774 58 42
920 784 50 40
1050 480 62 34
976 686 42 60
1100 648 48 62
400 862 24 48
994 790 64 38
1042 700 62 38
874 794 56 54
1636 990 62 62
992 612 56 44
658 860 56 44
94 578 66 46
30 260 64 48
126 540 56 38
996 652 56 48
116 712 78 44
454 892 60 42
1180 732 68 36
154 868 54 50
230 594 66 44
106 678 84 38
1096 786 48 64
592 0 64 60
1148 876 56 46
1000 722 54 46
946 598 46 42
162 576 64 42
1600 890 60 50
1086 88 48 56
90 654 72 40
1112 412 52 50
1178 506 60 42
1034 936 50 54
328 820 78 36
1060 900 42 54
24 352 104 46
256 834 60 40
1182 448 66 38
284 860 66 32
1216 0 106 62
72 516 68 44
168 924 76 38
1714 370 62 50
944 80 56 38
508 160 52 56
1786 748 76 44
32 450 80 42
766 498 36 28
46 646 62 40
1192 588 52 52
204 966 66 44
436 504 72 36
46 710 70 44
384 392 82 30
1096 122 54 22
400 584 30 34
1230 122 44 28
1038 750 62 44
1200 620 48 62
