464 56 62 150
1444 336 118 88
1078 142 74 114
126 176 158 78
1224 624 94 78
984 88 84 102
864 386 72 118
1698 142 76 106
1414 532 106 88
800 596 106 80
708 590 98 92
900 144 72 118
1250 500 102 92
1000 364 108 78
1248 116 108 86
744 260 96 92
1362 788 72 106
1264 268 78 106
860 252 102 86
400 846 68 82
1120 224 86 108
1064 412 70 110
880 606 72 114
1616 138 78 104
972 464 110 92
1218 192 130 80
598 192 106 84
414 254 94 100
358 188 120 78
934 648 70 114
1038 580 94 92
994 856 86 98
594 536 84 102
1244 402 108 82
224 0 82 106
892 332 118 64
72 32 90 72
948 18 96 90
328 88 112 88
1598 10 146 68
510 604 76 100
914 388 114 66
610 284 112 88
1236 688 126 82
768 134 120 88
400 82 58 100
40 214 136 88
10 814 94 114
264 786 154 76
1674 312 136 84
400 748 108 84
614 648 70 114
1702 746 106 94
1664 50 94 98
1360 634 96 96
788 16 80 102
754 348 98 78
282 946 134 78
1038 60 100 70
1296 762 60 126
1724 212 120 100
1446 22 110 54
82 762 86 86
1588 476 124 88
590 122 78 84
332 252 88 90
1306 874 80 108
1090 764 90 90
448 332 112 80
36 304 92 94
1124 560 92 90
1356 730 128 72
1372 66 108 78
270 650 106 80
1492 46 156 66
766 526 126 86
772 706 94 94
920 880 84 102
808 766 80 108
1352 462 118 78
296 176 72 114
1544 814 90 96
120 822 118 98
152 60 92 60
1768 52 86 98
1128 60 80 80
1066 926 84 98
1540 98 94 94
1058 700 98 96
1014 666 98 94
1554 540 84 100
272 546 94 84
1222 332 90 92
1364 334 102 68
1524 748 116 82
1214 724 60 118
1106 844 100 66
586 472 110 74
8 110 104 76
198 884 110 82
668 826 102 100
326 366 132 78
156 954 146 76
614 808 70 104
1348 194 74 120
668 378 104 88
674 692 118 82
490 766 78 116
676 138 112 90
1462 156 130 80
682 40 102 96
406 468 78 110
344 564 86 100
1506 408 96 74
1624 652 116 66
174 264 102 100
600 756 62 92
86 518 134 76
1616 834 72 84
400 578 40 80
100 86 142 80
1716 490 138 64
318 446 100 90
90 646 178 68
590 376 70 94
1758 120 102 34
136 470 128 78
242 270 98 86
734 490 122 54
1564 678 106 78
254 454 82 104
704 22 96 56
1778 162 96 82
740 918 108 72
300 0 102 86
578 60 76 64
16 686 130 80
66 586 152 68
1154 688 80 68
530 822 64 98
1402 190 74 98
764 852 110 86
522 120 58 96
520 226 74 86
420 954 94 96
520 726 70 74
1438 220 92 90
