1188 652 40 40
1030 512 40 34
1006 620 46 32
956 590 40 38
948 390 46 30
978 250 46 34
942 692 42 32
1108 658 36 42
1186 418 48 32
1056 296 46 32
1272 716 34 40
1122 406 34 38
1062 616 42 38
988 552 40 36
202 392 38 36
1180 270 46 30
1096 400 40 40
404 258 40 34
1100 576 36 40
1352 206 32 42
1394 126 32 44
1082 328 36 44
456 312 44 30
960 706 36 44
1168 530 40 32
312 692 42 36
944 108 44 30
388 298 44 34
396 278 42 32
1364 300 48 32
1040 62 34 40
1044 332 32 48
1486 536 36 40
1238 466 40 34
456 348 38 36
1098 506 40 40
1446 102 42 32
134 532 50 28
1362 678 40 34
1192 150 48 30
1194 688 34 36
1258 518 38 36
418 850 48 28
1094 526 32 42
432 450 54 30
1038 772 36 36
318 562 42 34
294 176 42 34
216 652 42 38
268 0 42 30
1374 764 42 34
1426 64 32 40
156 864 38 32
986 108 44 28
370 746 40 30
346 162 42 40
1120 314 42 30
1000 312 46 30
1026 242 36 42
432 112 38 40
1306 616 46 34
502 348 34 40
338 402 46 36
296 42 40 38
608 196 38 40
830 768 34 38
1078 696 44 30
860 62 38 30
156 770 32 40
290 476 36 36
1266 496 42 36
330 962 36 38
340 258 46 32
1284 2 30 46
1084 258 52 30
1120 502 34 40
1100 318 34 42
1206 224 46 32
950 958 26 48
430 1006 50 30
1044 256 40 38
408 50 38 34
108 464 50 20
504 556 44 28
734 890 38 34
1096 490 48 30
428 44 44 36
330 1006 32 44
354 952 36 32
392 394 54 28
402 940 40 36
302 524 48 34
38 574 42 30
722 944 54 44
1414 12 34 38
1100 168 46 28
124 706 46 34
44 250 42 32
240 624 44 28
622 142 44 30
594 220 32 42
450 914 40 34
322 256 36 36
348 420 44 32
1058 250 52 32
1096 948 38 30
66 626 38 30
466 24 30 42
742 848 44 34
408 440 36 32
258 32 40 38
1080 958 36 36
1282 488 50 30
364 924 38 32
116 746 38 30
250 62 46 36
764 888 36 34
98 174 34 42
386 908 50 30
1180 174 32 38
1090 442 50 28
140 12 46 48
