932 422 44 32
828 510 42 34
908 710 44 30
828 734 42 36
1026 352 46 34
906 814 46 30
766 254 46 30
248 894 36 38
972 384 38 36
1226 298 30 46
610 698 40 34
828 240 40 38
1352 230 42 32
928 198 38 40
826 542 46 30
342 696 44 32
468 744 38 38
420 628 38 34
226 812 46 30
1204 166 40 34
606 622 42 34
1310 250 44 28
1102 656 46 32
904 632 36 36
952 528 48 28
430 562 42 32
382 300 36 38
1588 486 44 32
1410 848 38 38
782 868 46 28
1366 630 42 36
852 592 38 44
1042 482 46 30
1448 198 36 40
696 804 44 30
350 154 46 30
1178 368 40 38
1612 584 30 40
1218 108 34 36
158 158 74 38
668 690 46 26
1194 396 46 34
1496 796 46 28
180 470 44 36
1390 756 42 28
326 202 44 30
1034 782 38 38
324 848 46 26
840 578 42 34
1096 412 46 32
1278 60 38 36
466 872 38 34
520 712 44 28
712 548 46 36
1098 922 38 44
218 92 44 28
1354 646 40 38
1188 108 36 40
1062 394 38 36
1036 374 40 28
60 380 40 34
204 998 46 28
1490 738 44 30
122 398 38 28
384 670 50 34
1206 212 38 34
1108 496 44 36
1582 698 54 36
422 1010 40 32
144 678 46 30
1048 112 44 32
730 344 46 28
370 32 38 30
1392 716 38 38
832 558 50 30
1086 428 48 32
1054 176 56 24
138 946 46 30
858 62 44 30
1116 230 40 32
1044 870 46 28
1096 356 50 32
502 66 38 34
1452 712 44 28
102 460 38 34
1192 438 38 32
1094 208 44 36
586 84 60 70
600 458 32 36
1182 704 38 36
1118 138 42 30
246 44 36 38
1300 722 46 28
96 290 56 36
1100 682 44 34
1682 274 72 46
1078 722 36 40
1048 948 38 34
1318 752 46 26
1100 398 44 28
1678 238 82 42
756 948 62 44
1182 728 42 34
170 968 42 32
1164 736 34 40
198 398 42 28
1092 706 44 32
1658 536 70 36
596 70 40 34
1640 380 68 30
596 122 46 26
1786 524 72 34
800 62 36 20
1214 862 42 28
1268 722 54 22
