1590 654 120 76
1338 224 116 84
1012 440 84 92
808 332 142 66
1098 860 78 110
480 850 68 112
370 262 90 94
176 908 102 96
262 782 94 90
1076 236 92 102
1086 328 76 110
890 678 82 102
260 630 68 116
1638 578 156 72
668 734 90 98
758 736 78 108
912 168 96 90
1398 918 122 78
320 694 82 108
1222 278 98 84
884 482 84 98
944 354 78 100
794 498 90 96
1456 222 132 76
622 364 106 86
1256 510 136 68
1248 50 80 102
754 390 96 104
1572 356 118 84
772 692 114 78
204 224 150 68
400 780 104 96
1598 850 94 90
1162 196 60 120
130 188 94 92
1078 468 78 96
1048 980 116 74
954 454 80 112
808 602 98 80
1668 460 86 108
1214 830 72 116
388 700 118 76
1024 540 94 70
1284 702 84 102
1082 706 76 106
790 800 126 88
1006 372 84 84
1230 606 66 118
798 874 106 88
972 694 78 106
1684 326 152 68
1344 94 84 104
1360 426 70 116
1394 292 104 86
1686 850 110 92
20 112 92 76
1100 588 108 82
696 850 106 84
1472 120 108 64
812 114 116 80
632 808 74 110
844 386 86 102
1308 356 156 74
902 20 88 62
1708 742 64 122
674 618 120 92
898 778 92 92
1030 596 88 100
1248 144 84 110
996 308 122 80
826 60 84 58
472 290 66 120
1434 418 86 102
1646 190 78 110
484 944 96 86
426 486 84 108
252 354 154 78
498 232 66 118
1140 42 86 72
634 564 116 72
934 280 90 96
940 858 88 96
278 920 72 114
1454 536 124 84
1028 786 84 94
1508 748 110 86
922 614 132 82
264 188 128 74
1558 160 90 92
1054 144 126 84
1534 20 132 68
1388 20 156 72
1508 892 120 76
668 948 98 78
596 612 96 72
1622 290 128 76
420 628 128 78
1060 20 112 46
1670 60 122 58
590 540 92 86
38 314 146 68
696 120 74 100
1386 556 98 84
4 772 108 108
450 16 92 98
970 120 100 90
410 98 94 94
714 318 124 86
158 726 134 78
662 430 96 68
608 60 114 50
746 982 114 60
1248 120 82 38
314 102 104 90
1614 120 114 44
748 120 94 60
1724 706 102 88
1628 736 80 92
894 914 106 86
0 920 72 72
812 202 70 130
612 662 82 126
1712 242 122 78
1288 604 74 104
1696 392 132 58
1458 608 98 82
1402 640 80 72
1514 402 114 82
906 72 98 90
1000 914 118 70
1298 944 70 82
242 284 114 78
400 592 44 84
596 762 62 90
636 488 118 86
1730 126 86 90
594 94 110 70
572 60 54 62
32 854 134 78
16 212 122 80
980 860 126 74
378 346 112 80
164 440 112 84
28 682 112 78
594 172 82 86
1590 958 134 84
302 474 118 84
40 964 102 70
800 80 40 90
598 860 62 112
1346 592 68 112
516 74 58 78
620 154 114 88
508 710 78 100
1238 920 102 88
236 98 94 96
232 0 126 52
152 830 106 114
258 436 80 108
0 214 50 96
1130 760 96 84
312 584 144 94
0 624 118 68
400 970 34 82
1156 526 58 80
360 2 90 60
