1332 420 36 44
1188 234 40 34
1120 338 38 38
1024 308 40 38
1546 566 42 36
852 424 40 32
1476 498 36 36
1244 252 36 40
1448 406 46 34
1072 574 42 36
1614 534 50 26
1386 416 36 40
1102 260 36 38
1016 180 42 32
1172 392 36 40
1516 332 40 34
1002 894 38 38
1606 638 36 38
1196 108 40 36
690 384 46 30
1442 282 36 38
1048 346 42 38
50 610 44 34
734 390 34 36
1566 284 44 30
182 752 42 34
1116 218 40 38
1024 866 44 34
1060 372 46 32
506 516 32 42
1600 112 50 44
1398 324 46 34
1390 302 34 44
838 632 46 28
1476 2 40 32
506 408 40 30
1558 610 44 32
726 614 28 44
342 526 46 30
1112 616 36 42
1038 440 42 36
1080 886 44 34
1108 492 44 36
1064 184 40 38
1066 392 42 36
1462 420 40 34
490 120 38 38
520 454 46 32
1122 256 40 38
502 156 42 34
502 544 36 34
1682 370 68 46
382 706 50 26
1418 46 40 34
1498 270 44 28
1180 510 40 40
1650 536 48 30
1684 148 80 40
1686 272 74 46
1076 906 38 34
486 714 36 36
596 72 36 36
598 404 44 26
1134 38 36 36
984 76 42 36
1126 376 36 36
1056 750 44 30
116 656 52 28
90 842 38 34
524 520 42 32
1056 412 44 34
1002 774 48 32
100 682 44 28
1492 306 54 30
1194 144 46 30
312 194 48 30
1600 736 50 24
1004 814 44 32
1512 626 38 36
1136 60 46 20
1244 74 34 42
106 456 38 32
1040 2 38 30
1098 60 44 32
1698 522 42 28
1656 144 38 38
1072 794 42 28
72 904 42 30
614 522 42 28
122 758 46 26
602 120 42 36
1114 414 40 36
1030 30 46 28
94 784 44 32
1104 36 40 36
594 0 48 68
1786 470 42 30
598 576 50 26
1118 394 38 36
1018 236 40 32
1702 44 68 46
1658 556 56 32
42 256 60 38
606 868 26 38
1670 332 56 40
1688 198 72 44
1604 714 34 38
1136 2 34 30
1082 410 42 34
38 512 48 32
1694 228 72 42
1676 432 62 36
1668 574 54 26
660 828 44 26
1146 386 36 34
1128 120 48 22
1094 356 42 30
1176 424 38 32
1090 106 46 30
