924 438 40 30
844 416 40 34
1006 626 40 38
1066 626 44 32
1098 546 44 30
1014 564 44 32
1580 230 38 38
984 152 42 32
776 392 44 30
88 250 38 36
694 370 32 38
1042 714 44 28
1052 408 54 26
604 682 34 40
678 434 40 32
1672 148 46 30
598 638 44 38
1674 264 70 40
1006 648 36 36
744 372 40 30
1172 378 36 36
1082 720 44 30
1090 706 48 30
1184 728 34 46
658 824 34 40
1690 228 66 36
294 390 48 26
604 274 38 32
1060 498 42 38
604 742 36 36
602 300 42 32
616 64 42 34
432 424 38 34
522 308 50 28
472 974 50 26
890 268 38 36
604 122 38 38
188 248 40 34
520 288 46 28
1100 190 40 38
1164 556 42 24
40 570 44 28
1106 434 46 32
1660 406 72 40
612 916 34 42
512 696 32 40
1674 176 58 40
612 470 42 32
240 356 34 36
1008 344 46 32
528 270 46 30
518 604 42 32
1112 148 42 34
1660 476 64 38
604 200 40 34
668 614 34 36
1672 712 44 40
1058 934 40 32
604 854 38 32
62 612 62 34
374 522 36 32
532 890 52 30
976 298 42 30
1116 472 38 36
942 290 46 34
608 656 38 36
1098 168 34 38
