902 726 90 56
802 676 76 62
1316 610 100 56
972 400 70 68
824 290 78 64
736 402 84 60
786 912 92 54
946 670 78 58
818 384 64 84
1486 456 110 60
1302 510 80 70
1242 196 76 80
226 312 110 48
952 588 114 58
1408 624 74 66
410 122 62 96
924 476 70 98
756 226 110 60
668 772 92 56
858 586 64 96
296 860 82 96
1384 754 64 76
880 240 86 70
998 710 74 74
664 876 88 62
910 330 88 62
614 636 126 60
1070 138 90 68
834 858 82 70
686 324 114 64
630 542 82 58
358 736 130 62
1090 614 76 56
1102 352 68 70
1414 156 84 66
66 952 96 68
782 532 86 76
640 76 62 86
696 828 102 48
1068 742 78 64
462 870 84 84
650 230 72 70
1378 700 118 52
134 728 108 70
1126 866 66 84
594 372 94 58
842 950 64 72
730 118 96 78
1074 304 102 46
1078 216 84 56
260 774 104 66
1314 730 60 90
42 764 108 82
1268 712 68 58
368 686 96 48
966 306 66 62
288 346 84 76
492 792 98 68
348 224 96 64
1030 490 90 66
368 864 88 88
992 202 90 52
660 158 62 76
1340 24 92 66
330 608 80 86
718 180 56 94
456 226 120 54
1238 484 72 76
806 18 66 82
1246 30 110 74
716 504 80 58
636 954 94 62
1144 582 64 62
404 644 92 66
58 840 96 80
1430 232 88 64
958 236 80 72
418 808 112 64
906 902 78 78
854 468 104 40
1080 468 84 70
1740 308 74 70
1330 418 122 52
494 48 94 68
126 842 84 90
1682 236 92 66
1014 902 70 80
870 410 102 66
1620 568 72 60
1480 176 74 72
238 648 116 88
674 996 86 60
1328 822 94 52
474 296 90 62
1248 126 80 64
1166 224 58 84
172 642 76 68
622 798 54 82
1080 664 58 64
1068 406 70 50
0 254 80 72
242 200 146 54
178 914 88 74
240 254 118 50
60 316 124 74
1546 856 74 50
1508 66 56 68
1660 818 62 60
362 970 72 78
622 310 90 58
1418 44 90 66
1400 326 80 96
1236 652 68 44
1468 664 94 48
1236 440 94 50
1060 234 48 80
1236 314 86 104
1228 566 66 56
278 60 152 62
1168 480 44 100
42 122 92 68
784 492 74 78
1596 464 80 52
166 428 82 70
1236 922 84 62
946 70 64 94
976 898 48 82
654 498 78 50
400 548 66 68
376 506 86 40
1628 396 88 44
1068 64 78 66
54 684 106 66
898 980 84 52
1594 270 76 46
428 362 76 78
1414 816 126 50
1678 504 84 66
10 516 84 68
1018 1004 70 52
1552 764 86 52
1228 882 58 78
504 362 72 50
1310 894 94 46
256 100 84 104
906 34 68 60
1550 32 92 64
1524 324 88 86
1646 758 68 56
628 430 72 48
76 60 126 64
16 330 74 48
84 568 130 92
1686 986 92 62
1136 60 86 46
1546 974 72 48
0 190 108 72
1748 496 52 56
228 0 80 38
1314 450 112 52
1088 876 58 68
1222 618 58 60
428 14 66 56
