808 510 94 64
1142 200 78 106
1110 840 104 62
1034 576 70 100
1098 742 68 102
746 586 78 92
832 334 84 100
966 436 68 110
444 206 90 106
1400 320 84 96
464 744 128 74
1078 470 124 72
774 674 114 68
1062 392 92 86
740 434 118 60
998 814 108 86
814 596 98 86
1048 926 108 74
1422 212 80 90
1630 536 114 56
800 740 80 80
934 676 80 104
918 562 86 100
1018 452 84 86
246 16 120 84
684 744 92 80
1342 754 122 72
1534 614 104 70
1332 276 94 88
1250 158 86 98
1436 434 94 88
1566 204 124 84
424 476 150 62
1456 22 104 60
1592 120 126 72
308 704 92 96
1324 566 76 106
724 486 118 66
0 512 118 68
128 50 146 66
456 60 86 96
1022 678 108 80
770 60 76 92
436 680 84 102
648 152 96 86
292 794 118 90
612 228 58 138
400 74 74 82
1084 568 68 90
670 220 100 92
1604 384 102 60
1552 282 118 74
894 788 112 68
1082 336 102 78
1258 334 74 102
1208 486 108 70
986 266 102 72
1540 16 98 88
228 460 86 96
1466 272 92 94
1582 766 102 66
1410 574 98 94
1392 150 102 86
1074 268 100 80
4 582 88 110
1478 686 94 86
612 76 76 108
856 822 88 82
866 942 102 84
854 700 82 96
1538 708 100 76
1326 204 110 92
702 342 94 88
240 902 80 114
1618 16 104 54
634 816 88 70
1438 770 116 78
502 144 82 92
1486 142 110 80
184 666 102 94
642 874 106 90
616 750 84 84
944 310 68 98
1550 440 110 60
740 934 96 80
144 878 134 78
606 580 104 92
1472 88 102 70
1062 134 116 72
598 476 86 76
1688 262 114 84
290 568 78 110
34 688 116 68
1234 730 100 66
1708 558 124 62
298 168 90 90
1636 58 92 80
50 950 102 78
972 20 86 66
860 46 86 78
648 946 88 98
1224 794 80 106
612 358 76 112
1208 308 60 118
1208 886 94 70
232 254 100 94
338 866 112 78
964 216 84 70
1590 878 92 78
1672 200 122 76
26 0 130 98
104 128 112 100
1116 34 70 100
1700 826 106 76
900 260 96 66
1492 836 86 106
854 116 70 104
154 226 102 80
1128 590 88 90
170 780 120 76
158 728 84 86
1444 508 114 84
1174 750 56 112
1514 922 144 72
1736 120 78 86
888 400 102 90
1646 584 94 96
400 938 58 88
1652 876 86 76
1230 946 80 90
1466 60 82 30
1390 854 76 112
1310 680 70 108
624 654 76 80
466 120 72 34
102 820 106 76
74 578 122 76
1716 340 114 84
2 176 74 104
396 296 98 84
1664 774 88 70
172 120 114 86
52 294 124 82
1566 336 90 82
1732 20 104 68
1772 494 70 52
1716 918 90 78
832 20 64 82
40 404 86 68
510 664 78 80
418 566 100 82
