972 514 58 66
842 826 58 58
1522 424 76 62
814 616 88 42
1060 788 52 66
252 506 66 62
960 824 60 70
352 752 92 46
688 346 54 70
758 654 50 64
1320 646 70 52
768 978 80 64
1362 190 64 58
656 404 56 70
810 410 54 74
592 542 78 44
1286 166 56 60
868 410 52 66
696 630 68 52
142 498 78 44
678 86 74 64
1200 886 82 54
1636 160 108 60
746 192 60 68
1426 160 54 74
114 740 98 44
700 718 50 64
768 264 74 52
1390 780 66 60
232 394 74 44
398 922 102 64
602 772 70 58
578 698 54 86
358 820 84 44
1510 288 76 58
1076 30 70 60
898 464 88 38
228 596 70 44
972 692 72 60
1200 370 48 72
964 208 50 66
1388 418 84 48
620 658 64 48
900 598 66 46
1082 530 58 54
944 408 74 38
70 398 94 42
102 688 88 42
648 710 58 64
850 488 78 44
1478 102 102 50
878 252 62 58
1098 384 54 62
936 926 70 42
1290 400 54 66
768 548 52 60
704 542 64 44
1366 524 66 70
1458 216 72 56
458 538 66 42
476 20 62 76
1120 248 44 74
578 354 94 42
822 198 76 44
1608 602 96 54
978 342 68 42
1094 914 46 74
364 500 70 50
738 470 82 42
794 66 58 78
34 582 80 40
166 826 72 40
248 764 66 46
114 852 82 48
586 58 92 50
1180 238 58 60
1024 714 76 48
1572 234 68 90
1608 86 96 58
1180 650 78 44
688 28 88 62
174 628 66 42
1204 52 64 52
224 134 80 58
456 656 64 58
860 970 74 38
1052 438 56 38
1582 532 76 54
1040 488 72 36
1106 94 48 66
1662 110 158 60
1732 298 66 54
1616 318 74 62
432 730 110 46
1018 390 46 64
304 122 66 60
346 590 78 42
1608 936 136 64
184 288 82 42
1738 198 76 50
1208 446 44 54
78 194 94 52
360 646 82 42
180 222 58 52
1324 482 60 50
592 940 82 56
592 846 96 52
1392 980 54 66
1058 938 54 62
298 928 78 68
1010 252 66 52
1200 150 86 40
842 136 64 46
1662 484 78 52
70 130 110 52
1110 620 48 58
1210 198 64 46
490 210 62 72
72 510 76 52
1628 18 88 60
564 4 60 72
1456 858 106 70
40 716 72 40
1056 212 66 44
450 966 122 60
584 174 102 54
1680 436 104 44
1394 478 70 42
878 162 64 48
1686 586 90 54
572 314 58 58
1072 250 50 54
1630 690 118 60
426 610 64 58
1066 132 60 54
374 396 48 54
1170 764 80 42
322 380 60 52
1770 760 104 66
414 38 74 52
236 900 54 44
184 678 68 40
450 372 76 38
1180 724 70 46
50 614 68 48
400 86 46 86
1178 84 44 66
368 52 68 56
106 460 94 32
1046 172 70 36
486 412 62 48
582 610 46 52
1018 986 70 48
1186 116 78 52
1354 444 68 36
24 532 70 48
228 246 80 34
1172 550 26 48
34 358 66 46
88 58 78 78
660 320 54 60
228 842 70 44
1178 520 52 46
594 442 74 60
274 262 68 46
304 314 64 58
100 926 74 40
494 454 72 40
1620 868 94 72
1136 386 46 72
248 332 70 52
590 202 84 60
1722 376 70 40
1582 288 64 60
