736 536 72 48
838 774 52 68
1524 578 84 46
878 712 74 38
852 608 54 58
1400 808 74 46
526 676 64 78
1000 594 62 48
466 306 84 70
728 264 72 60
1548 368 82 52
842 256 48 64
766 842 54 72
1396 404 60 60
788 610 66 50
1632 950 80 56
1606 806 78 56
952 562 70 44
744 344 50 64
802 374 50 74
316 500 80 46
1366 502 82 44
686 420 72 40
1150 866 54 74
1662 264 136 54
770 218 48 68
458 488 96 40
884 434 70 50
828 536 58 74
652 758 64 66
1350 574 68 54
1296 494 72 58
424 698 68 70
476 920 86 52
1520 178 86 50
916 378 82 38
1710 326 98 70
1032 834 86 46
250 270 86 66
238 332 84 54
210 474 70 88
1306 584 54 60
1438 986 88 50
474 592 52 60
1482 744 64 40
514 622 80 56
692 140 56 54
1466 900 56 58
810 164 74 50
1616 220 64 82
482 220 64 70
350 370 98 42
1692 610 94 64
1444 314 72 48
638 636 90 46
634 696 76 50
1640 632 68 50
950 400 76 36
702 770 54 78
250 822 78 62
162 150 80 60
356 878 68 48
832 422 62 46
1234 68 48 68
1064 532 72 42
354 626 80 48
624 322 94 44
158 802 90 54
1228 266 54 72
1590 336 88 36
1358 300 60 68
1008 794 58 58
1404 256 70 46
422 172 74 60
1240 650 58 58
1090 642 72 44
1578 482 90 50
928 758 66 52
1234 526 50 70
1346 904 66 56
786 450 68 46
1380 860 60 60
706 188 58 76
1224 880 54 60
308 556 68 52
362 216 56 66
692 292 58 60
952 444 72 40
688 492 68 44
1662 568 114 46
1470 422 62 46
424 122 84 50
1132 194 62 80
794 92 78 50
1576 700 64 68
974 310 50 62
934 252 46 70
1136 324 56 62
1548 208 68 54
638 490 54 58
82 756 80 70
1086 404 72 36
364 318 82 50
1288 852 56 54
1388 664 58 54
886 120 66 60
892 764 50 58
1428 150 70 40
694 78 58 60
1002 364 80 42
1026 98 66 48
530 514 70 46
1344 436 60 42
374 754 72 40
1482 304 68 42
318 268 72 46
1246 712 76 36
1224 740 68 54
676 858 62 54
1542 650 78 40
1020 162 44 68
1290 166 66 62
1308 88 54 62
1336 678 56 46
68 952 86 48
1532 836 60 66
114 470 96 58
850 496 64 48
512 576 72 40
616 90 72 54
1276 274 64 50
618 30 108 54
1702 94 84 62
1656 684 112 44
1086 712 76 40
778 154 50 62
1276 772 50 66
46 116 98 68
1336 274 56 58
962 238 52 66
704 14 70 58
550 856 70 62
1248 416 74 36
244 644 84 56
112 626 92 58
190 878 88 42
1594 54 82 44
660 956 62 62
1090 104 82 42
910 482 74 38
1250 154 64 48
1666 510 128 44
1496 784 64 54
1242 934 60 50
1482 650 54 46
996 486 64 44
358 716 70 36
1752 12 64 90
1126 64 62 60
460 966 66 72
1646 80 78 50
1054 260 62 44
1340 1000 70 56
1140 742 56 74
650 826 58 58
1524 60 64 68
1144 604 54 68
1116 606 56 56
54 826 80 80
1086 684 72 34
146 916 82 46
952 164 60 58
1674 204 136 52
1220 832 56 46
1074 330 58 42
1290 370 62 42
1092 134 70 52
1362 734 56 50
408 284 62 60
1232 380 64 38
458 782 58 62
1138 472 48 72
1058 212 62 44
540 132 64 84
1686 880 92 96
274 32 74 52
1092 440 72 38
224 708 100 42
1322 24 54 46
1110 288 48 52
418 12 86 56
1068 750 60 42
1222 338 46 50
1554 860 82 56
1186 46 40 72
62 320 102 70
120 442 122 44
94 874 66 76
672 910 58 50
1260 26 64 46
196 742 90 48
1512 236 50 56
1104 366 66 42
488 542 78 38
898 84 72 34
138 728 88 52
912 522 58 44
1698 24 70 60
94 562 84 66
724 888 48 76
1288 992 52 54
1452 26 56 70
1126 802 56 52
550 958 74 76
1104 474 60 44
1820 702 66 60
968 486 48 58
1818 624 76 64
136 680 98 46
1814 798 76 60
1230 998 58 52
182 282 74 58
18 32 72 54
1358 64 56 60
1390 154 60 74
412 60 98 70
190 212 76 62
624 62 78 34
1354 120 74 38
