864 764 76 70
742 764 102 50
422 950 80 80
922 276 72 82
318 428 114 58
758 506 72 88
970 634 68 84
1520 232 70 74
456 772 82 66
220 756 90 60
986 804 76 56
1232 334 100 56
1502 700 82 50
904 592 62 64
324 842 108 56
144 262 104 68
926 180 80 64
976 474 62 84
1714 246 96 54
1614 446 80 48
1424 810 88 76
280 658 112 72
1512 512 74 68
1588 174 94 62
850 422 72 68
1084 458 92 54
492 650 98 54
250 824 88 86
798 368 86 62
1062 252 78 62
1570 70 74 68
216 216 108 60
1386 344 84 48
786 28 96 66
872 314 78 58
480 246 102 58
1362 372 48 56
804 134 78 68
400 548 104 56
710 844 88 50
1428 504 86 52
284 504 98 72
646 790 70 88
362 78 92 78
1570 368 88 52
1308 540 74 78
1030 402 86 48
1068 802 80 58
1258 148 82 52
388 772 76 90
912 460 64 66
1530 976 86 68
830 602 86 56
1304 742 88 58
678 302 86 66
1550 552 78 56
1116 342 60 64
1158 198 56 88
1702 494 80 72
378 274 80 92
90 92 140 58
482 56 90 64
1458 640 100 54
918 60 94 56
954 426 84 48
248 0 86 50
104 164 108 58
1412 274 72 48
1090 652 72 72
1626 498 78 48
1088 724 76 44
1090 390 72 56
520 770 80 84
1680 792 86 122
1634 84 104 76
926 358 74 54
660 22 76 94
1374 96 74 80
1238 894 58 78
178 610 86 70
656 144 94 52
950 910 72 58
1530 406 70 64
274 960 80 70
1250 964 70 52
1012 26 94 78
128 682 110 56
1432 78 84 68
502 466 98 64
650 674 86 64
622 356 88 68
750 116 74 52
626 898 98 60
124 884 78 82
306 300 90 66
1150 498 66 80
1614 934 70 76
746 986 56 70
1122 620 70 74
1182 324 46 86
1528 24 72 72
608 236 62 72
44 870 102 78
1120 750 66 68
1706 180 96 62
1426 698 64 72
1724 22 106 80
1240 90 82 48
194 872 76 70
1294 440 70 54
1444 178 76 46
1090 176 80 54
458 104 78 62
796 984 78 70
1606 670 106 58
1702 944 62 66
96 490 124 48
512 184 82 56
642 600 86 64
726 894 70 70
1014 922 64 62
966 982 76 54
1396 218 82 50
1686 382 92 52
104 612 78 72
400 600 66 72
1082 122 98 50
1372 634 80 42
1222 742 58 76
80 24 88 70
956 380 64 48
76 194 82 84
740 438 68 78
1100 90 106 46
1244 734 64 50
1248 698 74 38
1270 622 50 68
1236 60 90 36
1238 456 100 54
1678 120 112 70
84 0 112 38
1166 608 50 66
34 120 92 64
78 760 98 78
1172 752 48 82
616 766 50 78
68 952 94 76
1226 486 42 72
1344 652 62 52
68 588 92 46
1676 328 116 58
1130 64 82 52
598 36 60 70
1230 610 54 74
104 430 126 52
652 446 94 40
620 940 46 82
630 980 92 64
