1490 306 74 68
1140 572 50 80
1096 424 52 74
930 816 86 50
482 678 68 60
1392 302 82 50
1150 196 54 102
786 814 50 70
490 144 70 90
648 624 74 76
188 52 82 72
394 388 84 52
132 338 108 54
1036 286 90 52
184 562 98 44
866 620 52 60
776 542 66 80
1002 364 66 58
152 150 96 66
728 186 84 56
1102 102 62 72
1418 414 92 40
1098 372 52 62
1520 560 78 68
1098 176 64 66
1050 584 66 54
964 494 84 40
1222 360 74 56
946 382 64 62
1682 464 86 52
826 880 84 54
826 730 86 48
994 696 82 52
842 176 48 64
164 490 76 50
1236 42 52 86
774 388 68 60
900 698 76 50
944 584 56 54
1122 888 54 68
468 964 86 46
1524 120 80 46
1692 238 76 56
1618 226 62 62
326 638 104 54
504 850 74 82
614 80 88 68
862 518 56 62
1354 22 76 90
1602 570 66 60
1476 78 82 48
1710 310 92 48
1538 454 60 66
1078 688 72 50
392 528 88 48
1082 636 66 44
1684 526 78 52
156 214 82 74
1648 724 68 58
1554 264 78 58
1522 178 64 50
346 908 68 82
98 224 76 76
42 846 116 54
168 892 72 54
1346 474 54 60
1562 338 68 64
1662 382 66 74
1684 140 86 76
950 538 68 42
984 902 74 56
462 600 88 50
72 954 82 60
384 860 70 60
1534 778 76 60
56 598 102 56
1380 538 60 56
256 652 96 60
1716 638 74 56
288 986 82 46
1092 934 60 56
1284 520 70 58
1722 370 78 56
990 968 68 54
1604 490 74 38
1588 422 74 40
840 412 62 78
1086 822 56 54
1610 294 54 66
1496 990 86 44
1440 508 54 72
1462 708 78 52
1028 840 66 54
1736 110 88 60
1480 496 66 46
1362 714 70 44
1632 18 102 42
1224 466 50 68
1670 960 100 62
98 510 84 68
1584 168 84 46
18 774 68 72
40 314 100 74
1464 864 66 48
628 498 62 74
26 116 108 76
1396 468 70 34
766 484 72 44
1758 244 62 62
1072 26 74 44
302 440 72 34
540 778 70 56
654 432 70 50
1108 748 56 60
1222 758 58 46
1430 18 62 48
56 686 92 64
634 910 110 70
18 558 58 74
1220 630 58 44
1636 144 66 42
1720 586 72 44
246 918 80 56
1636 798 60 70
108 754 108 54
610 392 62 52
1176 48 40 80
1168 148 46 54
158 994 96 66
1690 852 88 36
112 786 82 50
1770 12 60 52
1588 840 74 46
60 426 74 42
1244 938 70 62
