1292 712 78 120
312 742 98 96
970 714 60 128
654 96 106 92
1024 590 68 130
1014 62 78 86
420 696 126 78
648 182 74 104
412 188 104 80
1046 344 78 98
830 274 76 112
914 844 106 76
700 366 134 60
212 790 102 100
724 796 112 86
1248 126 92 96
164 146 74 118
368 280 88 120
876 562 112 74
38 238 102 100
114 288 138 76
1284 96 136 64
1074 444 68 110
654 868 86 98
664 476 122 56
1620 882 96 90
166 450 122 82
1032 862 76 116
1508 214 82 104
980 366 80 106
1080 206 100 84
224 214 104 86
674 590 110 66
672 528 124 68
664 730 94 104
158 652 134 66
1042 136 118 76
128 64 106 88
1282 290 102 88
1256 576 86 102
1108 532 108 82
474 496 112 64
162 540 140 76
900 126 104 86
900 328 86 96
1220 662 122 72
34 6 126 88
478 328 80 118
1616 596 86 96
1110 828 64 126
800 818 86 92
1370 826 96 94
666 398 110 70
964 532 98 90
1112 312 100 80
1602 160 98 94
1456 318 80 104
238 144 114 86
1564 304 144 72
498 44 74 88
896 448 92 94
592 766 94 88
1362 394 114 88
1374 746 128 72
932 908 82 92
786 410 118 78
358 148 82 86
1410 238 82 102
1722 828 120 76
612 932 62 104
580 48 94 96
1544 922 82 110
1738 912 88 96
1244 460 66 114
462 608 104 88
1712 164 102 86
1506 18 112 74
972 188 120 72
794 514 94 82
228 348 126 74
300 646 136 72
594 374 72 88
1318 164 100 82
860 60 138 86
1260 22 118 70
822 910 82 106
1210 240 108 88
1646 724 84 98
212 888 80 96
1624 120 130 58
160 0 166 74
1514 370 102 84
0 512 142 68
0 588 146 76
268 580 126 82
602 658 74 100
1592 760 88 96
1732 120 100 38
1676 558 78 74
652 662 100 90
1646 254 106 80
660 970 98 90
750 294 96 86
1564 60 146 68
1470 154 90 92
470 132 96 88
44 964 104 74
480 892 98 88
260 42 74 96
328 54 98 94
1714 370 104 88
6 836 92 96
456 804 132 86
810 642 110 84
128 866 114 90
114 756 162 66
76 796 112 88
120 586 98 86
800 786 44 94
762 578 118 86
1232 912 90 110
1654 476 116 82
1212 46 84 80
1554 482 98 82
630 6 92 58
160 706 136 58
16 118 108 72
412 860 84 110
1688 4 106 58
16 328 102 68
42 698 92 58
1438 424 88 76
456 450 82 74
1416 910 84 100
