1386 520 102 92
1232 458 102 74
620 490 140 64
1510 376 84 106
628 14 116 64
166 102 114 90
740 940 106 74
1508 60 116 68
854 942 108 74
296 640 124 72
596 548 132 66
1420 338 76 116
936 320 108 68
734 230 118 70
1234 674 120 86
408 206 76 124
1434 800 78 110
934 382 124 70
898 120 92 56
1020 852 78 108
1060 474 114 70
462 40 100 76
1418 162 70 118
892 270 98 76
1358 24 66 118
846 142 64 126
1336 316 86 100
1036 662 108 88
1522 636 88 106
1492 516 78 104
1244 374 86 92
718 342 122 72
20 114 104 74
1238 272 104 80
1040 558 70 114
924 206 86 88
1646 916 146 84
862 658 116 80
872 320 68 122
596 362 74 88
492 748 116 72
356 694 114 72
1632 574 182 66
628 602 120 70
992 204 78 104
1442 612 76 102
1058 730 106 90
1112 544 80 112
952 878 66 116
1088 32 88 94
1682 88 100 68
1214 586 96 70
928 774 84 102
1438 278 122 80
664 740 108 70
850 716 82 106
1208 744 110 88
928 548 112 76
1060 22 88 62
1074 200 68 104
1720 124 106 108
1238 168 100 112
332 772 94 84
1336 678 70 118
722 402 98 86
788 60 116 64
1340 162 80 106
202 616 90 96
1020 120 128 50
752 648 120 74
472 104 98 84
1256 20 118 84
1466 910 108 86
1636 780 94 64
1502 172 116 78
364 878 98 72
1124 212 68 120
898 580 82 102
1712 708 110 88
1204 14 78 108
1676 278 94 106
476 638 118 74
146 876 108 86
740 576 126 68
432 522 82 102
758 710 106 88
1148 494 64 100
1592 192 106 86
48 960 104 64
616 268 110 84
762 292 96 90
44 686 94 64
666 802 100 84
224 690 88 96
958 454 116 80
838 588 66 122
1012 166 106 64
400 362 70 66
636 382 114 76
1220 874 66 88
210 296 92 102
266 740 92 88
806 514 112 76
1286 874 80 96
240 38 130 84
404 102 98 92
1426 450 92 96
1520 810 76 112
1346 422 92 92
668 126 104 56
626 946 112 74
44 298 96 98
812 396 104 88
640 194 100 78
1372 974 106 78
1214 822 88 80
1314 762 72 116
1306 958 86 80
898 468 80 106
460 344 112 78
104 842 118 64
1522 244 100 78
1098 330 70 112
1420 20 120 52
640 670 98 94
286 882 90 94
800 120 52 120
626 68 126 78
804 868 112 90
872 440 90 86
1358 884 100 84
436 376 90 94
1676 816 130 80
1292 134 118 82
344 110 76 104
252 262 110 86
1178 226 52 108
1212 304 70 74
646 878 130 78
1634 116 108 88
1602 726 94 74
1034 406 66 88
136 0 144 82
1662 392 148 74
1644 648 114 74
400 448 90 98
1044 354 78 92
1590 646 86 104
764 490 94 62
0 32 84 56
708 164 106 78
606 152 76 74
1672 468 162 72
122 230 82 116
514 840 84 86
150 710 82 102
1552 918 102 82
1522 752 112 78
616 760 66 106
400 544 34 100
1578 814 72 88
1070 938 76 100
64 24 118 84
400 768 32 92
520 552 78 88
