1230 668 136 72
280 780 80 114
686 730 112 86
916 618 64 118
1032 412 156 70
800 632 86 102
1670 352 92 94
510 200 68 106
1282 784 78 106
1318 384 142 72
440 538 102 90
1070 732 100 72
184 806 90 96
342 736 104 86
1652 556 90 114
636 236 114 78
1592 470 78 114
1224 414 134 64
674 298 122 82
1354 456 80 100
800 18 124 70
728 206 102 90
70 774 140 76
650 828 94 98
1346 106 88 102
1060 334 102 92
932 498 78 98
590 540 106 84
1356 312 104 82
1320 556 84 100
1708 684 96 92
1556 664 102 96
984 232 86 94
1548 388 120 68
1686 886 92 122
744 838 110 90
1384 20 116 82
1224 346 122 82
1354 202 130 80
1454 424 120 54
766 114 80 104
948 140 76 110
1162 26 62 84
1402 662 116 80
128 30 78 120
642 118 90 100
1050 196 118 76
1548 282 76 114
46 842 94 100
794 726 130 70
732 424 122 78
1352 694 88 90
852 196 106 96
410 208 94 88
938 412 92 92
148 156 88 100
818 362 76 124
870 394 90 96
866 470 110 72
1482 18 88 80
1482 742 82 98
482 640 80 98
1486 836 126 74
784 480 80 100
908 338 122 78
1110 588 106 96
342 148 102 86
208 2 82 104
1072 464 122 68
904 788 92 90
136 636 112 70
344 354 122 78
1216 856 64 106
434 822 118 82
846 510 84 100
1548 880 108 78
1240 592 84 102
1354 798 74 110
400 656 76 86
1650 796 116 84
1480 322 78 108
478 344 90 88
886 96 80 104
1454 118 80 108
1392 758 88 96
1584 220 118 74
246 86 134 76
294 902 116 82
1132 288 80 116
612 356 116 72
1226 170 68 132
1562 20 92 58
630 596 130 70
1108 486 102 90
802 784 114 86
72 566 126 78
1726 120 98 62
2 202 110 86
1546 764 82 108
594 194 130 70
1516 468 90 92
12 112 102 76
1224 60 84 72
1084 820 94 80
470 918 120 84
1622 272 202 72
430 722 124 76
166 886 110 90
1656 462 164 72
650 20 84 98
594 628 80 120
1534 120 122 60
382 890 124 74
1062 20 92 50
32 680 100 74
242 158 86 98
356 24 84 104
466 18 112 80
432 278 122 80
1352 892 80 104
400 60 52 66
1528 618 134 54
1636 642 100 98
480 110 100 96
938 888 102 86
382 446 120 74
1276 476 92 94
1488 218 96 102
170 956 120 92
48 964 94 66
1044 686 124 56
1260 138 82 114
1660 20 118 66
1580 148 98 98
1244 110 106 64
0 752 70 66
162 116 130 76
1054 90 80 110
282 2 100 90
166 446 88 96
24 506 142 72
1242 498 72 114
1076 60 94 60
894 946 84 100
996 630 98 88
492 766 104 86
1448 468 78 108
244 516 96 104
1064 900 82 90
170 692 124 104
814 66 96 88
238 320 88 98
30 408 98 64
1716 182 94 94
400 274 68 76
1418 580 124 86
0 834 60 106
56 262 122 86
1746 232 112 70
672 408 80 84
1146 244 74 80
766 922 90 102
1068 624 108 78
648 920 98 90
598 56 92 84
1772 126 92 72
194 234 136 86
1760 320 96 74
1754 18 112 66
324 456 104 86
