1536 182 68 70
312 98 56 58
406 46 66 46
1222 158 64 56
202 926 92 38
134 536 58 42
918 272 56 44
1336 80 54 54
668 238 56 50
726 228 64 40
288 810 58 56
890 910 54 44
846 462 48 68
48 266 70 42
64 794 64 38
170 258 82 40
340 944 82 48
954 812 52 54
1466 310 54 60
116 746 80 34
1660 372 58 44
758 398 42 54
114 666 66 50
216 826 62 46
1204 34 56 52
252 624 56 44
922 356 32 46
1072 520 68 52
730 966 52 50
270 728 58 38
644 918 70 38
348 648 48 54
1018 652 58 38
378 738 62 34
664 574 40 36
834 382 52 38
118 878 54 48
1514 332 46 60
1268 300 48 66
904 478 48 52
440 684 42 56
1368 740 46 32
800 634 30 36
812 552 36 40
436 576 42 34
1196 364 56 58
646 842 52 68
138 332 60 52
1094 2 40 26
86 18 74 90
916 674 52 40
842 62 32 52
1230 304 48 62
1360 500 44 32
468 212 50 60
1068 238 42 60
800 80 52 56
744 706 56 42
916 76 32 48
958 366 36 50
36 318 76 50
982 902 30 46
18 160 90 72
706 376 62 34
1236 64 46 62
1060 354 52 46
974 62 54 18
1716 464 52 58
586 616 32 44
64 602 50 50
278 862 62 38
32 896 64 50
806 858 34 42
522 666 40 32
936 364 34 48
1302 324 52 48
888 626 36 42
1308 638 40 44
856 544 40 60
768 782 50 44
1176 738 64 36
1124 620 30 48
1664 568 90 52
200 486 54 44
834 664 38 40
1082 370 58 44
910 548 56 38
480 60 72 68
476 550 32 44
946 576 32 44
48 710 74 46
910 584 30 46
1668 294 46 48
1180 446 76 38
1056 430 56 50
1140 2 36 38
1014 420 46 28
98 452 34 44
92 388 64 40
142 482 52 50
62 974 66 48
1016 900 64 42
302 970 52 44
1196 64 54 18
428 488 44 32
858 700 42 32
724 658 44 32
596 798 56 58
884 730 60 36
200 814 62 34
0 546 68 46
1262 0 48 28
800 664 26 32
1790 458 72 46
574 396 36 42
400 420 82 40
790 686 40 28
1052 128 42 66
1058 778 42 30
1032 56 34 40
