890 148 58 74
948 608 62 48
1642 236 76 58
772 232 68 42
1642 302 68 48
626 686 64 46
592 190 78 46
1306 106 64 82
36 238 86 58
912 458 52 52
1270 436 52 46
186 508 84 40
768 466 62 44
1062 508 50 58
230 370 66 54
572 88 72 76
418 646 78 34
724 660 58 52
964 272 54 50
892 306 60 44
1076 626 46 64
128 542 76 34
1592 86 84 58
210 712 58 56
1188 410 64 46
1186 286 66 42
78 360 76 52
1014 244 50 56
1064 794 56 44
418 262 58 52
112 706 92 40
106 484 74 48
682 580 48 56
330 760 68 38
1260 704 52 54
154 258 58 58
1302 918 60 44
902 362 58 38
804 330 38 58
426 210 74 46
960 774 70 34
1190 112 56 54
1230 1006 70 46
1038 184 78 36
734 362 50 44
1006 732 74 34
600 542 66 42
332 202 58 58
126 184 80 52
254 758 54 50
1100 376 40 66
1806 550 92 54
994 900 54 58
892 398 44 62
1174 512 64 42
686 640 48 46
18 358 76 50
1210 164 58 38
1204 216 58 42
1610 750 128 58
36 298 74 44
992 840 60 48
1046 942 48 62
772 564 52 46
960 466 52 52
1130 94 42 60
102 680 90 38
1190 478 62 42
646 36 78 54
1060 218 54 58
410 176 72 36
36 796 66 42
638 504 60 44
1060 136 62 44
414 794 62 38
1168 662 66 40
1116 524 44 68
334 816 46 42
1666 352 82 44
358 856 52 54
848 676 62 32
1090 846 44 62
668 954 52 60
386 200 48 64
1648 8 76 62
1066 96 58 42
1210 682 64 46
144 574 78 42
20 162 82 56
50 636 66 58
1022 460 48 54
742 560 52 60
986 400 62 64
1054 414 40 58
272 954 64 40
1028 768 50 44
690 996 66 46
174 236 72 44
118 750 72 38
508 824 64 78
228 36 68 54
158 948 76 42
842 622 48 52
524 740 48 70
1138 366 40 78
34 444 82 52
384 0 56 62
420 120 58 60
170 848 74 38
216 868 54 62
1176 944 56 56
1026 1014 60 42
1124 250 42 54
360 672 80 40
308 4 40 28
432 736 72 42
426 686 62 42
1132 908 44 60
46 716 70 42
1174 758 86 32
1802 352 88 48
372 72 64 46
1794 896 100 40
1782 924 98 54
400 146 22 46
1132 850 48 62
1064 14 56 48
1352 940 100 48
582 612 28 52
370 134 68 40
