942 156 40 36
1070 156 42 38
850 310 38 32
1106 254 50 34
1064 218 44 40
1108 354 48 38
1182 262 50 30
1086 392 42 40
894 250 40 36
1186 220 44 38
1006 586 36 38
1406 474 48 30
922 210 48 34
1054 406 44 38
1256 460 36 42
1254 310 38 36
1228 402 42 36
1380 250 32 40
1060 198 42 38
972 254 46 32
952 446 38 38
750 236 38 40
950 830 46 30
918 306 40 36
1024 204 42 32
1002 254 42 38
1092 670 46 34
1110 284 44 40
1204 162 42 32
774 804 46 28
1282 344 50 26
1180 400 32 44
1062 326 42 36
844 132 36 44
1102 322 50 36
996 362 48 38
424 176 38 38
684 260 32 42
1192 320 44 32
1448 314 48 32
1478 450 44 36
1090 588 44 32
876 800 44 30
964 354 48 36
1120 270 44 34
1188 350 58 28
984 398 52 30
1112 396 42 40
950 420 36 38
1320 572 42 32
1424 364 40 38
1100 526 38 38
1004 148 42 32
978 114 42 34
1034 892 28 48
1350 436 48 38
1452 366 46 34
1098 480 46 36
822 844 46 32
1404 532 40 36
132 608 70 32
1262 330 50 32
1066 282 46 38
1386 166 38 34
910 232 42 36
1200 648 46 26
1178 676 44 38
884 942 42 30
1008 446 42 38
1040 716 44 28
1202 366 46 30
458 334 40 36
1392 504 38 36
1012 420 44 36
272 388 50 28
736 922 44 30
628 368 38 34
1286 670 42 32
1046 82 40 34
1194 204 42 36
1498 134 42 36
1184 468 44 34
1330 428 46 28
1414 558 40 36
478 292 44 30
494 444 40 32
1280 596 46 30
302 426 42 32
1220 576 40 36
706 862 52 26
1514 0 48 20
804 948 40 34
444 184 42 32
102 768 80 38
94 126 58 32
1684 158 72 32
1056 762 38 40
1388 490 36 32
1092 224 48 36
1480 60 38 28
1174 524 46 30
1072 120 46 24
1820 272 56 40
846 732 52 24
1500 430 46 30
1712 378 38 36
1000 796 36 40
1584 0 40 32
1280 4 36 36
1196 662 42 34
884 1002 48 26
1084 366 46 34
1562 694 42 32
1468 240 36 36
1220 686 36 42
1536 374 50 34
1620 610 48 48
98 816 42 30
1160 662 42 34
1096 788 40 32
1712 238 40 30
1102 0 46 20
1052 746 46 34
82 854 74 32
220 68 70 34
1600 50 60 32
1174 448 46 32
1122 532 34 46
326 534 56 22
1512 322 36 36
176 916 42 28
1516 354 42 28
1644 336 48 28
1302 68 48 26
1666 598 42 36
1166 776 34 36
1102 194 42 34
1050 62 42 22
1080 266 46 32
450 662 40 32
342 218 50 28
1122 180 44 36
1812 676 66 36
208 344 60 26
1590 726 44 32
1192 286 42 28
990 454 38 40
136 1002 64 40
164 122 72 54
28 166 72 54
1666 372 54 26
1230 464 40 34
1158 486 36 42
1086 180 46 30
1664 70 38 34
1202 60 40 34
1052 22 32 46
1418 578 42 28
1108 456 42 38
608 232 44 40
1720 202 40 30
148 66 34 34
1186 174 42 38
1088 104 52 34
204 110 34 32
1718 220 36 34
1702 274 58 44
1688 482 40 32
90 916 54 38
1132 484 40 38
106 796 36 36
1124 302 44 38
1464 892 34 40
960 466 40 30
1682 328 56 38
