1334 200 106 88
1422 378 84 104
1418 222 78 118
900 66 82 102
1248 194 62 130
1320 304 80 106
1510 22 106 88
792 148 76 112
722 284 70 114
684 110 102 98
1348 544 70 116
152 154 104 102
908 704 102 80
974 176 66 114
1404 560 98 78
888 258 68 104
1090 612 110 80
1386 652 94 90
808 630 116 78
1422 870 74 126
588 152 78 90
1046 938 96 84
1014 20 96 76
948 780 78 104
914 346 136 74
1590 112 100 76
1222 628 114 76
136 754 102 108
422 350 104 84
624 60 126 44
1490 586 80 106
942 532 92 102
276 360 78 120
1078 460 104 100
1506 274 128 78
1060 132 118 74
806 290 94 100
810 384 132 74
1494 834 108 84
1032 854 96 98
1042 408 114 94
846 784 98 86
982 626 120 86
1012 754 82 98
1464 680 84 102
722 570 128 76
832 490 100 82
604 448 70 116
478 142 76 102
1234 420 118 84
1638 774 92 92
244 44 100 92
1244 704 118 76
1384 60 104 64
880 910 116 82
88 494 104 96
1046 208 62 116
422 934 138 74
1102 222 98 98
52 18 110 90
204 662 116 88
1146 768 68 100
1224 474 82 112
1316 54 92 98
1100 538 108 94
416 210 92 94
780 838 118 80
1594 182 112 88
1226 732 88 100
278 122 110 80
984 392 68 110
628 800 118 114
202 524 138 78
148 70 100 90
460 282 116 64
1554 322 116 88
1476 760 142 76
1452 106 102 92
1656 36 106 84
16 110 110 80
778 910 88 98
1248 124 108 94
618 682 90 102
678 714 110 80
0 288 92 88
224 776 116 74
1530 402 108 90
1402 790 96 90
886 440 128 82
298 184 138 70
678 896 104 84
426 636 118 80
264 728 138 78
1694 228 160 66
400 120 96 32
376 66 126 80
1648 674 88 96
1716 716 92 92
246 234 134 72
632 556 124 76
1116 836 78 100
400 482 66 88
1550 656 118 66
320 660 128 70
598 586 76 108
266 310 150 68
922 980 104 80
502 766 74 114
1532 706 106 68
1718 878 100 98
1492 936 114 80
304 574 90 94
230 588 90 98
1572 614 128 66
1192 574 94 70
1052 82 108 58
28 230 174 72
602 250 70 112
1684 596 84 92
182 286 116 84
1114 60 104 64
156 446 142 66
1634 408 108 84
0 536 106 92
0 618 158 84
1762 338 98 72
1732 474 84 136
1234 910 100 80
506 588 86 94
724 442 120 82
38 690 102 70
382 6 146 72
580 48 94 98
370 718 74 108
434 730 76 112
32 866 148 76
126 590 112 84
656 418 108 76
478 68 88 80
1746 102 100 94
1752 180 110 78
1668 120 88 88
1320 120 90 36
304 4 114 72
0 744 58 110
622 940 98 96
214 832 106 102
800 576 42 66
34 958 116 84
1598 544 172 70
