950 164 82 102
1266 244 104 66
888 592 80 96
1064 276 68 122
880 862 116 78
956 374 112 72
836 236 104 72
944 558 90 88
972 764 122 60
1106 326 78 94
806 302 106 64
690 342 108 72
1376 496 82 90
1126 850 82 104
1710 710 110 70
362 436 118 58
250 466 116 88
1632 654 118 62
1298 522 88 78
1020 880 86 98
896 310 86 94
600 110 128 74
1072 668 90 82
1134 480 78 104
1346 212 104 84
1074 734 96 88
86 880 118 84
770 736 94 70
602 20 132 82
426 172 122 76
1504 526 108 68
816 60 74 54
1252 404 106 76
1266 690 84 80
1320 422 68 100
752 914 98 74
666 236 76 104
726 160 68 110
1446 664 102 86
1224 104 120 54
946 694 90 88
1046 154 86 102
424 356 114 86
818 166 86 90
20 110 102 76
1214 732 102 98
1302 304 76 106
1240 150 100 82
1058 88 106 82
588 244 94 114
724 790 100 62
888 678 80 100
1466 390 56 132
1604 894 78 92
1504 302 100 92
1666 612 108 66
1138 584 70 110
1588 150 88 92
1400 756 70 94
1226 872 110 84
686 894 78 104
198 334 160 74
896 484 98 78
1404 574 96 98
1668 538 88 80
1236 20 78 70
498 940 84 100
1226 182 66 106
734 970 92 88
446 298 116 72
1232 516 74 114
100 640 132 80
1446 742 96 66
1148 754 62 100
1300 48 74 98
492 264 94 86
322 334 96 90
336 716 122 70
1516 20 106 70
272 638 132 68
810 570 58 122
18 196 104 100
1010 24 104 74
870 956 104 70
476 452 112 70
1482 126 90 104
930 434 122 80
1312 786 74 116
1344 728 86 78
248 290 140 62
734 474 116 62
1410 150 96 80
838 442 110 66
54 564 98 96
1682 78 96 112
1410 896 110 78
664 810 88 90
1368 950 82 86
1070 966 86 54
1486 588 102 80
786 488 92 94
28 402 94 68
436 612 120 54
264 24 70 114
1246 604 68 90
518 716 76 74
758 574 60 124
1594 120 94 40
162 544 98 82
816 806 98 88
796 358 96 94
340 60 124 62
1478 860 100 78
496 92 76 100
604 746 106 76
278 100 100 98
170 124 110 86
400 870 54 92
744 414 130 58
608 510 84 110
1630 766 106 94
268 588 106 60
126 192 128 64
1710 130 126 92
46 958 102 72
1028 630 60 122
622 656 118 94
604 834 72 112
1568 562 114 80
6 310 172 72
1072 918 88 68
418 820 98 92
406 752 86 92
1688 854 92 80
624 926 68 128
364 964 102 96
696 748 88 74
1684 354 146 80
1636 416 116 80
1432 958 128 80
260 0 130 50
1508 780 68 90
302 216 114 74
92 60 150 78
590 334 66 88
114 404 108 82
1148 16 64 102
684 548 86 118
530 784 66 106
276 184 80 68
428 504 116 88
1512 386 78 96
436 646 74 106
88 758 118 94
1680 244 158 76
90 472 118 76
22 476 106 98
370 254 98 88
138 0 138 90
198 250 80 104
400 30 80 72
1288 742 68 74
98 720 136 64
638 422 112 72
278 750 90 82
1530 916 98 68
1218 486 48 110
1572 472 102 76
