1224 500 106 58
1438 890 140 74
1598 272 106 68
1080 454 72 92
1074 604 114 64
726 176 92 70
1650 642 98 74
58 248 162 72
1060 874 110 78
1226 650 104 68
1242 188 124 66
1312 692 122 60
1452 34 84 116
1386 432 102 78
1392 280 94 102
1358 854 90 80
1586 360 120 74
1144 12 74 108
1050 694 118 58
888 778 112 78
966 110 88 94
1724 200 116 72
1276 736 94 60
1554 682 112 80
1632 524 104 84
316 440 80 108
1068 126 102 64
214 330 116 80
1714 618 104 82
1222 572 88 96
60 816 126 94
1466 554 120 74
1322 18 84 84
1758 330 88 72
1688 134 90 114
880 862 124 74
1718 258 100 80
4 0 120 48
1082 212 78 72
346 842 90 102
682 96 100 88
1368 750 80 72
264 896 100 90
1454 466 98 68
864 36 78 114
1520 604 104 72
778 768 106 90
600 86 94 88
400 532 78 82
1536 800 136 70
220 616 100 78
1220 736 70 114
844 938 88 98
220 776 128 76
710 958 86 74
1542 238 102 80
1058 746 100 74
1682 16 96 48
292 710 112 92
400 120 60 68
308 616 90 96
608 60 114 58
1342 120 72 78
498 896 86 102
1412 784 102 74
92 172 144 72
190 476 96 88
1556 470 64 82
414 302 94 98
96 124 140 58
114 898 128 80
1006 272 74 80
14 116 98 72
0 606 56 84
1106 64 66 80
424 630 90 106
400 60 74 70
1508 22 92 50
1602 896 116 86
984 20 96 36
744 886 98 78
1640 798 76 56
484 274 78 94
1712 806 104 82
466 210 110 66
1278 272 120 78
136 592 102 86
1456 120 72 32
816 146 96 84
6 60 112 42
84 312 114 102
1738 924 72 76
1158 686 70 62
1750 12 108 70
458 722 102 84
218 942 110 78
246 550 94 84
1718 474 90 96
504 108 82 64
430 592 84 68
1150 936 60 80
2 528 90 96
1220 34 78 92
328 128 66 50
140 750 112 86
1156 842 56 78
30 680 120 72
