980 366 80 80
1092 206 76 88
1002 456 74 94
1020 578 70 100
1042 668 90 68
470 618 130 74
932 692 84 74
992 130 96 74
962 14 80 84
1236 842 92 70
880 434 68 100
1066 730 116 78
842 242 64 98
1102 584 96 64
1412 18 114 80
1106 806 108 68
1068 24 100 58
1060 280 92 62
1064 378 78 68
1338 722 82 96
900 230 88 72
862 722 94 78
614 74 96 80
954 262 86 74
1224 580 76 96
1228 892 72 98
1306 654 74 108
1048 442 80 84
1240 174 78 100
1476 844 88 78
802 382 94 70
1438 388 92 82
800 448 98 58
756 198 88 72
1426 120 100 78
1356 386 102 62
662 240 80 86
896 302 76 84
778 778 130 78
714 60 96 68
1306 436 76 84
1294 296 70 104
1412 190 98 72
1576 146 124 68
30 596 142 58
802 126 112 96
1520 510 86 76
1516 26 98 88
1326 342 96 76
1362 526 86 98
1696 456 94 72
1148 260 64 94
1528 572 70 76
1460 460 98 86
360 662 106 72
1382 798 72 82
618 746 94 52
1558 460 92 64
882 842 88 82
670 650 90 100
1480 100 124 70
800 672 92 70
960 932 70 96
1404 254 76 102
498 850 100 64
1294 548 78 100
1460 624 72 116
1366 90 78 106
464 684 102 88
1288 140 104 84
1220 492 66 104
746 348 70 86
324 748 104 68
1242 658 78 58
1516 402 92 72
158 288 152 68
1512 684 90 72
406 832 84 82
1346 220 90 84
216 622 156 66
650 580 102 66
804 620 74 70
1586 60 88 64
1082 336 100 48
400 58 134 56
50 504 114 68
396 296 118 84
342 462 72 104
680 608 110 64
1634 518 98 76
468 766 94 96
1490 256 78 118
1536 934 68 98
208 842 84 96
452 496 82 96
442 226 82 94
1626 580 78 62
1222 60 88 82
46 960 96 70
758 592 82 76
1088 868 112 60
1688 752 104 60
1686 604 106 68
18 112 96 76
506 728 94 66
1590 312 108 78
638 174 68 92
1076 622 72 64
486 976 116 70
1322 956 94 74
488 206 98 88
1556 896 88 70
1680 706 114 48
310 690 90 74
378 582 114 76
460 896 116 64
1404 960 84 78
1674 126 136 74
722 266 88 74
344 812 102 70
1654 36 82 110
1076 72 76 84
1014 890 62 112
320 210 104 60
608 668 68 86
14 882 112 86
1400 614 92 86
268 152 114 70
306 58 116 74
1294 920 62 58
1382 866 94 70
1070 904 66 84
1640 918 102 68
270 468 92 90
420 954 106 50
698 170 82 64
1734 40 82 86
1696 286 122 84
1168 20 52 74
172 352 152 72
1720 896 92 68
656 796 70 106
198 566 114 86
818 846 78 72
706 316 64 94
1582 672 92 60
1226 272 88 62
50 230 122 86
798 920 74 60
218 120 66 54
162 526 92 90
598 140 62 78
640 930 88 96
284 268 138 64
0 578 64 84
706 928 80 72
42 692 92 64
284 860 84 106
456 372 110 84
154 436 106 62
1230 312 60 90
110 856 112 70
866 918 60 82
1498 748 106 62
402 112 74 84
1724 508 100 96
1056 984 88 70
782 972 60 76
1472 928 74 76
1600 870 102 48
1738 206 90 92
136 484 114 50
318 924 116 74
1174 196 40 90
142 70 86 82
1722 960 78 68
4 20 90 70
242 218 96 76
0 804 64 64
104 808 130 60
1600 390 94 76
634 434 74 84
1710 814 86 82
1610 728 92 78
1698 358 90 100
1154 944 52 68
400 390 68 72
524 320 92 60
1152 414 84 58
0 298 56 82
1020 70 84 72
1406 906 88 54
