964 324 98 76
1038 372 98 80
1372 110 68 90
830 630 62 106
972 628 106 70
750 16 94 70
1064 668 84 86
1462 276 122 58
1338 794 90 72
900 760 86 72
454 802 94 80
752 240 88 94
952 442 92 78
1504 910 82 70
736 344 94 80
1008 184 86 92
1064 280 92 84
1242 148 78 78
1540 562 92 64
1326 238 118 64
598 256 76 90
1232 90 96 56
342 466 118 68
1040 446 122 70
1336 396 106 54
1358 672 78 92
1050 784 92 82
618 608 134 62
1286 22 84 84
1626 464 104 62
230 436 98 58
1244 260 112 68
872 902 82 102
1424 658 116 72
1130 490 84 86
472 124 84 106
756 770 76 104
1292 492 106 68
1362 312 70 92
872 264 78 114
1288 314 102 72
886 400 78 108
1238 406 92 58
442 206 90 92
988 796 78 80
438 388 104 78
1326 540 76 80
820 786 100 84
768 578 86 106
628 16 80 70
1404 878 94 62
192 346 94 76
1472 722 80 80
254 768 120 66
1330 942 90 74
412 72 78 102
1248 806 106 64
1706 584 74 76
274 386 116 56
202 662 128 80
804 156 116 78
1512 812 88 70
1406 726 72 98
1648 582 68 92
666 918 102 76
974 534 82 96
668 858 108 74
424 934 104 66
278 826 102 86
1670 356 122 76
364 188 74 112
322 604 70 116
206 598 124 68
366 300 102 96
1222 570 86 96
1562 766 104 62
1074 80 80 90
994 54 94 84
766 406 72 102
116 862 142 72
1242 898 88 72
1482 486 92 78
682 322 72 86
476 348 106 64
614 658 108 94
456 616 138 76
1300 644 70 78
476 486 110 78
938 60 82 56
1442 334 126 66
1574 202 100 74
84 168 158 64
1704 512 98 74
1644 828 108 78
644 358 92 100
384 518 114 74
628 180 88 96
610 774 72 82
1430 130 100 80
8 482 102 90
56 296 122 80
1252 660 82 100
164 728 124 68
1220 456 94 62
1718 792 92 78
1046 888 88 94
216 526 98 76
824 418 78 104
1590 856 90 54
1644 686 88 86
1104 26 76 52
1632 136 104 72
354 946 82 98
1690 950 86 84
1612 968 82 80
1220 320 84 70
1690 636 86 86
928 554 72 86
138 776 96 88
108 448 146 60
20 110 110 76
286 314 108 84
1714 718 88 76
1604 68 90 84
602 358 62 90
1724 904 88 66
1266 748 90 64
14 194 116 102
442 296 112 70
356 12 104 52
126 12 110 76
258 246 108 80
1668 14 122 64
246 120 90 56
398 836 90 102
1584 480 82 84
38 588 106 86
496 874 90 80
646 136 112 72
1736 462 84 54
1464 84 124 60
126 512 112 86
336 86 86 96
532 122 58 124
1170 596 56 88
128 942 116 84
1592 904 102 60
1218 36 48 84
476 16 104 102
42 956 102 66
1682 220 102 88
48 690 84 64
140 60 90 32
266 958 98 86
1162 678 54 76
500 276 90 78
86 78 142 78
1740 406 84 50
600 164 48 80
598 60 72 56
1754 22 82 80
132 314 90 98
1648 892 82 70
