824 426 56 66
766 566 58 74
1592 236 112 52
308 242 86 66
734 424 80 42
1298 218 74 74
1430 238 64 80
458 96 78 54
370 146 68 88
644 420 46 64
792 310 58 78
920 524 58 50
1632 520 70 60
398 380 100 44
1328 342 86 60
1096 232 46 78
1040 180 74 42
628 114 60 76
714 758 74 48
206 658 70 54
852 662 66 52
74 336 92 44
680 528 76 44
718 478 82 38
878 276 58 66
836 510 74 56
36 266 88 42
922 578 56 54
300 700 60 42
580 590 84 44
1442 576 80 50
36 552 94 70
770 1000 66 54
1034 474 74 40
1188 424 92 46
1660 122 102 56
1654 392 74 58
894 606 52 56
924 60 48 30
1188 672 90 50
186 916 78 46
8 152 100 76
1244 722 66 36
40 710 86 64
158 942 70 76
372 18 50 64
832 928 58 50
1034 940 44 76
1508 466 54 34
34 458 80 42
4 648 88 46
1750 246 64 54
1670 446 78 44
1710 560 70 54
994 448 70 34
1776 964 82 62
1806 742 94 68
378 62 44 32
1692 176 94 76
588 780 70 48
