766 98 76 116
224 82 90 104
1238 618 102 92
668 236 116 72
844 454 130 76
786 600 110 74
1592 290 114 74
1456 918 110 70
838 648 90 68
16 112 106 74
898 564 112 60
896 164 90 90
598 146 90 106
800 840 96 78
1230 320 68 94
1032 412 120 64
1430 368 100 84
1524 244 124 76
800 374 52 102
1698 106 92 98
1028 532 92 102
1236 172 104 76
1130 582 74 106
1494 146 84 96
1446 66 94 88
1620 532 108 66
890 744 94 72
842 116 120 74
1420 708 110 74
890 678 98 76
1594 826 110 80
900 618 110 74
1062 932 92 88
750 678 80 108
624 788 126 62
850 240 80 104
1504 356 118 84
1552 44 96 92
1248 82 82 84
1086 466 78 68
946 306 112 76
666 86 78 108
1592 350 98 78
288 882 124 78
1270 260 76 106
590 72 80 90
26 480 88 100
1006 472 102 70
472 656 106 76
42 14 122 98
948 474 72 122
916 340 106 86
834 760 82 102
968 744 104 80
1056 206 74 112
452 120 88 48
48 956 96 68
1234 706 80 94
968 230 104 86
1268 20 98 74
996 22 86 66
1666 708 132 76
632 430 132 52
780 250 78 112
400 4 110 78
1252 388 102 56
1412 166 90 104
616 944 84 82
352 766 112 74
1600 894 108 64
670 474 98 82
598 530 94 106
1298 886 106 82
800 490 78 100
1720 222 114 90
860 894 62 120
1116 834 76 114
686 364 122 68
110 672 148 76
392 834 116 76
832 328 74 66
1670 600 106 108
1234 446 106 76
1088 718 86 122
50 192 88 102
648 730 106 70
1224 234 62 112
608 598 166 72
1058 642 118 74
262 658 128 86
428 178 118 74
1316 68 74 94
852 386 98 88
1390 82 74 100
696 840 108 102
708 294 88 86
378 694 118 84
98 120 130 68
1536 488 112 78
400 456 120 80
320 512 158 68
172 724 116 82
1568 422 112 80
1454 488 104 66
916 806 120 80
984 142 80 100
688 644 98 96
1300 154 126 78
1326 256 110 84
1002 634 68 120
1364 302 126 72
414 250 98 72
1642 14 158 66
1100 330 88 94
1386 492 114 86
152 0 164 72
958 950 120 74
1084 56 108 72
1132 222 86 100
614 660 96 94
1392 760 94 98
616 18 110 44
610 246 86 108
628 830 88 96
1548 728 78 82
1682 488 148 72
1460 284 84 100
492 806 90 102
86 310 100 96
168 524 138 76
600 332 56 104
1056 148 96 72
490 248 76 114
830 52 98 86
14 290 104 84
126 974 126 82
1174 60 54 56
266 762 108 84
906 910 92 102
270 370 122 66
1718 570 88 106
128 186 94 102
1334 800 96 106
42 846 140 72
236 260 112 96
1206 754 80 108
412 386 80 68
1690 298 106 92
800 674 36 94
1166 492 52 88
1070 20 72 48
180 832 114 104
270 222 146 74
200 338 140 74
314 62 82 92
1696 810 94 114
466 598 128 70
1102 288 88 74
1340 586 68 122
474 524 124 78
1596 726 86 94
1208 856 70 68
36 410 92 60
320 294 120 82
1432 588 84 96
344 140 82 100
734 492 74 70
182 242 88 96
594 468 96 84
1764 60 94 44
1738 322 98 100
1244 920 86 86
368 616 114 76
536 146 54 82
370 338 86 98
1588 602 72 118
508 722 84 74
1644 956 146 78
1470 18 94 40
740 4 50 54
1398 588 54 106
1276 970 114 80
1780 120 80 54
28 572 126 102
46 774 124 80
