1446 576 64 66
1560 592 84 38
1362 420 58 66
836 202 50 56
1474 302 62 64
240 200 62 54
168 300 68 56
348 150 62 52
646 362 52 58
932 550 64 42
1244 582 66 48
1492 876 66 56
48 322 96 36
1080 268 76 50
1388 102 58 68
710 820 58 46
836 846 68 42
258 724 72 42
1358 710 48 56
704 458 58 54
418 140 96 44
1632 392 68 58
1330 168 48 56
906 424 52 48
1284 230 66 46
734 586 52 52
644 636 54 46
1410 848 44 56
822 580 64 44
726 140 54 54
1250 814 70 42
1386 786 60 46
1046 188 70 44
300 60 64 58
174 660 70 34
1660 250 64 64
100 524 78 40
1182 476 82 40
968 352 50 60
766 444 46 60
1034 546 50 60
106 482 86 40
1584 260 78 48
702 630 44 58
372 96 58 58
184 248 72 50
330 414 56 42
48 652 106 48
894 596 58 42
808 520 48 54
602 438 72 58
700 702 48 62
836 500 60 44
926 324 60 44
1056 222 66 46
810 364 60 42
86 218 114 50
432 408 68 36
1004 768 46 58
486 248 74 48
462 346 62 44
808 474 62 38
212 420 60 48
1090 378 56 62
108 744 80 36
760 630 60 42
994 850 48 52
874 642 60 40
1044 500 66 40
816 878 58 44
1362 212 52 60
1044 684 70 42
1254 148 62 46
1188 662 58 52
850 398 62 34
712 1006 54 52
1098 520 38 70
776 90 50 54
888 356 50 48
844 682 48 66
602 896 48 80
106 414 66 40
1176 342 60 40
1172 804 44 76
1700 408 88 60
1198 220 54 54
676 470 58 44
924 90 62 46
890 690 42 48
1000 372 60 44
1196 436 72 38
1642 332 112 42
1038 452 74 38
112 944 86 54
1186 108 46 62
808 668 44 60
1448 694 52 60
1074 636 44 52
400 122 26 38
1446 790 70 44
794 992 60 50
1030 724 66 36
108 2 86 50
314 376 50 46
362 514 72 36
1222 186 58 48
630 598 56 40
320 528 66 42
1176 764 56 38
444 864 70 36
978 120 68 56
1188 726 56 36
1052 842 48 64
408 938 78 52
1210 138 58 44
1404 698 46 62
972 78 66 42
1420 22 80 46
1176 380 46 58
98 810 52 52
1060 138 62 44
1114 642 44 64
478 914 66 48
1086 106 58 60
1054 412 68 40
1140 84 40 62
1224 396 62 60
750 16 66 58
1094 796 42 56
800 634 28 36
1018 904 44 56
460 584 86 38
602 562 76 34
38 470 68 34
518 298 50 48
494 202 72 46
0 518 78 50
1774 530 106 46
1150 22 30 46
1044 476 64 34
1140 912 40 60
774 676 42 54
738 708 50 60
1040 430 70 38
6 150 100 72
756 690 44 54
1650 4 54 18
516 352 42 56
