834 828 100 60
952 364 72 94
1356 230 74 96
1050 806 110 62
1060 500 76 80
956 484 92 70
1060 388 98 60
966 672 82 88
730 682 92 70
888 288 80 84
744 748 80 94
918 196 86 86
992 120 92 90
1310 376 76 80
776 648 102 66
404 488 120 62
1316 542 114 66
760 576 90 64
876 514 68 90
750 342 102 62
846 680 68 86
868 608 86 82
1084 168 90 78
1664 484 118 58
858 452 102 56
408 548 126 60
676 300 78 86
1082 588 70 90
736 280 98 68
1230 184 114 74
788 60 112 76
1542 148 106 74
224 282 112 72
1444 114 116 76
926 894 104 76
1500 300 102 80
1256 390 76 108
334 112 82 76
272 504 96 74
868 984 104 68
680 374 100 80
1488 810 110 78
832 344 72 102
428 844 144 72
1680 334 124 66
660 614 116 70
992 934 76 88
458 620 120 86
1632 60 106 48
1274 734 86 88
354 932 104 88
408 178 106 60
1348 316 130 58
592 80 104 72
480 912 102 72
1010 428 98 60
624 726 88 80
822 496 72 96
1258 308 90 92
706 534 72 82
1128 588 80 80
1382 430 98 70
1454 608 98 76
710 840 86 102
1144 240 78 68
1228 42 70 112
1304 262 78 82
986 42 120 68
1078 76 98 72
844 144 100 86
456 12 130 62
220 136 126 70
230 724 120 72
1216 594 82 78
1108 22 70 66
1642 674 96 70
308 562 110 66
1524 528 90 104
1650 796 84 76
1732 532 102 72
1442 880 70 112
376 64 106 74
618 22 72 72
52 830 100 90
624 480 62 96
1216 738 64 102
1370 370 96 60
712 14 78 110
22 116 100 76
204 174 94 100
400 686 86 78
236 0 106 52
1360 678 66 116
1372 880 90 54
678 480 80 76
140 178 92 92
1460 348 92 90
288 250 96 80
480 120 76 50
38 956 112 76
442 696 96 90
1250 676 64 90
884 702 62 116
102 764 100 86
1526 16 110 80
1654 556 84 78
1718 408 80 84
390 220 108 90
162 896 96 108
262 634 132 76
642 932 78 96
1320 934 90 62
788 404 76 90
40 410 82 66
400 318 94 74
714 976 84 78
40 60 150 52
620 418 102 58
1626 418 114 74
262 60 88 94
546 500 66 82
190 426 126 86
1220 298 60 96
26 228 166 72
1626 608 80 68
524 964 82 90
1076 906 80 84
1532 218 96 92
1408 22 110 50
1720 716 90 78
342 296 80 78
1170 26 56 74
42 688 92 66
1686 158 92 90
372 780 108 80
26 586 112 94
1068 958 88 68
630 812 72 100
1632 888 164 70
134 0 94 94
1604 720 86 86
1394 934 70 60
542 166 68 64
400 396 110 68
132 464 94 96
238 578 96 82
146 576 126 60
1764 118 70 102
680 772 70 96
1744 804 58 64
80 524 116 74
400 0 74 70
576 362 94 64
268 806 96 84
178 120 92 44
