334 506 36 40
1000 628 52 28
948 296 38 38
722 222 38 38
832 252 44 36
948 646 44 32
594 444 40 30
1184 314 46 30
518 718 36 34
842 354 36 40
1106 244 36 42
1084 520 36 44
868 478 48 26
766 744 34 42
718 812 38 40
1008 472 42 36
918 462 32 38
462 232 36 38
1170 558 44 32
1056 492 48 32
1230 654 38 38
478 832 46 32
860 302 36 38
1060 298 44 32
872 96 36 40
1482 662 48 30
964 514 40 40
372 396 44 30
808 670 44 32
974 728 44 34
648 666 42 42
706 698 46 34
1020 530 40 38
1034 250 40 38
1080 448 46 32
902 158 40 32
1260 518 42 28
880 490 46 34
1416 670 42 38
944 694 38 36
326 212 40 32
1226 394 32 46
926 114 38 40
1286 608 52 26
956 222 48 32
768 502 38 32
1272 376 36 44
1192 458 42 34
826 402 48 32
814 510 48 32
380 828 42 34
1046 734 44 28
486 514 44 30
422 440 38 34
448 748 38 36
864 682 48 28
1478 608 42 32
170 600 40 38
1360 620 56 24
218 682 48 32
634 196 42 30
944 818 44 32
654 230 38 34
452 558 42 34
938 212 44 36
610 202 46 34
1388 758 40 36
1536 716 38 36
784 90 36 40
1028 642 48 26
488 742 40 34
942 506 42 38
464 818 44 34
596 122 38 38
982 524 36 36
1202 206 38 36
288 966 34 38
78 790 40 32
250 2 52 18
806 754 46 30
1522 416 32 40
1016 316 38 48
958 774 42 36
1530 530 40 32
1208 182 38 36
1172 758 46 30
134 740 50 26
210 710 42 30
1096 432 46 34
88 518 40 38
154 272 62 44
200 504 54 24
1174 434 40 34
1088 690 50 32
1062 760 44 30
1664 260 100 60
648 724 50 30
1282 900 44 32
46 274 56 42
120 936 74 34
942 188 36 42
430 930 54 24
70 642 48 26
338 34 38 34
160 414 48 28
894 86 38 34
888 506 48 30
1376 68 32 40
878 120 46 20
648 702 38 36
606 94 38 40
1106 414 44 32
112 676 52 26
490 630 46 28
522 534 52 28
1336 838 38 34
894 764 38 40
520 170 38 40
836 378 38 32
1094 786 50 30
1160 714 42 34
1104 914 34 44
126 220 56 32
1102 818 42 32
1102 142 44 30
1354 816 46 34
174 708 46 28
590 632 32 36
154 602 32 36
604 836 32 32
1098 486 48 32
1178 874 44 26
1664 130 50 42
30 570 38 30
274 360 40 34
94 684 48 28
1040 334 40 38
1028 480 46 32
96 494 44 28
450 376 44 32
634 416 50 48
400 390 22 40
1090 472 46 30
1096 184 48 34
1664 468 66 40
1660 644 68 40
400 784 22 44
246 90 38 32
1108 220 36 34
862 988 30 40
76 818 40 28
1172 740 42 30
36 676 36 26
114 298 34 36
920 494 42 32
86 668 48 28
1188 190 30 44
1146 2 30 44
