358 642 82 116
864 186 96 94
826 834 74 114
608 154 68 134
970 614 110 78
1224 838 112 80
744 232 90 90
694 134 98 96
1226 712 116 74
1224 640 136 72
422 128 96 98
962 140 64 126
1228 398 148 66
1476 560 82 102
418 654 162 84
652 50 86 104
1352 360 106 86
706 576 76 104
870 262 66 120
1294 296 172 76
862 416 90 104
230 492 104 88
220 264 92 96
894 674 58 118
1060 126 110 72
16 856 108 88
614 712 120 74
1250 904 80 104
100 154 184 72
868 94 128 88
914 298 88 116
400 792 116 82
712 324 98 82
1004 536 86 98
902 568 90 102
164 676 110 86
1068 722 102 80
1536 18 110 64
950 24 106 82
1376 618 120 78
1348 826 82 102
76 442 174 64
1242 304 82 106
802 60 126 52
1642 276 92 98
978 94 108 80
774 610 118 66
1448 872 94 98
1246 506 92 90
600 642 80 116
1448 60 104 94
1114 772 96 70
718 758 98 90
1620 542 114 66
478 728 80 100
1554 506 86 98
258 558 126 74
1084 210 100 92
754 858 66 110
1576 154 80 100
1238 60 96 90
798 514 84 108
1064 632 114 76
1720 538 104 98
698 896 70 130
1516 772 70 118
418 296 142 72
842 474 86 102
1356 522 112 82
400 598 122 74
1030 890 118 78
338 464 88 90
990 288 88 102
1480 354 144 58
1512 280 116 92
758 432 108 54
960 388 102 88
112 842 112 84
1118 466 64 124
360 188 138 76
412 340 90 88
1294 236 128 80
392 504 94 96
1512 646 84 106
238 920 94 92
102 284 120 96
184 52 102 58
656 392 132 68
1304 912 102 100
1552 698 110 76
1350 746 128 84
400 258 90 66
482 480 108 80
1462 718 100 102
1056 350 92 108
238 720 96 92
392 854 90 106
1532 400 114 72
474 60 88 54
998 432 80 104
1556 120 104 46
1422 296 78 104
1588 806 70 110
114 222 158 66
748 652 100 98
302 144 108 90
1330 672 98 88
998 712 60 128
1430 468 86 100
1590 586 98 92
1710 712 96 118
896 848 88 96
1344 152 84 102
744 466 120 56
1630 208 102 92
1072 498 68 124
1086 38 96 96
1218 754 70 96
34 686 90 70
446 544 116 78
300 276 110 76
1630 438 118 82
1130 828 84 90
1194 580 110 84
958 688 52 148
128 620 152 70
956 938 98 106
1114 304 70 118
1250 132 94 110
10 34 72 56
20 772 102 90
362 950 110 68
426 6 76 76
644 318 76 114
1690 12 104 88
16 404 102 74
104 574 98 88
296 224 124 64
1568 58 136 96
14 494 102 76
618 774 114 68
2 114 110 74
1046 942 110 80
1252 198 78 94
326 340 110 74
646 120 90 40
456 914 106 84
1180 298 56 118
1394 102 72 82
118 758 120 86
1742 208 104 110
312 416 138 66
614 850 90 98
1658 750 112 138
592 522 74 80
1608 376 96 72
856 790 100 88
110 502 134 70
606 8 88 94
1064 286 82 76
1412 16 88 56
1722 452 98 98
1494 438 82 106
1688 602 110 84
1338 60 116 98
212 796 142 82
302 898 116 88
