1476 134 54 62
1518 48 78 46
1316 722 64 36
1618 680 50 50
678 162 50 68
386 962 68 32
216 24 62 56
1364 992 54 56
110 296 58 46
1296 430 54 60
1014 606 68 36
994 462 58 38
1316 874 62 48
38 524 60 50
1360 144 60 36
96 544 48 54
480 886 56 60
826 580 50 50
586 392 58 62
1362 556 56 40
1592 594 66 34
1822 650 78 38
176 648 66 36
1446 370 48 52
42 242 64 46
808 238 50 40
1660 470 84 50
1230 768 64 38
928 916 50 42
134 206 58 44
1642 544 106 38
938 564 40 36
1192 886 36 38
1554 622 48 42
1074 326 42 36
1298 564 36 40
1198 692 60 34
1068 790 32 46
888 1002 52 48
308 130 52 52
912 556 34 40
984 660 48 46
1188 508 34 44
990 542 50 42
1632 786 100 72
664 704 38 38
1044 730 52 42
444 174 64 42
370 618 40 54
206 154 56 58
372 702 50 38
968 708 40 38
990 1010 44 50
1246 638 50 36
1182 306 64 34
1010 312 46 32
1406 336 42 54
1810 550 62 50
420 880 60 48
24 372 70 38
604 686 56 48
1618 856 78 42
786 332 48 42
214 362 60 36
850 346 50 46
914 354 60 34
902 602 60 34
1180 94 28 48
836 792 46 34
1054 170 60 38
1082 396 38 38
808 910 42 54
1194 224 50 52
1696 558 68 54
916 746 46 56
400 848 42 50
1232 1000 54 44
1276 526 44 58
1060 380 40 38
702 628 34 44
1036 334 42 32
304 662 60 32
96 510 72 34
1694 656 52 44
1030 650 36 44
400 238 24 42
388 754 54 40
398 342 58 40
324 228 34 42
754 822 42 34
594 536 56 52
728 756 42 32
984 348 42 34
1440 336 40 30
1282 96 40 36
1216 196 44 32
66 644 64 30
1286 164 42 32
1810 318 66 38
1002 270 36 34
602 630 34 42
714 786 48 36
1232 898 58 42
146 678 68 34
750 862 44 36
812 372 42 36
1270 196 64 40
748 666 46 30
1078 976 28 46
794 664 38 38
986 230 66 32
398 270 44 32
806 650 38 38
1056 436 48 28
1052 356 42 34
592 904 68 62
414 126 82 36
1808 458 90 38
1254 152 42 34
1808 512 76 36
246 216 48 50
832 680 50 32
1284 120 48 24
1220 580 38 42
784 678 34 42
1212 934 42 36
730 690 38 40
976 282 44 32
1120 142 40 30
1232 132 40 40
1096 794 36 48
1186 370 44 30
734 648 42 36
1090 294 64 32
396 290 40 34
362 246 36 42
1252 584 32 40
1156 852 44 32
1686 142 110 86
1810 378 76 50
402 720 26 40
1002 292 42 36
1298 142 44 32
252 978 42 52
690 688 36 40
1118 424 40 32
1102 402 38 44
824 656 48 32
1166 60 40 20
1448 298 68 38
836 340 38 38
