666 870 92 94
222 598 114 84
746 240 92 94
486 724 80 110
1092 492 116 76
930 738 78 118
692 144 80 98
94 458 94 104
172 428 82 98
388 634 110 84
886 822 92 94
1440 560 108 84
1642 446 78 106
948 178 66 130
1350 352 70 114
844 272 140 68
886 912 108 86
752 658 114 76
1088 20 122 66
800 746 64 96
874 622 140 70
1100 554 72 108
712 408 100 84
284 832 90 102
956 666 116 68
716 510 82 104
1444 902 106 78
1212 398 154 74
808 430 116 72
594 172 112 86
618 618 94 84
1256 786 76 110
664 46 98 94
886 52 108 76
654 318 100 90
120 742 128 86
1040 622 104 82
894 444 108 70
1028 408 112 76
998 344 74 122
422 894 80 106
974 560 96 82
1240 182 82 98
1526 796 106 90
896 554 102 78
1090 208 106 76
1534 268 72 110
1320 294 160 74
390 828 108 72
778 162 112 82
670 756 80 104
1334 200 86 100
1554 584 116 80
1442 230 100 94
1610 558 130 62
168 654 90 98
804 348 78 110
754 60 134 54
438 310 128 76
616 120 92 66
1074 338 96 88
1644 736 134 84
996 470 120 82
1232 460 86 92
1302 558 110 84
1326 700 92 90
1398 704 94 86
902 118 118 70
1288 634 84 84
30 688 96 74
1478 86 128 82
938 310 84 108
1220 870 104 86
864 332 98 80
446 546 104 86
1242 694 74 98
598 236 100 102
1228 66 88 58
1066 768 116 60
1526 488 124 76
1764 192 96 106
1016 180 72 106
1396 470 104 82
1422 322 80 118
1040 914 104 94
622 524 84 100
608 864 60 100
1350 986 96 72
294 492 168 70
142 120 104 58
1056 80 140 74
1258 110 100 86
252 520 112 92
1418 836 108 82
18 478 88 114
400 336 100 94
1356 128 100 86
622 686 66 120
1220 624 80 72
1030 826 82 108
458 468 120 80
10 108 106 80
1326 776 86 90
1522 358 82 100
234 756 122 72
1078 256 78 92
708 604 130 68
764 120 100 76
694 630 84 94
972 730 114 70
1520 928 98 104
1742 632 110 86
1742 802 80 100
480 50 96 82
840 198 104 76
512 826 90 116
986 70 76 118
1414 170 132 76
1310 50 74 86
1770 294 84 104
1226 548 96 88
1046 146 116 72
1342 854 80 118
1562 880 128 76
212 800 78 106
290 218 128 76
400 180 80 104
20 580 84 110
6 322 116 66
994 252 88 106
1428 392 110 82
1006 18 86 44
1606 788 136 72
120 838 112 84
594 344 84 106
1530 652 136 86
1224 272 68 128
1048 706 112 86
1234 966 102 84
622 392 122 82
1520 16 86 62
428 388 146 70
1594 374 120 76
222 134 112 84
1154 830 56 94
866 500 104 78
498 130 72 92
1084 60 102 36
1376 26 96 52
612 470 90 72
1608 174 68 120
1456 60 100 60
1654 850 94 90
414 54 78 102
150 894 124 90
400 438 64 98
1706 26 140 52
516 220 58 112
1524 188 90 90
298 66 126 68
42 966 92 74
336 874 98 104
1634 640 92 98
1102 842 68 104
1380 932 82 82
1630 60 112 72
20 844 106 136
1716 908 112 90
590 14 78 114
1600 284 108 90
1518 148 148 62
