816 662 70 116
1480 610 70 120
1488 486 126 84
1036 340 100 68
1228 378 118 82
774 856 96 92
944 324 88 104
1118 540 88 84
944 840 94 74
80 756 108 92
1224 322 70 92
800 306 136 78
214 202 86 94
470 126 90 104
1328 168 80 96
800 200 86 90
714 234 78 100
1254 672 100 98
958 610 78 120
1222 750 114 80
818 776 104 88
1088 758 112 66
1374 58 118 86
1490 794 126 78
1494 338 116 68
714 804 116 68
132 614 130 68
1088 244 82 108
1356 240 118 84
248 492 124 78
1228 92 114 78
892 236 70 118
874 60 82 100
1498 112 98 92
1486 402 150 68
264 122 68 122
246 700 80 114
1538 642 108 82
214 6 96 96
736 494 126 66
748 106 96 98
728 428 116 64
1344 430 76 110
1024 204 88 94
362 826 108 84
312 208 178 72
1030 570 82 100
854 448 124 76
1256 60 102 48
1050 510 88 96
1520 194 100 86
100 882 100 90
958 100 106 86
324 542 78 116
140 276 120 80
422 776 122 70
476 216 100 96
302 104 142 74
300 902 110 86
1028 420 114 82
238 612 98 104
916 730 90 108
644 168 90 60
1064 176 106 72
8 194 110 114
1046 940 108 94
1426 382 82 100
680 850 78 102
1500 936 104 84
512 792 82 78
1086 22 110 58
12 118 110 70
1158 224 62 124
1718 222 104 84
1246 162 98 90
1454 844 98 88
190 534 96 92
1008 874 136 80
52 496 146 68
602 476 80 94
596 584 92 76
12 8 94 100
388 8 102 86
1380 322 100 90
1222 586 76 106
804 384 112 74
840 586 116 82
706 580 96 94
608 644 136 72
286 0 102 88
1216 208 80 102
1600 694 88 98
830 524 142 74
14 858 112 84
658 90 96 94
1654 568 110 84
1776 120 92 38
1090 120 70 58
638 222 92 66
1662 656 140 76
1424 20 120 60
1224 482 70 108
1584 290 106 88
1004 20 94 52
170 666 108 80
1084 810 98 84
624 340 76 108
594 242 68 80
1088 602 74 128
608 844 76 108
1648 496 158 70
430 568 116 88
592 164 64 70
1624 790 104 86
496 36 78 84
400 644 150 74
1434 252 94 88
92 554 90 100
1648 120 94 66
108 128 138 78
422 488 124 76
150 66 122 84
1594 60 84 114
292 352 96 88
400 278 114 62
674 570 98 60
684 752 92 68
354 450 96 94
616 758 94 72
170 428 128 84
468 690 88 92
350 324 152 78
1696 438 128 72
1714 856 82 104
200 850 88 104
1234 902 88 80
600 318 90 66
38 692 100 64
228 804 110 94
510 334 72 100
1622 230 88 100
88 292 76 98
1194 20 62 124
110 956 160 74
1288 852 112 78
1742 606 86 112
1582 18 120 64
652 708 106 54
654 948 120 76
472 968 116 80
1750 60 108 46
8 590 114 88
796 60 106 62
910 938 100 112
