912 424 50 60
922 548 50 60
984 386 48 62
870 480 62 48
1200 126 82 50
796 896 58 66
716 390 58 52
762 476 54 54
136 578 64 62
970 450 78 48
276 352 78 40
834 628 50 54
1288 98 82 56
82 250 80 66
520 700 48 74
152 40 114 58
426 902 50 70
18 242 76 72
592 362 76 42
196 744 82 42
970 926 64 44
362 832 74 40
1092 56 62 54
868 66 66 56
734 694 54 60
744 20 44 82
134 792 86 36
1054 214 64 58
206 992 74 44
584 548 34 42
588 844 76 58
1312 60 78 44
84 896 112 40
488 430 54 60
800 94 76 56
692 470 66 48
978 2 76 58
52 788 84 52
864 610 66 34
6 148 100 80
1644 268 60 68
358 398 68 36
626 752 46 56
746 94 58 44
36 454 78 40
470 550 70 38
384 874 68 50
616 474 34 36
38 704 90 62
1376 772 52 52
1434 900 70 42
1070 912 66 40
302 626 56 52
632 438 76 52
1042 376 68 50
1000 754 82 54
1026 664 54 38
220 954 84 38
340 424 64 44
492 96 68 58
802 122 54 22
1054 156 58 44
54 976 74 46
