394 248 60 64
1402 70 58 62
420 382 70 44
1230 626 60 62
908 562 70 36
154 546 78 38
1576 364 74 60
1210 282 68 50
1084 378 46 64
1054 564 48 56
40 230 70 74
670 308 56 44
712 702 58 46
758 738 74 36
1556 764 50 52
306 556 50 48
1662 254 122 48
934 686 42 54
896 52 54 58
854 906 54 44
1036 202 56 56
820 544 66 48
434 638 68 42
34 612 60 46
842 320 42 64
486 296 58 66
600 634 58 44
176 292 70 40
262 346 94 32
580 410 52 44
116 688 78 32
1828 804 70 60
102 504 80 34
1004 170 46 50
490 874 58 42
642 550 56 36
70 512 58 58
1038 688 54 50
1182 486 60 40
598 718 54 48
302 896 42 52
1184 732 56 36
412 320 56 44
484 548 48 52
96 832 56 42
74 116 98 44
1066 496 42 58
452 76 72 42
1040 432 50 48
1060 80 50 50
154 652 60 34
586 170 76 68
188 238 58 46
1020 130 56 38
764 590 40 50
1036 752 62 38
422 786 46 44
596 566 58 42
322 22 64 48
1200 214 58 40
714 262 72 32
454 508 62 38
416 856 58 36
1160 940 58 40
480 616 64 38
1208 166 60 44
694 400 80 38
1190 104 42 66
996 706 42 54
366 910 56 42
448 730 58 40
1028 478 50 40
946 864 48 44
728 852 56 36
126 928 62 38
36 446 82 48
1170 788 50 48
436 986 48 46
1044 916 54 40
260 470 58 38
184 806 52 50
1072 792 50 40
838 638 46 62
690 794 54 38
218 770 60 38
662 878 62 32
460 278 60 44
78 648 72 38
312 830 36 40
1622 732 60 40
1124 370 36 62
678 838 70 34
774 350 42 48
422 734 38 36
400 652 22 40
400 846 24 42
598 668 48 48
240 928 50 46
1678 60 114 76
96 784 50 34
454 692 68 38
1034 1014 56 40
730 304 54 44
638 818 58 38
1682 768 64 34
218 598 68 46
812 628 40 64
990 818 48 30
1034 512 52 44
1114 200 36 42
254 732 40 32
362 718 40 32
18 158 88 60
348 804 38 38
578 122 52 58
512 72 44 64
102 448 70 30
658 954 54 64
580 606 36 36
152 770 48 40
68 344 70 42
1120 180 34 38
