970 456 68 58
1430 566 50 68
860 500 68 52
960 526 80 46
1346 618 58 64
514 296 82 68
700 374 76 44
988 646 50 66
784 786 54 74
1298 558 90 44
1606 406 78 46
1092 450 74 46
1090 586 82 40
406 346 68 70
716 116 74 64
896 84 62 66
426 292 82 52
1478 608 80 50
1638 568 62 58
1656 500 72 52
238 892 96 54
1520 718 86 44
870 836 86 54
1424 752 66 52
822 656 84 50
1324 276 66 74
502 106 66 68
1010 584 56 62
292 594 92 58
830 224 84 56
1656 776 56 70
190 18 110 54
238 678 86 48
102 278 104 48
1566 62 72 70
1118 338 56 70
1480 152 54 62
756 658 70 44
1490 282 66 60
366 660 96 54
1722 172 84 48
1550 492 104 38
780 502 66 50
1592 844 58 68
1522 376 74 44
20 324 86 56
1680 264 70 68
1338 754 62 46
198 92 64 68
1086 392 80 48
326 240 64 70
1104 632 58 60
676 724 54 66
132 728 88 52
1120 192 64 58
1092 732 56 52
330 968 88 46
1352 804 64 52
1264 494 78 42
620 134 98 86
1600 678 84 56
1552 636 74 50
824 706 74 62
1678 644 98 54
326 184 84 46
1136 876 48 68
318 742 82 42
1236 824 56 60
696 906 52 68
520 784 62 52
1228 652 70 44
1008 870 62 56
934 580 82 40
1068 180 66 48
1694 140 76 52
74 482 88 64
1446 208 60 56
420 700 58 48
290 104 82 54
1332 84 70 48
1540 832 58 40
92 228 96 40
480 694 82 46
922 984 58 56
430 166 62 62
276 256 66 66
1224 728 68 52
328 896 76 50
1376 256 66 48
166 168 94 60
408 890 80 52
496 490 86 42
864 890 60 52
798 442 88 56
1552 194 72 46
470 968 72 64
1392 72 58 48
992 940 80 46
1420 138 58 66
698 578 64 46
718 716 60 48
142 922 92 56
1076 924 74 42
40 498 66 70
50 122 98 64
662 866 56 60
1120 828 66 42
552 974 76 46
1566 316 52 50
136 338 132 44
134 50 70 82
1226 380 70 44
640 572 56 64
132 618 94 46
978 978 64 46
420 750 56 48
432 936 72 48
810 894 50 60
1674 702 56 64
1556 970 84 40
1258 964 60 54
1030 128 76 46
1540 778 86 50
1458 918 56 88
624 326 104 48
1078 800 48 62
1216 762 44 58
44 608 100 58
1098 126 66 52
1726 710 60 50
634 824 48 82
1272 244 50 58
1378 218 56 36
1256 284 60 54
468 784 58 64
250 770 74 52
1254 136 70 54
1216 618 46 48
344 126 74 56
1242 218 50 60
676 622 76 42
68 950 96 64
160 870 84 52
1236 410 72 36
220 726 74 54
1592 160 66 42
850 980 72 42
96 766 76 64
538 732 82 50
1174 216 40 64
734 888 70 62
1586 526 76 40
612 20 118 68
784 950 50 56
46 48 98 50
300 788 68 54
406 66 66 62
1250 104 66 40
458 128 54 66
1498 18 66 40
1104 86 80 34
1046 990 50 50
1480 666 62 52
1224 892 58 56
112 548 90 66
1288 436 64 48
1710 804 66 68
64 682 90 56
1762 52 50 54
1168 60 44 60
894 122 54 22
618 250 58 88
1006 766 90 50
1830 800 70 62
1506 898 66 60
1174 488 40 62
624 674 52 56
404 220 58 52
1224 340 56 50
1752 222 56 50
1518 672 60 50
1172 764 42 66
362 816 64 50
1534 886 66 54
1670 60 86 56
632 444 70 38
1188 340 50 66
532 596 72 42
1462 76 62 44
284 978 62 44
1734 462 64 44
44 0 106 42
1218 492 36 54
722 980 58 68
1252 198 72 44
20 190 76 72
1066 26 66 48
830 18 58 46
206 470 74 68
610 494 32 40
1242 988 50 48
1696 24 68 42
