688 402 80 40
58 518 90 44
1832 872 68 62
1474 346 80 38
342 764 66 38
1316 800 60 44
1358 456 52 48
220 218 66 38
604 704 64 48
250 920 58 62
1074 242 54 56
1592 44 72 44
1644 868 56 56
282 726 62 40
1574 602 58 38
802 542 60 48
84 850 78 40
1350 148 66 44
908 442 50 54
114 396 82 34
944 320 62 42
686 540 66 34
1412 648 62 40
850 650 62 36
1522 382 68 40
1382 312 72 38
1466 532 54 42
248 592 70 34
120 130 76 52
1484 772 52 58
696 762 52 56
770 242 56 48
452 348 56 42
100 674 82 30
692 906 50 44
726 626 44 56
946 132 54 50
1346 252 54 42
720 70 66 44
168 0 76 54
1508 88 62 46
390 558 48 54
644 180 62 52
1280 378 46 58
1574 492 64 44
1026 738 44 60
880 792 42 60
862 528 54 46
1540 788 54 56
652 106 56 66
1252 298 70 36
1636 538 60 52
832 292 46 54
408 442 70 34
1200 232 44 52
1040 668 52 56
474 560 60 46
1414 214 70 36
712 198 50 66
772 704 64 42
592 624 68 46
592 940 80 46
348 640 72 42
584 396 48 66
1660 278 60 52
1416 470 60 38
476 266 70 44
1046 172 64 36
604 360 54 62
772 768 44 52
832 112 58 48
1324 82 56 46
608 846 68 38
1042 464 62 34
1342 676 64 36
760 130 62 38
134 266 70 44
584 554 80 30
1098 638 40 56
1630 644 98 38
1182 448 76 36
1318 708 48 60
1336 332 48 48
576 86 64 76
706 476 54 34
1174 530 50 46
296 282 72 36
500 412 66 46
816 828 40 50
126 44 84 46
1050 860 56 44
938 270 58 42
500 166 54 52
966 974 46 46
1610 222 62 46
1124 240 38 68
848 200 44 60
80 252 70 40
828 162 62 36
1212 206 60 34
382 370 56 44
206 370 48 58
432 142 54 52
1260 32 64 48
476 794 56 44
1180 430 68 34
892 588 52 32
862 346 44 50
390 96 74 44
990 106 58 42
676 590 64 36
1644 696 72 76
1034 504 62 34
936 608 54 46
200 332 62 32
1714 308 72 44
688 856 60 36
800 766 20 46
584 286 78 52
338 574 48 48
818 924 44 48
1680 570 76 66
424 400 58 40
866 872 52 44
1728 206 66 52
228 360 74 36
1054 208 58 40
494 992 74 40
586 780 64 38
1088 912 46 58
1028 978 56 40
1248 340 52 40
1774 832 74 48
290 334 66 32
784 986 62 34
436 30 52 54
1556 838 70 36
336 262 56 40
986 536 48 46
1248 920 56 36
598 60 56 54
1376 888 58 38
1794 742 72 48
1174 680 58 44
1598 110 68 80
116 924 82 40
1596 676 50 52
432 846 48 48
1192 842 58 40
1596 274 50 48
1034 800 68 34
1078 510 46 50
1350 978 46 44
1190 374 64 38
476 56 66 46
1112 518 38 64
1170 780 58 36
1474 970 50 48
1458 168 48 48
1640 496 62 42
1032 562 44 44
28 820 70 42
1006 210 42 52
1272 994 46 48
800 124 28 34
1642 332 58 44
1034 604 56 36
188 938 60 44
1658 374 82 46
1216 528 58 36
1262 698 56 40
480 892 60 42
1380 68 60 44
952 510 50 44
1492 174 54 58
1002 258 48 50
400 186 68 46
1198 4 60 46
20 160 78 60
312 362 56 50
490 850 52 48
1106 840 42 50
1182 920 34 40
1418 966 54 42
0 578 70 46
1666 972 56 56
1236 704 34 42
1838 936 60 52
1690 720 58 58
1160 620 40 30
1418 904 64 46
402 224 50 40
678 606 54 48
1656 936 74 38
1164 654 30 50
352 208 56 40
402 122 52 18
40 454 80 40
442 62 54 18
324 156 48 42
