40 274 62 44
912 634 34 40
724 614 38 36
846 226 36 38
464 346 34 40
752 250 40 40
406 166 66 36
850 108 40 30
1060 376 34 42
1234 452 38 40
276 216 42 36
1238 160 44 34
662 394 40 38
798 258 44 38
932 562 36 40
1216 488 36 42
400 260 28 42
172 460 40 32
706 414 40 40
1332 468 32 44
1246 284 36 36
386 528 40 36
430 426 40 38
1042 248 40 34
1078 254 34 44
298 346 60 30
832 132 36 42
792 710 48 30
1230 98 42 36
1242 252 36 42
816 664 46 32
772 110 32 48
874 142 42 34
296 928 34 44
240 778 44 30
1356 464 42 36
1092 530 36 36
1190 122 40 34
226 714 46 36
1454 324 46 32
116 612 36 40
530 362 40 38
950 546 40 44
174 124 40 38
1028 320 48 28
648 780 52 26
856 124 38 30
1190 76 38 42
1540 62 58 38
1032 192 44 32
1434 226 44 32
380 1006 44 30
188 656 36 44
494 504 42 32
500 256 50 36
1020 728 48 26
172 314 42 36
752 900 36 40
190 232 40 32
1022 834 46 30
194 720 36 34
420 38 60 38
386 132 46 30
266 940 38 36
636 548 48 26
956 24 34 46
1128 196 38 38
210 980 48 28
854 886 30 48
416 678 34 34
440 946 38 34
730 414 40 32
286 900 36 38
214 1018 32 40
126 86 52 60
1472 182 70 44
400 120 36 28
1062 6 32 38
784 930 44 34
1094 426 46 34
136 60 52 20
114 810 46 26
1164 750 36 34
1472 276 54 28
1168 480 30 46
1090 470 36 40
188 636 36 34
1820 270 56 44
774 254 40 34
142 32 54 58
202 66 32 38
1226 172 38 36
1672 370 70 50
