1368 186 70 42
1586 198 58 60
1294 260 62 46
1566 76 58 60
658 140 48 56
1362 312 64 62
598 342 62 54
1496 184 54 54
786 416 56 50
734 260 46 58
774 176 58 52
1532 420 66 40
444 242 68 48
864 102 48 64
1494 14 66 70
1318 404 72 42
920 348 46 56
1314 452 62 38
778 566 68 36
1490 146 74 36
256 56 82 62
786 372 60 42
1066 500 52 56
470 810 70 42
442 398 60 62
1620 716 66 34
844 644 52 52
1804 560 86 60
866 474 54 50
1570 486 72 34
1274 596 60 42
1122 86 46 74
644 306 48 48
1566 624 56 50
1610 314 64 42
1404 390 60 44
1376 142 68 36
1048 910 44 48
446 84 74 40
312 710 68 36
954 460 50 54
1056 678 62 40
618 218 64 40
118 684 74 34
972 872 56 46
390 328 46 54
912 436 42 58
822 704 50 44
136 526 54 46
602 708 54 40
1634 82 80 54
1200 158 74 44
1678 208 58 72
574 224 50 50
162 716 58 40
918 594 48 74
1452 368 44 58
78 56 96 52
1442 56 64 48
778 612 58 36
748 794 64 36
1062 214 64 62
192 488 56 34
1698 320 68 48
710 352 58 50
1236 484 48 50
1032 644 58 40
964 916 62 44
862 384 46 52
632 742 44 56
640 790 68 40
704 718 66 34
1548 338 50 58
636 448 66 42
1410 786 68 38
1042 376 38 68
1494 62 50 20
944 610 52 56
108 768 80 38
236 398 66 40
572 122 34 34
702 462 44 60
312 270 56 44
14 154 96 74
1080 380 64 44
1030 160 58 58
1402 488 58 34
1576 562 64 38
1784 774 84 42
476 122 70 48
1424 0 56 46
338 320 62 42
706 592 60 70
1678 788 68 48
52 650 82 38
1184 398 40 36
1664 164 78 48
386 940 62 34
442 328 48 52
374 748 64 46
1182 672 38 36
20 536 64 36
608 450 52 56
1718 106 90 48
44 858 102 74
92 808 70 44
992 768 60 36
1178 708 60 44
118 988 96 42
1118 480 36 36
1166 464 44 62
58 970 74 54
1648 772 32 40
