166 520 88 98
1418 352 74 118
256 602 132 76
634 320 84 106
1240 80 64 94
1132 242 80 94
1242 418 92 94
1058 192 114 74
608 228 110 84
660 64 72 112
704 894 66 124
1114 570 94 90
990 374 68 110
980 306 122 76
1286 490 82 90
1528 464 128 68
1272 238 72 106
1378 278 90 108
1626 134 86 104
384 268 112 82
1030 542 106 88
1720 526 92 106
1256 758 108 86
582 122 66 110
1634 488 102 98
1220 466 72 122
1116 60 82 92
1468 416 148 74
1340 726 88 96
1372 820 100 88
978 236 132 76
836 588 108 88
806 154 128 80
380 660 78 110
250 248 90 94
920 584 120 86
328 124 82 110
994 484 84 98
1214 598 92 98
1406 586 70 104
1326 606 88 84
734 110 96 92
1476 220 108 86
1066 468 108 90
668 408 104 82
1270 574 98 68
746 22 122 58
848 24 70 108
400 60 86 64
1402 940 108 80
826 400 140 70
928 170 102 96
1624 638 110 72
1138 840 70 112
1512 892 114 84
1040 112 80 102
1002 154 76 90
804 210 94 98
1560 588 76 106
1028 770 86 68
1456 592 118 72
420 860 78 98
452 606 134 82
1342 232 94 102
840 502 78 112
606 546 112 92
772 518 82 98
1422 718 98 98
750 586 92 102
334 940 102 92
1556 698 104 82
490 56 84 82
166 716 88 92
1296 60 86 96
612 844 82 102
826 902 70 118
678 694 120 82
1648 698 92 88
750 442 112 72
986 60 68 84
1628 790 90 98
1224 212 66 98
1352 900 72 114
1022 956 86 94
1032 392 116 88
1064 650 92 104
498 292 82 84
152 640 132 80
790 844 66 124
618 628 126 82
1724 674 78 90
324 326 112 80
1370 668 88 96
1572 288 78 106
580 60 94 70
210 760 104 90
1704 254 78 102
1592 60 108 82
1356 508 102 96
608 684 80 112
864 472 112 72
422 138 86 108
2 904 100 96
136 850 112 80
30 500 126 76
1194 320 92 82
200 302 102 92
1486 306 86 88
1482 822 104 82
276 690 106 86
724 966 130 76
156 438 178 78
2 304 106 86
1404 144 102 90
8 112 100 78
1676 130 128 78
1090 776 102 82
1476 84 84 88
444 466 120 82
400 946 48 78
244 810 144 86
404 14 132 58
702 300 114 82
322 756 110 84
478 126 102 100
122 924 118 84
1726 340 102 72
278 60 118 66
910 60 82 80
430 720 138 74
400 210 116 70
1722 752 106 74
616 18 108 46
1232 908 102 80
424 532 104 96
1026 662 64 102
722 240 124 68
1628 270 84 96
400 534 50 92
1308 18 90 44
488 654 106 82
1206 868 92 98
1760 200 84 100
596 482 88 86
424 336 124 64
88 628 104 98
22 410 104 64
1620 884 68 110
268 874 124 82
1408 86 92 68
332 540 104 82
56 60 138 68
224 60 88 44
466 784 116 70
1208 20 64 114
604 414 100 88
128 288 106 76
120 164 136 82
1558 950 102 100
1676 50 156 86
1730 458 100 72
464 366 104 94
336 840 82 108
