1468 116 62 62
1482 228 64 48
1496 386 58 56
1394 400 72 40
274 310 68 56
190 186 70 38
1314 564 62 42
1302 388 58 42
1628 334 92 36
302 60 62 56
230 998 94 38
1486 42 62 56
242 792 70 40
346 938 54 50
82 228 78 54
1298 242 58 44
1376 174 56 54
406 666 72 34
818 270 58 36
80 520 70 44
958 116 46 58
102 470 100 38
426 948 48 56
258 694 52 62
168 880 64 48
1546 354 88 32
736 54 70 44
382 840 74 36
950 192 52 50
374 756 66 30
956 702 44 56
1522 510 68 38
850 686 52 48
934 472 46 46
330 522 60 42
1262 684 60 38
44 638 58 48
122 718 74 36
856 444 48 54
1222 264 42 54
1434 632 56 54
742 110 60 36
836 554 46 52
1180 408 64 46
594 292 80 36
952 934 52 46
748 404 42 58
698 382 66 30
594 852 74 36
710 10 50 58
702 986 66 46
1020 630 58 40
598 694 74 44
1192 116 54 54
706 550 42 58
996 518 48 44
900 274 64 42
1534 872 72 42
970 330 54 42
1660 692 64 58
1530 282 52 54
1232 124 46 58
602 762 72 58
1604 674 56 44
1186 618 80 38
730 878 54 50
800 582 40 62
806 354 46 46
492 98 54 48
994 658 48 58
1584 288 64 38
1660 54 66 50
848 400 64 38
1018 322 68 34
148 220 64 44
614 258 70 40
910 332 44 54
700 452 48 46
202 838 64 32
1056 166 60 36
1472 492 56 58
930 244 46 46
794 666 40 40
220 680 52 48
412 180 72 36
1572 622 52 42
590 140 42 48
904 558 42 60
608 560 48 50
1686 182 64 54
1704 470 60 46
1006 864 54 44
1280 836 36 40
1472 794 56 40
110 662 64 30
126 936 84 38
714 838 40 46
180 666 50 46
730 632 40 56
1044 970 48 52
1082 922 30 50
1092 540 58 34
1210 184 48 54
1086 106 46 52
1540 798 54 52
1586 548 84 30
676 632 62 38
572 0 54 86
1456 842 54 42
1506 684 56 42
1682 232 66 56
290 634 58 36
486 232 68 42
1038 120 42 26
640 648 38 34
1580 464 72 34
1090 458 36 40
1582 770 50 46
370 620 60 34
1302 0 38 32
286 588 62 32
1018 68 42 34
42 450 74 40
574 526 32 42
1058 856 32 44
1790 850 78 42
352 580 40 34
1248 2 40 32
574 396 38 36
460 532 62 38
66 900 78 44
20 158 82 62
920 994 82 38
1346 896 46 46
1036 754 54 44
1750 148 52 58
504 168 58 40
1650 952 66 52
1540 0 62 50
510 336 58 40
1644 464 82 38
1812 894 66 48
1812 494 58 46
1110 424 48 32
1152 120 38 30
422 564 46 26
