1008 314 102 64
1494 326 114 68
786 232 78 96
794 304 96 78
1422 488 82 88
1340 708 74 86
192 706 74 72
1062 458 120 60
898 486 100 64
1008 152 80 100
998 592 118 66
710 576 110 62
1372 398 94 80
1096 338 96 84
448 296 112 70
1314 434 66 96
1370 236 74 88
1232 664 106 62
904 552 116 76
656 506 100 78
1524 820 86 90
1060 114 108 62
1010 750 78 88
1060 694 100 62
1086 624 76 82
1462 594 82 92
960 502 116 64
982 72 86 80
784 392 106 56
832 614 62 104
1426 236 94 98
912 706 94 76
872 282 84 112
1120 750 70 98
1236 84 94 78
1156 580 56 96
1570 700 118 62
1650 446 90 94
1320 342 106 68
1548 376 116 88
1622 210 118 70
1532 634 100 68
1304 838 72 92
1214 726 114 62
1450 756 102 64
348 936 102 82
1236 162 84 88
450 580 114 78
1410 892 90 58
746 506 94 68
424 64 110 76
490 646 88 106
414 498 118 92
1306 288 82 94
1214 600 74 100
1548 182 80 100
1500 698 88 76
1090 884 94 80
1228 258 92 64
646 264 90 88
1330 138 74 112
92 586 118 76
1606 118 102 92
698 100 94 102
1514 522 80 102
1220 484 102 62
730 664 84 88
1694 138 92 76
1456 824 86 86
1058 812 102 68
1140 500 72 80
1228 428 116 60
378 194 146 80
1214 298 52 100
1494 450 86 78
1588 510 86 96
400 714 62 92
1732 514 90 90
1000 940 68 88
756 60 96 78
262 564 104 66
1622 592 102 56
22 118 94 68
1380 60 78 106
1168 220 48 92
414 638 94 110
110 450 144 58
1078 24 100 52
414 830 72 100
932 984 100 64
800 434 100 72
14 304 122 84
628 780 120 80
512 932 96 90
84 878 118 86
500 226 94 66
1664 746 134 84
512 128 68 82
484 18 92 54
1670 252 102 80
284 500 100 66
0 194 126 74
458 854 104 88
276 676 114 74
334 0 92 94
80 502 114 72
986 812 80 76
1472 98 92 114
178 120 98 84
318 844 118 70
812 982 110 72
1222 856 66 88
1580 772 88 108
1638 304 82 106
1542 956 90 84
12 774 128 80
60 830 94 82
302 790 98 80
1774 142 74 60
622 896 90 72
750 634 96 64
200 522 106 76
1004 890 106 66
1180 316 50 106
1684 74 86 82
212 0 68 54
614 282 56 92
44 692 88 58
520 326 74 88
226 62 90 98
268 0 90 68
1700 318 124 80
650 14 64 48
594 60 54 80
520 508 88 76
1210 748 58 94
1700 700 116 70
106 10 142 76
1670 542 116 70
610 632 88 68
0 492 96 92
1106 56 80 70
1162 140 52 70
1452 982 96 74
540 584 52 78
1706 960 78 74
1184 24 54 86
1754 60 88 58
