1720 268 84 70
844 274 56 62
778 240 58 56
1012 692 74 40
912 572 76 40
1064 560 58 68
802 568 54 72
1258 662 50 70
326 348 62 64
1070 382 58 52
134 170 92 54
1672 512 88 50
1048 234 58 70
716 580 46 72
844 48 64 66
362 210 68 62
1004 740 76 36
1360 464 58 58
788 740 58 60
958 492 42 70
1472 594 74 40
892 208 50 68
1192 606 74 38
964 284 68 50
1068 266 54 80
990 184 62 50
1406 240 60 64
630 792 50 60
1032 792 66 42
1016 528 48 60
580 616 80 64
1590 128 96 44
1316 204 66 46
586 376 78 44
1516 662 82 42
1580 904 64 78
766 438 46 58
1286 782 46 60
1200 496 42 60
1430 722 56 60
968 228 54 52
840 496 70 42
758 168 70 40
580 184 60 90
22 310 98 68
116 522 62 42
484 186 64 60
824 158 64 48
456 642 50 48
458 376 86 46
716 468 58 56
1310 344 76 46
628 450 68 46
1444 494 82 40
1356 48 52 64
162 410 70 50
1170 706 76 46
1320 936 80 42
1182 424 66 42
1316 158 72 42
1226 298 66 40
1286 412 80 40
674 668 68 46
1390 82 50 76
1274 88 64 68
1206 824 60 64
576 274 100 46
638 256 70 52
716 60 60 64
972 60 66 56
340 594 88 48
114 648 68 36
188 80 88 52
212 668 62 42
648 714 68 58
178 480 82 44
586 732 78 48
1052 176 62 52
1092 90 68 56
1396 184 66 52
576 60 62 114
694 980 42 68
908 818 62 84
1222 238 68 42
1514 124 86 44
1630 604 130 66
814 450 52 56
908 448 54 44
678 894 64 38
400 592 22 48
1744 170 64 56
1298 708 68 48
1294 300 56 48
1006 442 42 68
1168 956 50 46
1052 954 50 54
746 678 60 48
920 1002 72 34
642 980 52 64
144 564 62 46
1396 866 64 46
1096 912 48 56
962 874 52 60
1194 890 54 60
420 512 64 38
1044 442 38 60
1576 302 72 54
1200 146 64 34
1156 74 48 80
1160 856 48 72
1310 984 52 56
772 990 50 46
590 858 76 42
1456 912 80 46
250 978 56 60
1708 390 72 58
242 712 60 40
152 120 94 46
780 494 50 46
956 444 56 42
16 150 88 72
482 732 68 42
492 348 74 52
1286 268 70 38
16 366 78 56
1220 120 58 42
116 704 66 36
1776 680 106 66
1476 706 66 54
1230 84 50 56
494 968 60 48
1204 210 70 48
970 144 78 32
1226 968 56 52
592 902 56 50
1642 922 64 48
480 564 58 54
926 796 72 30
192 902 74 38
1482 732 60 68
1374 0 68 50
1216 0 56 64
502 810 46 62
954 14 52 52
1318 764 60 38
120 750 68 34
1070 120 82 48
1118 182 48 60
1320 806 62 44
1696 872 56 54
518 458 54 48
1406 118 118 50
1656 996 56 56
1456 838 50 58
490 514 62 44
1204 180 68 36
996 954 56 44
1440 216 90 48
492 682 60 42
184 744 48 40
480 918 68 66
764 916 56 54
436 730 52 40
172 696 56 38
1490 306 72 48
1000 908 60 40
1676 132 108 62
608 480 60 40
206 836 58 40
