1304 238 84 78
1060 410 108 56
1026 562 106 58
1086 602 80 70
1106 824 80 98
434 730 86 70
844 14 64 92
838 960 102 82
990 858 90 78
1052 286 74 106
678 856 84 90
1286 112 86 74
1538 536 108 64
718 544 88 104
238 212 116 66
756 740 78 90
50 570 124 68
1618 366 100 70
1690 248 154 62
446 308 130 70
372 294 86 96
892 760 74 98
1076 88 96 78
1398 164 116 62
712 990 92 62
1302 544 88 86
1340 644 80 82
376 788 92 110
1356 436 102 66
450 204 114 94
754 676 98 72
1516 196 102 84
642 234 90 100
766 180 80 110
998 184 88 104
1712 342 94 72
1096 336 72 74
1592 16 102 56
704 670 86 78
912 324 80 90
772 824 84 76
1148 298 74 86
954 384 96 96
660 402 84 84
316 132 134 78
1084 190 98 96
1620 628 106 80
1232 66 86 78
904 178 104 86
206 596 142 64
1516 100 90 64
502 612 96 100
1076 678 64 118
862 454 110 62
1432 402 86 92
126 686 132 66
150 800 122 86
1510 280 84 100
846 158 72 100
868 316 78 78
20 120 110 70
1672 714 120 70
614 572 78 100
414 360 130 80
1392 24 138 80
604 166 92 98
836 514 132 62
116 234 98 84
596 384 90 74
88 886 120 84
394 564 106 82
270 898 128 78
1344 122 94 86
1512 426 84 90
230 40 126 82
6 770 110 82
1222 878 76 114
264 774 88 96
458 838 88 86
738 508 122 52
364 640 124 62
1336 298 84 100
1342 778 108 72
1300 884 84 114
1720 618 98 76
460 924 108 80
606 246 54 116
1602 722 94 90
1618 52 76 100
1300 630 56 88
996 948 84 82
1370 862 102 76
444 456 92 68
494 780 96 62
40 508 170 68
1726 60 100 60
1698 786 90 102
1650 906 90 64
1438 524 88 102
340 8 88 88
364 478 80 106
250 312 96 94
0 252 78 84
472 512 94 90
778 398 92 102
30 320 130 62
258 494 100 86
618 970 66 80
1668 480 114 82
1728 512 100 94
1246 602 74 100
1120 46 62 90
164 744 114 68
654 806 96 64
1048 920 86 88
42 694 98 56
622 846 62 84
650 96 112 84
490 120 76 84
414 100 146 76
310 386 142 60
42 964 104 68
1206 738 60 118
400 132 40 78
1188 28 52 100
184 330 96 80
618 472 72 86
1478 56 92 90
1702 962 74 70
1692 130 142 90
450 22 114 70
296 440 124 60
1166 138 62 72
160 966 128 74
