1616 140 64 42
136 322 62 42
94 176 96 34
1530 716 68 34
1540 452 56 38
194 312 64 42
1554 246 66 36
30 548 84 32
322 798 58 38
182 22 52 66
120 450 72 36
800 604 28 40
1558 652 60 38
30 306 70 42
866 210 34 42
996 246 38 36
590 344 38 36
936 678 30 50
648 30 64 44
432 366 64 36
908 496 40 38
1656 24 56 54
1002 516 32 46
1110 534 32 46
1508 990 72 36
124 652 62 30
938 236 34 40
1018 450 34 48
874 538 36 44
762 120 56 38
424 524 58 38
1360 366 44 46
966 732 40 38
984 562 36 40
1276 642 52 38
704 634 44 32
1650 562 88 50
840 812 56 36
1378 44 60 40
914 186 48 32
128 752 62 32
656 404 40 38
936 420 34 42
896 586 36 38
688 814 56 36
1120 376 36 44
738 398 44 34
856 260 40 36
964 280 32 44
106 542 58 32
46 370 72 38
1262 310 50 48
1204 472 38 38
918 242 36 38
1038 560 38 42
672 210 34 46
826 736 38 44
880 388 28 50
1194 712 40 38
830 642 52 32
664 572 54 28
1228 22 64 44
898 238 34 38
1184 774 36 42
676 458 36 42
1704 80 66 54
88 308 60 40
1306 2 62 44
274 568 46 44
450 876 50 48
92 902 54 44
734 286 40 34
1646 678 66 44
958 608 38 40
1642 642 90 34
934 366 40 42
758 580 36 44
1842 740 52 50
642 512 42 32
1090 122 50 22
1256 896 58 44
894 678 36 40
46 236 72 64
514 158 54 50
980 692 50 30
1026 828 52 40
722 744 50 28
800 236 20 50
1416 154 50 38
808 300 38 36
868 328 36 42
1330 224 56 36
800 210 20 44
1352 192 42 34
274 732 68 42
1190 110 48 48
1028 786 42 34
1804 382 92 38
776 246 40 34
758 640 38 36
814 682 38 40
474 332 40 32
1812 930 86 40
1086 346 34 48
716 368 36 38
170 900 46 44
950 564 38 38
862 304 34 42
1478 206 34 42
1094 484 42 36
950 518 46 34
1558 92 60 40
1012 148 38 40
1212 308 48 44
1294 690 38 38
1106 920 38 42
418 868 54 50
276 632 38 38
590 678 68 32
754 800 58 36
800 648 30 34
734 194 44 32
844 400 40 36
646 704 52 40
1510 102 60 38
1200 762 44 36
1040 740 36 36
300 96 72 36
832 348 42 36
594 274 32 40
664 994 56 36
1058 188 42 32
1046 710 50 30
1700 476 62 52
910 288 40 36
878 166 52 28
760 332 38 38
1096 424 40 38
1112 320 38 44
800 124 22 34
344 722 60 38
516 840 62 38
1166 880 40 34
1416 262 56 34
1180 504 34 40
742 240 38 34
930 556 42 36
1578 880 56 42
1378 262 44 56
1404 2 52 50
234 908 60 40
1068 148 46 30
740 656 44 36
1108 26 56 44
716 672 46 30
986 964 48 26
360 278 32 44
104 812 42 48
758 186 40 32
722 208 46 28
184 808 52 38
1414 104 52 42
760 684 40 38
1544 888 50 40
490 572 36 38
916 544 42 36
602 848 58 36
512 126 32 40
316 642 42 34
1130 120 44 24
376 624 34 42
778 202 42 32
1096 760 38 36
902 530 36 38
1050 8 32 36
474 66 76 48
446 252 50 54
1196 428 42 34
1066 260 32 48
1192 60 58 50
724 968 60 32
206 750 52 48
1102 734 36 42
800 630 26 34
934 528 42 34
1694 34 74 52
1140 234 40 30
758 1004 60 34
374 200 42 34
1202 908 54 38
1182 198 32 40
690 512 32 38
1176 566 34 46
186 60 50 20
924 1014 32 44
1028 1002 60 40
1632 828 38 38
400 226 40 32
238 936 50 42
366 990 32 40
348 326 52 48
308 74 62 40
778 664 36 42
922 576 38 34
964 580 32 40
1084 666 44 38
970 1022 40 32
406 322 44 48
18 158 88 64
1148 94 34 44
590 612 36 38
520 562 38 38
804 342 38 38
1444 164 40 30
838 306 32 42
352 638 36 38
1650 788 64 62
140 862 56 40
