1074 452 92 58
1080 710 66 98
756 590 92 84
776 762 106 58
1554 476 94 74
656 62 96 84
1346 690 108 58
800 808 100 80
1234 422 116 62
1236 340 88 90
1018 770 96 90
1042 396 94 66
944 474 112 68
174 546 122 66
810 912 104 96
820 376 70 100
1074 332 112 78
1360 628 102 64
434 612 108 72
816 74 100 74
614 530 134 54
766 514 82 84
848 522 112 80
748 216 94 90
1262 486 82 80
1016 248 104 74
1234 644 76 68
738 416 112 68
1018 890 124 68
1036 578 114 74
1368 224 80 106
854 470 106 64
1424 60 98 94
1234 716 70 88
1154 502 64 78
1672 364 110 78
1254 284 110 70
1346 510 80 84
600 308 158 86
1230 178 72 100
960 120 70 104
1064 848 102 66
1226 840 80 102
634 584 102 58
1410 480 90 62
30 24 142 82
1518 326 96 114
1350 422 80 90
1240 942 100 70
1482 498 84 70
1046 122 68 100
1524 116 138 78
644 182 98 96
1384 916 110 94
652 418 108 70
1134 576 82 80
424 252 72 88
468 684 100 72
600 218 88 104
1290 734 90 92
616 930 80 94
940 392 98 64
682 782 82 80
1386 316 88 88
106 692 158 62
1510 650 126 84
894 356 110 58
274 564 98 86
1546 576 110 68
1500 792 112 60
1674 154 112 80
332 468 88 82
1610 282 86 116
1688 852 88 90
1558 766 100 66
24 110 98 78
364 262 80 96
488 386 114 68
1414 772 108 78
1704 520 100 98
1072 92 86 74
1638 596 92 98
1116 24 90 86
942 974 108 76
866 412 112 70
44 954 100 74
396 672 84 90
174 440 116 70
1666 232 122 74
492 828 98 78
90 472 96 96
34 404 88 64
220 306 140 58
534 640 60 86
1724 294 112 64
50 302 98 76
374 186 142 72
1748 10 96 104
692 232 80 104
1312 144 110 80
408 730 96 62
408 124 134 78
778 120 100 88
1182 310 54 112
1454 570 90 78
1222 480 58 78
514 774 86 80
422 468 86 94
1644 460 166 64
152 0 100 84
318 596 100 90
634 804 80 106
1562 934 106 84
1668 92 124 66
352 136 92 78
244 352 134 56
20 486 88 100
480 290 86 106
326 682 78 96
418 334 86 80
966 26 84 72
610 764 62 84
0 742 52 94
1216 586 52 100
220 796 116 84
142 182 88 106
1240 84 104 64
506 30 72 102
998 60 102 60
1664 8 96 88
76 216 66 80
0 228 60 78
264 120 104 74
258 700 100 76
1744 102 114 84
214 132 80 106
1654 60 86 30
1240 998 70 56
1650 894 84 110
44 214 62 90
80 750 146 74
1418 542 110 54
1158 686 62 66
142 848 100 76
194 246 100 84
1654 794 90 70
458 12 76 62
1732 746 84 66
24 672 118 76
1718 802 94 82
400 786 48 88
606 650 50 112
1166 762 50 98
336 790 96 94
834 120 74 32
238 424 94 50
400 14 82 80
1270 32 106 70
516 240 66 72
30 584 126 76
