244 734 102 92
1546 478 80 112
776 108 118 88
998 774 98 88
404 506 100 98
834 218 68 120
792 366 104 94
984 432 82 100
1000 136 58 126
150 86 106 96
964 16 94 82
1366 688 136 72
1026 530 136 78
702 544 102 74
1530 744 84 110
1360 502 88 100
960 370 84 78
906 244 120 84
1074 256 154 88
1436 268 100 102
882 832 88 100
898 92 88 114
268 620 80 108
238 60 100 90
668 808 88 102
976 592 92 90
1032 88 98 86
820 552 102 88
202 334 92 98
406 224 90 108
632 334 78 114
354 668 106 82
1446 536 106 88
782 812 74 118
920 306 96 92
870 768 126 80
482 516 86 102
1284 354 128 76
1342 424 90 90
1566 324 86 96
1556 154 88 104
642 90 112 84
672 724 92 92
1140 494 76 104
102 836 92 102
722 604 106 80
852 702 92 96
400 800 72 80
838 638 114 86
612 200 122 78
762 18 126 66
436 676 130 84
812 926 84 94
604 140 140 68
1224 196 116 76
1666 870 106 74
1052 152 90 96
1296 284 122 80
1348 130 76 108
1070 776 130 82
1622 470 138 76
1072 592 92 90
350 26 84 106
708 274 108 84
758 704 104 90
962 692 106 84
1572 276 124 78
626 488 102 80
886 436 76 118
886 60 110 58
438 830 120 64
1096 326 72 108
1220 310 98 110
1454 22 120 80
758 202 88 94
166 918 112 84
1042 666 102 86
1322 42 96 100
1058 434 114 86
328 920 84 104
126 600 124 84
432 614 128 78
1136 818 72 104
1112 42 84 86
636 554 84 96
6 814 96 110
1244 442 78 96
630 640 80 104
310 554 106 90
1088 902 70 100
440 318 142 78
1418 88 120 78
612 16 134 74
1410 176 108 80
1394 600 142 76
308 854 128 80
1040 330 68 114
1222 606 76 106
42 958 104 80
1232 142 124 72
1620 762 142 78
316 208 94 92
428 430 138 74
254 514 100 102
1428 358 88 92
1572 954 80 92
1480 848 94 96
1252 60 84 90
450 884 100 92
876 20 108 72
418 60 108 74
1652 364 86 96
136 182 124 72
690 912 90 78
700 844 94 82
406 354 120 82
1316 916 106 82
80 564 128 68
1768 166 104 86
588 62 88 82
1230 818 116 76
1344 614 102 94
1424 902 98 88
1704 274 108 94
1776 60 96 34
1006 948 98 90
224 158 128 78
598 312 62 114
144 248 160 78
1672 638 92 98
1666 536 140 84
1574 626 100 100
38 508 90 84
174 850 110 86
484 244 78 96
1238 120 106 36
1750 796 94 80
1670 936 118 94
602 860 70 92
614 930 90 94
228 264 116 82
1240 918 96 90
1766 120 102 62
138 320 102 86
1726 416 146 70
1030 894 74 80
1700 122 120 96
1512 144 62 122
192 0 120 80
400 60 46 76
2 0 94 100
1484 420 80 96
1762 500 98 92
1218 48 62 86
1374 24 82 48
1226 722 126 76
1606 594 166 66
