776 164 90 72
1090 470 74 94
152 842 100 64
906 120 70 86
628 224 98 50
714 292 68 88
412 284 118 58
1588 102 96 80
1008 224 116 58
1092 614 82 64
1294 52 110 64
1072 116 94 58
948 596 104 48
828 716 88 64
322 772 106 74
328 112 100 92
216 266 110 64
972 408 62 76
772 298 64 82
1632 24 98 60
458 794 70 66
942 542 76 52
860 410 94 64
1408 432 88 52
488 174 94 64
1438 482 70 82
1678 202 78 72
1276 312 126 46
964 780 98 64
1530 316 110 50
744 596 84 52
860 300 90 56
282 664 84 58
238 722 102 86
632 706 106 56
68 954 92 62
1280 182 88 72
110 324 96 62
816 866 92 64
1732 144 82 70
896 348 76 58
1574 250 82 64
272 916 84 84
1604 434 88 74
1344 144 76 62
616 758 62 68
1404 98 54 88
1238 452 78 64
630 346 62 88
1252 362 80 66
364 972 102 52
404 334 122 56
942 60 92 66
1484 184 86 62
1498 512 114 62
122 718 118 82
1472 112 84 68
1220 36 58 86
1138 762 70 76
80 224 124 74
224 360 118 52
638 76 82 80
378 708 96 62
214 2 120 74
520 780 72 70
1442 246 90 52
36 830 110 64
456 904 68 82
34 120 98 78
116 616 100 86
0 196 72 78
476 592 68 68
1398 200 48 58
1098 760 44 92
758 530 90 42
16 544 96 72
896 896 80 60
1372 604 44 90
620 660 86 60
1724 518 80 80
272 512 92 80
146 502 62 82
1074 924 74 58
454 738 88 58
206 490 72 106
1254 276 82 58
112 76 106 56
724 910 76 56
1306 360 78 70
486 88 68 58
620 824 62 78
1720 236 66 68
1062 818 52 76
36 494 94 48
478 14 76 68
518 612 76 58
1218 742 52 80
196 986 84 64
658 894 58 64
54 60 88 42
672 388 80 56
114 126 126 56
1818 638 68 66
1654 756 74 58
1546 430 68 80
1480 728 70 44
184 898 72 76
1708 366 70 68
54 688 102 64
226 616 116 48
1318 626 64 74
1160 48 46 66
20 894 78 72
10 766 96 46
800 470 62 56
628 928 58 68
54 418 88 50
72 0 98 52
472 448 88 68
