1052 502 88 66
1060 338 80 86
1024 438 124 66
1320 400 78 84
962 824 78 106
1476 552 102 72
1304 674 98 68
272 724 100 72
1224 340 80 104
762 576 94 90
786 644 90 100
1292 544 112 58
488 102 94 70
896 638 78 96
1068 132 104 68
816 836 94 90
1518 724 90 78
1512 404 106 62
436 326 114 58
1706 638 98 68
900 482 94 72
1312 268 114 70
1308 208 94 80
722 298 70 96
834 298 76 92
1472 652 76 92
432 574 112 70
762 942 76 110
864 584 106 66
416 198 108 72
708 710 86 98
1546 596 96 64
1250 130 102 78
484 618 108 78
1242 694 86 78
1568 334 88 88
708 852 92 84
1280 980 90 72
808 16 86 90
1124 874 68 86
964 226 104 80
936 118 78 94
850 508 78 90
1608 668 86 82
970 572 110 78
658 22 100 66
1082 740 104 62
372 766 90 86
884 158 74 104
278 120 94 70
628 662 90 100
1156 224 60 100
600 142 78 96
1220 492 84 78
1402 656 90 90
830 188 72 118
1324 48 90 90
456 700 84 92
720 202 100 80
1702 810 74 92
768 264 78 100
1320 796 112 64
1072 58 98 66
658 340 88 90
810 428 112 78
1332 606 76 66
186 706 102 64
676 932 80 84
1412 322 86 104
392 480 106 68
1224 568 74 72
1022 836 74 90
1262 612 74 74
1460 24 88 84
1508 906 110 64
330 256 82 84
1284 864 104 66
1520 106 98 88
346 444 108 50
634 580 66 104
1522 846 98 56
402 836 98 94
1620 856 102 72
680 574 70 84
1394 182 100 98
486 830 84 92
1214 864 82 76
874 396 102 84
472 20 92 84
150 428 108 86
1602 78 84 100
316 596 110 92
610 512 68 82
116 52 96 82
1582 546 108 52
1654 344 92 96
1084 938 74 80
1676 264 98 84
102 670 158 70
176 556 178 64
314 478 102 86
476 784 108 62
20 484 74 96
1410 962 96 76
84 544 122 80
1276 20 72 50
166 784 142 68
682 510 80 96
392 256 98 70
1640 224 92 106
444 400 102 80
38 408 92 62
1706 170 114 74
1650 60 98 56
1564 976 100 72
1728 484 100 64
608 856 68 88
1682 700 92 84
126 898 104 90
1386 864 74 90
520 678 74 108
1668 438 132 66
1534 226 72 112
88 254 94 94
290 180 92 88
1226 636 74 66
1164 18 52 102
1696 982 94 76
98 360 130 52
0 300 116 80
884 22 94 42
20 110 96 80
294 20 124 88
514 148 80 80
1660 752 78 60
38 958 114 78
1454 858 84 90
752 446 82 54
514 510 82 90
1038 954 66 86
1562 486 136 70
610 88 56 68
518 374 76 80
1732 926 62 56
1738 60 96 72
526 322 90 52
1550 794 98 60
68 482 108 78
4 764 122 66
0 168 84 68
134 188 126 70
40 610 122 74
0 818 112 84
42 694 94 64
1630 796 76 58
0 572 124 70
1594 208 66 92
1660 578 128 60
