752 346 72 92
1628 558 98 62
882 920 66 82
974 376 98 60
802 732 96 66
1512 558 102 66
914 488 74 82
910 336 94 64
860 426 116 62
720 290 82 86
788 794 76 84
1060 530 110 78
1074 120 98 62
236 508 98 68
1074 358 104 56
1234 70 78 66
930 246 68 96
798 522 112 68
818 348 80 92
742 574 74 90
750 942 94 66
1254 120 104 70
1030 812 84 76
644 692 122 58
1566 192 78 84
122 320 128 62
1468 274 82 78
824 240 80 108
1408 694 76 72
880 120 78 68
1152 586 64 108
880 224 60 86
978 206 84 58
994 426 88 100
1088 172 64 104
626 608 122 62
1644 256 102 60
314 742 98 64
1326 388 68 90
1498 80 102 82
1234 484 72 76
1422 144 72 106
1240 400 102 68
1290 226 86 84
180 450 100 72
1500 494 86 66
1610 150 90 74
1720 230 102 64
1166 200 50 100
982 814 66 88
216 770 130 70
1496 178 96 64
494 708 96 92
284 280 98 80
1678 164 96 70
1418 34 90 94
274 444 102 56
1392 314 78 66
860 28 92 70
620 830 116 60
448 338 84 80
630 180 92 86
1508 792 90 62
622 352 106 92
1058 256 76 102
1038 22 92 70
380 304 88 104
640 280 104 80
462 148 110 72
1360 558 88 60
140 262 102 64
1214 722 118 56
316 554 84 76
1296 608 84 98
1166 318 48 88
316 634 86 90
1734 504 88 86
1442 750 86 86
658 60 74 96
520 334 66 90
598 78 56 90
474 966 88 72
1232 178 96 62
1234 574 92 66
1562 890 102 74
636 508 128 48
346 242 106 70
418 904 104 62
816 616 74 72
942 24 114 90
1644 318 98 50
1344 484 116 52
1070 960 94 48
66 164 108 86
910 816 88 62
346 120 70 48
670 126 62 92
406 206 102 94
1642 494 144 56
1670 56 110 72
1214 220 84 58
128 658 120 74
624 538 94 76
670 768 92 74
230 304 88 68
1590 274 66 70
402 692 112 90
1636 696 96 66
1142 44 74 66
1588 454 82 68
914 612 72 94
58 608 134 72
450 60 98 52
622 752 84 58
1552 22 108 46
1738 12 98 74
870 668 82 64
1704 766 110 66
1230 630 76 86
482 560 118 66
130 940 134 74
1432 384 108 64
1720 634 92 84
0 210 140 88
352 788 92 88
650 894 94 104
48 412 90 56
1714 702 88 56
328 876 92 76
1596 746 72 80
1164 140 56 70
1262 932 116 70
1360 622 78 56
34 110 90 78
30 484 82 102
370 474 102 56
524 258 68 82
198 578 112 90
278 14 58 82
1616 360 102 60
86 476 112 92
124 848 114 84
406 48 78 96
1728 328 92 80
20 318 146 64
526 902 68 74
44 952 114 72
96 60 116 66
392 954 90 78
110 114 140 72
1082 896 90 76
678 440 96 68
46 852 90 92
1212 838 64 64
514 496 84 58
50 768 154 78
214 868 64 68
58 688 92 66
1438 452 78 58
1630 424 74 56
