914 792 46 30
1114 552 38 40
1098 658 48 28
864 728 44 34
1228 678 44 32
988 860 38 40
946 402 38 34
1060 558 36 42
1010 668 34 42
996 780 42 32
1278 514 44 32
1308 584 42 32
1208 352 48 30
1316 604 36 40
1196 458 40 32
650 204 40 34
1266 766 42 34
1434 486 38 32
1398 552 48 30
952 138 48 30
502 186 36 38
980 498 48 30
398 122 46 32
314 206 48 32
308 128 36 40
1196 872 38 34
786 158 38 32
1040 656 44 28
832 310 46 32
468 320 42 32
900 274 38 38
1494 494 36 36
1064 112 36 42
1032 768 42 36
916 374 40 38
434 264 50 28
1040 432 40 40
248 498 34 38
1174 402 38 38
710 762 40 34
778 684 50 26
90 628 44 30
1020 784 42 36
398 264 48 28
958 618 42 40
630 274 38 40
1168 960 44 28
784 186 44 32
830 250 46 36
928 218 38 44
946 1006 40 30
358 66 48 30
1172 310 38 34
814 312 40 36
172 458 38 32
266 36 42 34
1112 406 40 34
448 64 34 46
220 354 46 32
176 80 46 32
900 386 36 38
1496 946 38 34
1396 62 48 24
300 70 48 32
1206 182 38 30
1264 988 40 30
174 366 40 42
920 808 48 28
1060 418 42 34
896 186 44 36
826 268 42 36
1824 382 76 42
1834 706 56 42
170 160 42 32
114 372 36 34
744 912 42 30
1574 418 44 28
1636 726 74 36
1186 440 38 36
1042 758 42 28
1100 450 40 38
1606 596 56 36
858 140 40 32
422 932 44 32
180 316 48 30
360 882 36 36
208 272 40 38
882 828 42 30
1202 44 50 42
1808 866 64 28
158 670 34 32
48 246 70 40
1186 470 36 34
1840 766 48 28
1196 334 38 30
358 22 36 36
266 1018 42 34
494 38 48 28
1130 242 34 42
848 778 46 32
924 830 46 38
242 956 58 46
354 996 36 38
1638 648 80 30
1680 60 78 38
426 40 40 28
1166 736 30 40
460 1012 38 34
400 62 38 18
