1432 290 60 52
1556 140 64 44
1576 530 58 38
334 122 46 58
42 642 64 42
756 452 36 42
102 220 68 40
1290 274 64 38
1712 158 82 72
78 552 68 46
764 776 38 38
82 788 60 40
656 666 38 42
800 196 26 38
1514 212 64 32
836 850 38 42
708 824 42 34
886 322 38 42
614 612 40 44
1112 372 30 46
198 492 64 32
722 394 46 30
878 780 46 32
660 388 34 44
920 392 42 32
1068 228 50 44
1648 386 68 34
1084 658 38 36
240 228 72 38
384 682 42 32
780 368 46 30
876 696 40 40
708 782 42 36
1288 222 50 44
120 452 70 34
256 84 52 50
914 326 44 34
424 562 60 38
932 850 32 50
656 522 30 46
828 712 36 42
726 574 32 48
784 256 34 48
686 178 36 38
254 0 54 64
586 164 64 34
642 772 38 34
992 492 36 42
900 218 28 50
798 530 32 46
1102 654 40 36
1610 558 60 34
400 822 26 36
826 80 56 38
746 700 40 38
842 192 30 50
770 588 32 52
1062 422 46 32
970 394 42 38
1050 676 36 38
124 1018 66 42
624 346 38 42
1186 342 28 46
1216 196 38 40
866 164 40 40
1240 262 40 58
1028 732 38 36
856 530 34 44
1066 500 32 50
838 360 38 38
300 60 46 56
1602 348 38 56
400 886 20 48
710 634 42 40
1020 278 46 32
1258 408 44 32
904 436 36 40
1054 132 46 30
1196 482 50 30
724 166 34 42
814 638 38 32
1674 422 70 32
362 316 34 42
1656 276 46 48
804 582 34 48
716 120 44 28
998 168 52 44
968 850 40 38
618 988 58 50
1578 2 66 40
582 404 30 50
658 818 40 38
1692 260 70 74
182 776 44 34
890 60 58 42
308 776 48 30
64 376 84 38
1174 400 36 34
1118 354 42 32
496 648 44 52
84 284 78 36
994 910 38 38
802 496 42 32
800 264 32 34
846 466 50 26
1122 642 38 40
1056 338 38 44
882 910 38 42
1260 366 46 32
246 792 54 36
1638 22 70 48
1278 444 48 52
1814 494 74 34
928 902 36 40
858 638 44 32
1492 850 58 32
968 70 40 36
348 358 36 44
1664 586 52 44
790 668 38 42
822 412 40 36
1528 244 60 42
360 154 46 58
1144 650 38 38
676 90 44 46
604 868 40 34
426 736 58 34
120 492 64 36
932 252 54 24
490 1014 64 40
1200 60 48 20
864 292 48 32
1116 530 34 50
1046 782 36 36
400 320 58 66
816 264 44 36
814 320 34 44
740 520 42 38
968 946 38 36
1316 384 44 52
1606 412 66 40
1522 682 52 30
1092 686 36 42
1178 560 42 32
86 870 64 36
314 894 46 30
886 298 40 38
1558 250 56 42
400 964 24 42
1262 692 50 28
122 760 56 44
1094 478 38 40
104 920 68 46
1102 30 50 44
746 728 42 32
952 60 42 30
828 336 34 40
970 290 48 28
650 498 38 30
1250 652 48 28
1264 730 36 34
1158 660 32 46
1190 196 30 44
26 526 66 44
314 318 48 30
932 60 44 20
608 886 34 44
1210 716 42 28
1654 668 66 44
400 68 30 34
1714 506 46 42
910 242 40 32
538 650 34 42
1186 462 38 34
400 358 40 32
1040 894 40 38
330 406 42 34
16 162 88 54
1180 536 40 36
966 30 34 34
1110 912 32 50
1170 440 38 32
1198 106 40 40
1200 138 38 32
664 606 32 40
1088 758 46 34
50 710 68 46
1816 608 84 36
1198 760 36 36
870 368 46 32
90 698 48 28
