964 626 66 60
364 938 100 70
428 290 84 62
846 614 106 52
502 668 96 62
1590 616 84 46
1222 70 84 74
1074 676 74 46
1096 896 64 66
1444 20 104 66
826 526 72 70
728 522 96 60
142 90 110 62
1238 130 106 64
1500 196 98 70
1602 704 70 62
424 626 100 64
1440 796 84 64
1354 252 76 86
1614 764 82 60
1694 618 98 58
1728 720 70 64
400 686 96 62
1074 958 82 52
1142 604 52 84
1036 178 88 58
610 170 90 74
1022 836 98 56
842 140 88 72
1518 606 70 64
680 230 100 66
464 910 118 58
892 258 94 60
1406 414 84 56
1598 826 86 68
128 698 122 46
852 914 62 64
848 856 92 58
1228 706 90 50
944 938 92 62
708 922 74 72
1094 812 78 64
156 228 108 70
188 336 82 84
1550 132 70 74
1384 716 94 52
610 96 60 94
454 856 100 54
650 332 76 64
236 722 98 64
604 556 70 94
892 998 80 62
1108 60 64 76
1434 618 84 76
1688 180 80 82
744 174 98 64
1086 580 86 48
940 200 90 66
424 484 128 48
1336 36 70 80
636 796 68 92
768 100 90 68
318 124 104 66
1630 382 90 38
1476 354 102 54
1664 254 68 74
1134 752 70 78
1226 618 86 44
264 780 114 66
1082 134 72 58
462 132 94 62
64 822 146 56
986 484 88 60
1696 320 94 70
910 148 92 54
594 14 136 68
1634 78 98 70
612 694 58 62
942 60 64 72
110 492 102 64
1412 174 72 88
198 892 110 70
1022 252 80 50
1216 742 76 62
1010 118 90 48
734 442 82 60
460 58 72 80
66 952 92 66
304 196 144 68
1066 618 76 50
1272 420 68 76
88 320 102 64
868 442 76 64
716 688 60 66
1314 394 78 54
638 406 86 78
180 638 90 50
606 272 46 72
1650 484 68 74
330 620 94 46
454 412 104 60
886 500 70 64
1224 454 72 72
1500 458 82 46
476 182 100 76
1582 482 68 72
1232 930 84 50
638 896 74 78
972 416 92 56
1718 92 92 68
1422 954 62 70
1180 38 42 84
0 244 70 66
1636 906 118 50
400 392 62 68
1222 872 40 86
1126 502 88 72
1080 404 106 52
2 334 88 56
12 490 106 78
62 686 90 60
50 124 78 60
352 80 86 60
1702 466 84 48
324 860 112 76
1608 138 86 80
1730 280 86 50
92 556 90 60
1320 978 48 80
642 496 66 46
1214 484 52 80
1146 314 68 90
0 30 100 68
390 18 102 80
614 948 54 52
1500 408 74 62
824 400 64 90
1236 196 46 94
