794 368 74 120
618 178 90 112
158 230 130 86
298 268 122 92
688 292 114 82
854 296 100 88
1220 404 86 98
1084 198 82 100
114 310 108 92
1144 62 94 102
1508 60 88 102
1020 340 128 74
998 436 94 102
858 458 138 82
1210 162 92 92
1312 282 120 72
920 196 90 98
1016 270 106 84
1496 180 90 112
1306 624 116 68
1310 106 102 74
140 460 104 92
1604 64 80 106
986 224 76 106
970 366 106 86
706 562 102 88
1240 664 84 104
1242 76 78 110
594 14 110 58
1146 588 130 86
1400 236 100 82
836 106 106 90
1314 168 88 102
1164 414 74 108
1604 424 94 102
1224 488 100 76
1276 532 118 64
520 506 110 84
1052 408 118 76
186 542 98 94
1142 344 130 78
1446 282 114 84
526 300 82 110
64 436 90 106
1498 488 86 80
818 628 78 110
1384 134 94 104
1386 544 110 74
1666 324 104 90
1122 254 82 108
1420 606 102 70
1236 274 90 102
246 350 120 82
1480 720 82 94
914 682 94 98
1376 340 94 84
1322 680 76 100
966 504 108 88
1272 220 86 86
498 608 110 70
906 518 92 84
404 524 142 62
1458 350 80 92
1272 580 104 72
1714 430 88 72
1552 846 100 66
288 712 88 70
1560 520 108 92
366 710 104 80
1756 362 138 76
1236 746 90 94
370 466 98 90
548 400 90 98
1300 438 74 96
40 710 78 92
668 432 72 114
1554 736 82 56
1516 784 76 70
130 620 130 66
184 672 108 88
1318 346 72 116
1084 498 92 90
1392 916 94 96
908 966 84 72
452 728 96 80
1528 674 106 60
620 588 122 70
304 432 132 74
1522 612 88 70
728 728 112 74
1442 478 82 74
1450 844 94 74
1408 658 120 60
942 770 112 74
1586 184 116 82
1616 132 104 92
1156 756 90 104
452 424 94 98
1006 846 100 106
