1304 206 84 110
1458 606 82 110
650 156 68 118
716 118 106 86
832 162 86 100
308 700 88 100
618 302 126 84
950 178 116 72
402 850 84 108
816 258 98 98
1028 54 80 80
840 380 78 104
976 660 80 104
1114 248 106 70
656 668 84 106
720 484 100 86
726 664 132 64
324 798 94 92
334 306 118 80
716 304 126 82
942 108 114 74
1364 588 82 106
906 392 90 106
1498 286 90 98
400 580 96 90
1138 472 72 124
938 582 102 76
1552 218 104 98
1700 326 136 72
306 196 90 118
1628 662 86 98
828 98 118 76
1316 28 74 110
1572 572 120 84
1750 8 108 64
1450 798 118 66
326 902 102 92
954 16 94 88
1638 252 78 110
298 468 114 82
760 374 82 100
606 526 78 108
1396 482 132 72
1276 770 94 98
1604 362 104 82
1088 60 120 62
1036 116 110 86
1060 468 90 106
1074 860 90 94
1450 228 72 106
1080 718 78 96
1232 652 126 72
976 450 92 78
392 722 86 102
854 904 82 94
686 736 132 74
692 594 120 76
1094 318 112 72
1086 796 74 92
858 684 90 94
1348 364 98 102
1212 606 88 86
830 60 96 48
1068 590 106 88
688 374 86 104
996 812 92 90
152 286 144 74
1482 56 118 88
292 586 76 116
1708 634 102 90
1086 372 64 108
1426 362 82 120
922 912 82 88
214 828 114 82
900 776 70 118
640 8 104 106
1280 710 106 68
1234 348 110 88
1046 656 82 108
1496 366 68 114
244 234 74 106
1256 136 128 78
968 754 98 94
1720 516 114 82
858 498 122 74
240 646 86 100
140 184 130 76
996 352 128 70
648 850 76 106
1252 76 64 96
422 84 92 102
286 92 142 74
1244 924 66 120
786 516 102 92
1334 814 116 74
156 706 108 84
154 0 108 84
1406 724 116 78
1366 670 84 98
1234 438 112 90
1762 80 80 72
800 836 58 98
1046 938 90 96
766 764 130 78
344 650 124 72
594 662 84 88
1312 444 122 58
456 466 90 100
396 12 108 86
722 858 70 102
310 550 134 82
426 212 72 110
924 844 98 86
54 230 114 88
650 486 100 90
120 64 120 84
1490 736 148 80
442 662 138 76
750 46 102 88
1402 294 96 80
1216 830 62 90
1526 506 116 80
512 144 72 82
872 572 86 86
582 122 84 96
1216 226 104 90
1066 184 112 78
708 942 122 72
816 598 90 78
598 754 80 96
418 936 88 96
130 550 138 74
590 244 82 102
44 960 102 72
90 846 122 82
1522 120 174 68
350 392 102 98
36 294 114 88
1458 850 116 80
988 924 76 112
686 794 90 94
1538 446 128 72
580 60 102 82
1050 204 82 102
940 250 116 108
192 944 122 82
1640 760 88 102
1698 454 78 106
100 428 134 76
14 108 98 80
1150 584 62 76
466 366 130 76
1704 120 122 86
508 730 82 100
1306 894 118 72
1222 728 88 78
528 494 60 94
264 28 150 78
10 858 96 98
1210 60 68 76
348 148 138 74
0 750 48 112
470 240 94 98
28 18 136 78
1766 226 92 92
28 680 112 72
158 626 92 92
108 496 110 76
108 772 138 76
1700 716 90 98
1220 486 70 94
1396 872 82 108
508 864 82 86
1224 548 82 64
1612 850 84 102
598 454 82 88
498 928 86 94
1274 392 94 66
22 774 84 94
0 174 92 90
538 586 54 126
1440 914 132 88
158 886 106 82
1752 392 108 82
1144 772 80 70
