1338 724 86 58
778 126 84 78
862 400 58 80
1336 632 90 44
1006 380 68 66
1658 172 68 92
156 102 90 54
924 196 50 72
654 260 82 60
1312 562 68 68
1130 198 56 74
766 422 72 42
1228 552 56 68
902 318 54 62
362 918 82 56
1634 304 72 60
938 568 64 56
1642 676 58 80
1110 506 70 62
904 388 66 52
934 460 56 72
1716 270 84 50
912 806 60 56
992 446 74 44
1016 708 94 42
848 248 48 66
784 550 74 56
942 964 78 64
114 314 92 84
760 612 64 62
360 522 98 50
1000 544 88 60
910 658 58 56
250 736 72 48
424 342 84 46
250 128 70 60
146 854 72 50
684 786 66 66
1366 480 80 48
1302 324 84 46
1092 168 70 56
1450 244 60 76
1254 244 78 44
1362 152 60 72
1344 264 66 58
722 722 72 54
304 656 104 46
646 532 80 44
1070 656 72 54
334 118 88 48
186 284 66 80
618 134 104 48
450 388 86 46
886 768 80 38
120 740 94 60
658 890 70 74
1412 232 68 52
222 224 84 74
1306 156 70 66
1160 750 40 78
1248 294 64 60
938 56 66 50
994 54 84 48
754 486 70 40
1106 100 72 50
306 832 94 44
288 876 86 42
1256 156 60 54
1072 30 66 60
160 456 64 64
1122 874 72 68
1430 590 58 54
1096 740 70 56
1684 632 80 62
1474 70 92 68
1220 860 74 62
338 600 94 54
254 460 64 76
1666 120 128 46
216 650 104 42
216 824 94 56
668 694 64 60
394 446 60 54
1444 554 76 38
218 696 88 38
630 16 54 62
1686 732 92 50
540 376 62 62
1278 942 80 44
1692 534 60 54
206 476 70 56
1434 504 62 62
294 164 92 50
258 0 96 74
68 952 88 60
60 416 86 54
34 870 88 92
122 910 94 52
76 780 96 56
48 126 84 62
302 444 76 50
656 960 70 72
622 340 60 66
124 60 86 48
622 76 60 64
436 444 78 42
1808 630 76 62
146 952 90 52
20 336 74 50
1094 970 68 40
66 678 92 64
556 572 56 74
1804 882 94 50
632 854 48 82
1738 366 64 38
214 956 82 60
650 470 62 40
1736 550 60 46
550 236 54 56
1632 438 86 70
1684 488 64 44
