946 352 92 72
1324 610 92 70
700 562 90 86
802 228 100 78
610 604 98 68
1034 486 90 96
1486 496 116 58
1116 312 94 96
1362 358 98 66
1124 512 94 72
502 196 90 80
1232 774 84 80
896 526 102 86
1252 390 100 60
1564 950 92 84
1346 776 90 86
1064 310 64 78
1042 142 136 64
586 284 122 76
414 312 90 96
1480 836 94 84
1392 644 88 88
720 254 82 106
1230 90 116 58
1634 92 106 66
114 440 162 62
832 302 98 56
830 60 82 74
878 698 94 62
680 714 94 70
1512 142 86 96
690 72 98 92
1332 690 60 94
1236 646 82 72
1460 386 102 84
1224 144 134 68
256 142 80 104
1094 826 100 68
1422 202 90 94
898 314 86 70
1614 532 112 60
1714 286 98 66
1626 488 120 46
1066 442 108 64
808 718 94 78
114 494 130 64
960 196 126 84
450 78 108 78
950 714 78 86
812 480 120 66
820 368 106 72
1400 856 94 64
1618 770 112 64
1110 238 80 86
1378 426 88 64
1474 586 88 56
872 808 70 92
1254 698 88 62
1134 880 64 74
1340 944 74 64
988 858 98 66
1566 816 98 64
428 4 92 80
1554 258 102 102
1214 854 66 84
44 960 100 70
798 400 84 94
292 496 142 60
716 798 74 90
1092 60 88 98
610 490 86 104
86 322 152 80
224 340 130 74
1382 562 84 74
36 582 92 98
1224 192 76 94
1710 448 118 64
792 490 66 124
262 0 100 82
1334 120 82 58
1230 26 68 90
0 276 138 70
1742 702 76 90
18 112 100 74
46 686 86 66
1014 796 100 72
310 122 110 86
260 874 116 82
1398 922 86 88
236 650 118 84
1522 646 94 54
1216 550 86 64
1424 764 84 80
1314 210 88 102
154 938 140 76
918 790 108 60
154 590 82 102
1468 122 110 74
1234 966 98 48
1046 396 60 94
1606 352 88 90
770 784 94 64
30 400 96 72
498 880 98 86
8 42 94 50
276 694 118 86
1074 376 84 78
1542 376 92 92
608 114 122 82
1466 972 92 78
616 668 122 80
4 794 130 78
1334 16 132 76
174 252 78 96
18 492 118 68
1044 658 124 82
962 890 74 92
1656 906 126 50
1410 134 84 76
626 384 100 94
1242 458 82 48
722 418 92 74
22 870 118 90
218 510 88 102
1324 444 84 70
1054 732 96 70
400 120 86 40
1676 834 96 84
880 754 72 62
1600 640 110 72
1230 912 96 60
0 198 86 86
332 550 78 102
1068 970 94 88
922 940 78 104
670 480 76 108
1168 198 54 106
1656 696 82 106
402 396 86 98
618 932 66 76
1702 954 76 76
1594 304 102 64
1216 500 76 60
1446 530 80 62
1680 208 130 76
1212 310 52 92
1334 514 66 74
1712 60 116 66
66 208 110 72
1516 694 78 80
1658 32 110 62
1668 372 68 100
1716 342 80 72
400 518 84 90
106 900 122 88
1692 134 134 80
1382 514 76 56
1478 752 82 74
520 14 64 80
360 948 102 80
1166 760 50 88
0 332 156 60
286 410 112 72
510 358 82 78
