408 712 66 52
802 262 46 60
832 482 44 64
978 346 66 38
918 712 56 42
752 648 68 32
1352 42 68 44
1258 236 60 40
390 918 56 50
880 518 60 42
900 616 62 40
1268 576 56 46
402 376 68 42
758 358 44 58
844 172 50 64
1578 402 62 50
1042 434 56 44
648 704 66 42
994 482 48 50
1198 130 62 50
990 680 48 58
904 126 42 56
774 696 58 36
908 382 58 36
300 652 58 50
78 782 82 48
1276 138 52 50
842 406 54 34
898 972 52 50
1044 934 62 48
1066 676 50 48
102 910 70 54
614 314 62 44
798 114 52 42
1582 720 62 58
894 254 46 56
770 750 60 38
592 198 70 54
1058 214 40 58
476 104 60 52
1250 392 68 38
1032 782 54 40
1290 16 54 52
474 172 80 44
134 964 106 64
1106 382 46 62
488 914 82 42
912 316 42 60
1424 408 62 36
802 928 64 46
1430 670 70 38
1390 448 54 46
1384 134 66 44
166 722 66 32
164 758 76 36
1098 910 42 62
1516 710 50 52
1590 186 72 44
1356 616 66 36
12 154 88 68
278 492 64 38
1186 424 62 54
1422 688 74 42
1180 498 60 36
1076 104 56 54
1492 824 62 36
1196 68 56 50
516 532 60 50
1310 400 54 46
1522 152 76 38
1106 98 50 54
1414 316 46 54
1182 734 70 36
1372 386 50 56
1320 786 76 30
1508 628 58 44
1576 610 52 38
1094 790 42 68
860 66 56 42
1628 68 58 50
1554 76 68 40
1506 422 50 48
1016 156 52 50
1674 220 114 44
1382 586 56 36
1706 372 68 52
1076 518 58 42
1690 166 108 46
1330 128 50 52
1050 494 60 38
1606 656 70 38
800 646 22 38
1584 314 50 58
958 20 76 42
1442 456 54 44
1392 544 68 34
1486 562 48 48
1128 24 52 48
1340 516 64 32
1042 2 40 54
1400 196 62 40
1680 118 114 56
1366 220 54 50
1192 224 48 66
1670 666 74 52
1458 330 52 46
1490 518 48 46
62 852 56 54
1174 524 46 48
1244 970 38 40
1242 514 52 44
1418 886 58 42
48 710 70 48
802 678 26 40
1712 400 66 52
1550 106 78 38
1294 864 36 40
40 464 74 34
1534 962 50 48
1342 174 54 44
1300 296 60 42
1184 90 38 54
1116 606 36 36
1396 268 44 48
1204 190 54 42
1430 226 54 42
1614 780 56 48
1520 38 70 42
1684 562 86 50
1504 276 48 50
1442 280 56 40
1328 346 52 38
1296 918 40 34
1232 468 50 50
1174 678 56 42
1480 30 54 48
1478 206 58 42
1320 548 54 54
1302 178 48 52
1654 884 68 56
1292 726 48 44
1802 878 68 38
1238 790 52 40
1542 294 44 56
1666 466 102 36
1696 74 66 54
1536 662 52 46
1668 340 66 52
1082 744 56 38
1516 868 56 38
