1070 442 74 78
1100 590 102 68
1100 834 92 80
1496 540 88 84
1230 382 98 60
1420 270 120 78
1494 322 120 76
1030 176 76 104
1452 206 132 62
960 420 90 110
678 562 112 64
926 160 106 76
726 204 96 94
1046 552 72 128
784 924 92 100
914 574 118 76
400 676 74 80
1226 184 88 108
1384 60 80 70
786 710 112 90
1060 96 94 72
378 600 92 90
1628 326 102 72
1470 418 84 106
864 168 84 100
978 46 94 98
170 128 80 104
616 628 118 62
630 66 78 108
1332 490 74 100
968 794 108 74
806 290 74 100
1582 834 142 70
804 60 108 48
1076 348 94 72
896 310 86 100
18 114 110 72
922 260 112 84
1424 568 88 112
458 750 148 68
1108 524 114 74
252 298 114 82
630 464 104 88
1238 306 140 84
620 550 78 82
1562 366 86 110
892 650 84 116
616 734 108 74
1458 676 116 74
468 662 76 86
752 654 94 94
406 130 106 76
762 828 96 62
1302 178 86 106
508 180 78 90
1320 804 84 98
290 910 100 88
1022 288 118 92
502 322 90 76
1002 710 88 104
364 250 98 90
926 866 104 86
1592 180 88 98
1212 840 84 82
364 140 80 102
626 14 106 74
654 266 130 80
274 648 96 86
1564 120 128 66
1274 420 70 86
502 94 76 88
612 934 62 106
82 760 130 76
272 48 84 86
820 390 92 100
344 554 106 66
232 472 92 88
1272 900 116 84
4 270 100 72
116 622 142 72
1212 60 90 68
1686 608 104 88
1076 156 76 76
1372 924 110 74
1610 668 90 88
1494 802 82 102
290 196 130 78
1078 902 116 80
164 870 126 86
672 794 84 102
96 60 100 64
104 296 112 98
40 958 116 74
1584 56 138 54
1732 502 110 92
832 238 78 86
1626 902 98 80
40 688 100 70
390 14 112 62
1330 112 118 80
146 236 146 70
846 490 92 96
1066 48 102 64
594 274 70 64
70 492 90 104
1614 446 82 102
636 60 86 34
604 142 70 112
754 418 70 110
716 496 66 86
1068 748 134 80
344 438 98 76
244 540 126 74
310 340 118 76
796 490 80 90
498 966 108 70
654 384 102 90
202 0 144 52
968 120 94 32
1714 224 110 94
32 404 96 70
1708 60 102 64
1740 120 114 78
172 804 92 106
136 486 82 106
86 0 76 36
1590 776 152 54
1156 12 66 118
748 888 100 64
0 166 62 60
0 558 112 70
1218 486 58 108
474 576 70 96
482 380 76 102
400 52 40 88
598 356 52 96
1678 156 74 108
528 656 64 86
324 58 112 86
1154 312 84 72
1708 334 74 88
1650 420 90 84
