1458 236 40 34
276 370 40 38
1108 390 38 40
1014 456 42 32
256 410 36 38
1566 562 42 36
148 692 36 38
1416 152 38 38
846 722 42 34
886 432 46 28
694 222 32 40
742 402 40 32
1238 614 34 40
1634 506 38 38
1104 112 38 36
684 116 32 42
1576 698 44 32
858 94 34 36
618 242 40 32
1584 738 42 32
1534 458 52 26
912 502 50 30
430 306 52 26
1306 598 38 34
372 438 52 24
1636 662 36 38
1092 530 38 38
1010 292 46 32
1518 232 32 40
1112 528 38 40
136 734 42 34
186 270 42 36
142 474 44 34
268 392 38 38
1592 578 42 32
908 536 42 30
1620 180 36 40
1490 702 46 30
1524 60 36 36
1094 430 42 32
548 318 34 38
670 76 40 32
606 214 44 36
1488 382 34 42
702 36 36 40
732 88 32 38
98 788 42 32
1610 304 38 38
474 294 42 30
608 436 36 40
600 176 44 34
160 930 38 36
98 286 36 44
612 258 42 30
122 768 52 28
490 120 52 24
534 184 38 38
712 288 42 36
1604 338 40 32
1236 732 38 32
1634 466 34 32
140 162 40 38
1194 454 38 34
1134 240 34 40
1490 4 36 34
598 120 40 34
598 298 44 38
84 828 46 30
522 138 36 38
1416 60 48 26
154 218 46 30
1648 172 36 34
604 192 42 40
1162 668 38 28
676 60 46 24
1072 196 30 46
1036 144 42 36
544 232 32 36
1586 0 46 22
1072 538 36 34
104 476 36 34
1698 262 58 54
1640 690 36 32
960 108 38 44
1502 686 40 32
156 238 44 28
480 144 48 30
1530 2 54 20
608 854 48 28
978 214 44 32
610 774 36 30
488 90 58 46
1824 560 50 42
1472 716 44 26
522 124 40 26
572 60 44 28
46 258 66 34
540 250 38 36
126 466 40 32
604 458 32 48
1058 140 46 36
