1242 620 82 88
1412 540 78 62
1368 874 86 66
1098 748 74 72
1430 698 86 58
944 474 110 60
968 596 72 80
1074 690 88 56
1106 468 94 72
500 606 88 86
1604 804 98 68
970 238 90 56
1050 256 82 74
1300 486 102 60
1376 618 96 64
1056 176 82 82
1082 354 72 100
1468 182 92 64
902 380 96 70
902 760 98 64
1392 212 80 84
1006 652 72 82
1352 732 70 84
1316 372 142 62
1628 516 92 70
738 874 118 58
1076 802 70 96
414 374 118 66
1264 236 128 60
1526 516 114 72
904 680 62 78
1298 678 90 86
224 624 116 62
1226 808 110 62
1408 280 106 72
1068 124 104 58
1248 758 94 58
1510 764 94 66
1000 850 66 78
782 658 80 82
1466 804 104 68
714 658 70 86
1512 276 86 98
396 778 92 64
290 156 86 96
896 60 80 66
1458 862 106 62
998 800 68 66
1706 358 126 74
892 116 110 58
1290 954 102 82
724 128 76 108
634 628 94 94
432 860 78 88
116 682 142 62
374 898 92 84
770 732 72 84
1606 902 78 60
514 788 90 84
1604 186 90 82
1678 616 104 64
620 24 102 62
680 932 76 68
778 960 124 68
614 514 92 66
1084 66 84 58
198 772 94 82
290 0 104 110
162 538 162 62
996 742 82 66
594 60 80 76
1282 120 86 76
1580 130 142 62
412 734 130 50
1646 952 96 70
1602 452 92 72
1076 912 86 72
1424 96 56 82
210 462 144 66
1720 46 114 66
340 436 114 82
1238 76 104 68
1712 178 86 80
1288 20 92 72
1648 226 96 90
1228 862 84 78
948 700 80 60
878 138 82 98
1680 682 90 62
448 482 100 84
478 910 116 62
236 952 124 92
324 732 104 90
1616 664 104 62
1036 72 66 70
742 692 70 100
1472 120 70 62
178 58 152 82
1500 584 98 84
424 100 120 90
1742 246 90 64
254 814 102 74
400 674 80 76
352 648 94 58
1122 24 76 52
228 876 130 86
1638 360 102 88
8 210 134 76
1562 80 86 72
1216 298 90 56
972 924 112 80
154 132 138 96
48 950 104 74
400 166 108 86
158 394 104 80
1566 308 94 94
126 788 86 94
1768 110 72 66
24 110 108 84
1502 920 78 104
30 400 106 72
48 686 104 62
8 512 106 84
1164 234 58 74
1456 60 84 44
538 668 60 78
1754 618 54 86
