1260 106 88 68
968 526 100 64
1634 306 78 68
1490 102 106 84
1036 616 70 72
692 632 110 48
632 324 96 92
1064 348 86 76
724 692 102 58
764 526 100 64
948 470 112 56
58 184 106 98
1234 500 118 66
900 250 74 98
1128 280 80 114
1730 304 98 80
1610 120 78 94
700 108 76 86
876 490 104 76
446 784 112 76
644 656 76 94
1070 128 100 78
1320 288 120 92
1346 22 104 60
798 296 72 84
912 188 110 62
1308 214 114 70
1632 822 100 68
1286 22 76 78
1080 856 68 96
748 228 114 72
346 164 110 74
262 666 104 70
62 682 88 72
1716 12 90 68
720 856 96 72
1082 476 80 68
246 282 144 74
290 856 92 72
1236 774 72 58
1020 712 86 70
400 242 48 82
1376 562 86 80
496 348 102 80
1638 246 84 60
624 522 78 96
364 366 108 66
476 948 74 88
692 926 116 76
186 540 100 94
1624 478 88 76
1602 60 100 62
250 164 116 78
16 842 66 76
50 948 108 72
400 782 50 96
302 692 114 80
1150 848 60 66
1552 818 96 86
260 752 66 118
910 96 76 66
1636 706 108 74
1108 746 76 74
1038 418 84 58
400 862 64 92
1716 456 116 56
826 100 102 88
602 132 70 92
316 764 66 104
476 888 98 66
618 738 88 62
0 0 170 72
1242 854 60 96
12 110 130 76
596 62 60 78
986 36 70 94
138 946 120 78
1028 924 84 56
1230 232 76 104
1222 60 70 62
910 60 86 54
308 534 82 108
24 906 74 78
278 906 184 64
58 476 132 86
466 60 104 62
714 756 98 102
4 302 92 94
