998 364 46 28
352 324 48 28
422 330 38 38
952 564 36 38
182 722 44 34
834 668 42 36
1014 462 46 36
636 350 32 40
1120 642 34 38
1264 402 40 36
1000 160 36 40
1184 268 42 34
828 310 48 32
186 220 40 36
1082 232 36 42
1224 808 36 40
1278 464 40 36
392 848 38 34
1562 582 38 32
1062 640 40 40
840 690 40 38
1002 854 38 36
348 552 46 32
616 384 44 32
1346 466 38 34
1494 190 36 42
492 260 38 40
346 856 46 30
346 380 44 36
1514 298 36 32
708 370 44 34
384 292 36 38
900 388 32 52
1226 666 44 32
1196 494 42 32
1460 706 42 34
1300 194 36 32
1336 332 46 28
1588 490 38 36
1104 418 50 30
1124 242 32 50
112 566 40 32
814 260 38 40
1254 298 42 34
1212 474 44 28
1190 128 42 34
344 1000 44 28
1218 540 44 30
1218 172 36 36
910 830 44 32
1394 676 48 30
690 606 34 32
388 692 42 30
170 136 36 38
1506 144 44 30
120 374 44 30
1474 214 38 36
1052 876 32 56
1006 478 40 30
90 290 46 30
460 506 34 38
154 268 36 36
1134 112 34 38
1002 808 32 38
818 988 38 28
1360 894 42 32
404 314 26 42
1224 712 34 38
726 484 40 34
1006 964 32 42
1662 520 54 28
1702 192 62 40
116 630 48 26
1602 700 40 30
328 86 56 44
646 994 38 32
1156 672 46 32
1100 516 50 30
1088 448 48 26
1590 630 42 32
1796 544 46 32
1656 536 54 24
1170 440 42 34
1002 528 38 32
534 450 42 34
112 740 42 28
48 284 38 32
914 932 44 28
1088 436 52 24
342 898 56 30
150 858 44 26
624 906 36 38
604 684 38 30
324 698 44 26
1166 418 36 34
1530 838 42 28
132 60 50 20
608 850 44 28
732 878 46 26
136 82 54 42
46 518 38 36
1660 470 56 24
1316 858 46 28
1230 868 42 26
316 934 48 30
1668 350 66 34
52 244 56 44
1812 498 44 26
1260 998 44 28
1164 722 34 42
1266 832 48 32
604 22 30 44
1692 564 34 36
1094 200 48 30
80 274 42 32
1182 966 40 34
896 860 50 34
1168 332 30 38
