1034 112 82 62
930 208 88 46
1056 308 78 60
1004 594 68 66
852 852 78 64
864 292 84 56
1076 672 90 50
804 382 54 92
294 274 84 94
1064 418 60 66
930 746 60 76
1076 208 70 56
1424 648 62 70
1354 590 84 64
1376 154 84 58
1502 124 90 66
708 202 76 80
1328 244 80 72
1436 232 78 74
682 128 72 74
1020 840 66 50
780 780 72 60
458 272 92 56
758 716 54 66
1504 770 78 64
1674 220 68 74
866 414 88 56
882 614 92 42
818 150 66 98
128 506 110 46
144 770 102 62
1686 306 96 52
812 616 76 50
1002 660 58 74
852 124 90 64
884 516 106 50
488 162 70 96
900 330 92 44
768 666 70 48
1076 894 84 60
1358 390 62 72
612 182 70 76
1078 804 54 68
1266 26 92 62
306 490 90 74
1098 350 74 66
618 632 90 68
788 562 78 52
58 864 84 80
210 668 116 52
888 572 92 42
1326 804 94 50
390 242 90 54
1292 720 82 44
616 308 102 44
624 60 88 62
948 356 70 58
906 674 70 60
1116 620 76 60
244 812 72 92
722 66 90 70
1338 62 72 86
626 350 100 42
1238 194 92 54
1514 506 88 44
1572 630 72 58
974 720 52 72
184 100 90 74
1086 734 84 58
484 768 94 68
1152 742 46 104
788 878 62 68
498 934 98 82
152 0 100 82
400 752 66 68
346 2 106 66
126 858 106 52
352 636 76 72
486 346 100 74
1246 368 84 72
1096 78 72 70
62 952 106 70
208 188 72 76
688 958 78 84
1652 452 72 70
1662 770 96 44
212 278 86 66
1746 512 64 54
648 876 88 78
142 568 102 54
696 764 72 78
348 816 68 92
508 592 88 82
1720 116 72 70
1218 738 54 94
1476 662 64 54
32 126 102 68
524 124 56 84
272 60 72 38
160 188 64 84
1268 122 58 70
1220 882 56 64
1136 850 56 90
278 934 68 78
1252 78 64 72
1236 248 76 60
274 166 126 60
1536 674 74 54
1716 654 88 50
1312 950 60 54
56 684 98 64
622 372 74 72
1234 954 76 52
704 506 52 64
610 246 60 80
710 848 82 42
382 562 88 60
1492 526 60 66
1610 900 96 48
984 394 46 76
1240 696 66 44
140 938 124 64
112 70 98 72
524 822 78 58
1230 302 72 50
618 758 66 58
1142 58 54 70
382 932 58 82
18 774 92 56
744 888 60 80
1334 490 74 46
1634 526 60 52
164 346 88 88
1644 20 68 64
636 812 58 52
102 234 84 72
1718 376 82 60
1576 60 74 40
100 16 88 60
138 296 98 52
778 508 54 62
1672 604 102 48
528 882 72 42
108 448 118 50
616 422 72 58
1024 920 64 68
0 194 88 80
6 304 116 78
486 552 62 72
1228 358 56 70
1300 450 54 44
516 66 74 58
460 18 86 76
1062 22 60 44
1214 332 50 68
308 800 64 62
1396 534 66 50
1594 434 60 58
958 934 70 56
1712 928 82 56
18 602 104 64
750 466 88 44
