1502 590 78 60
1242 244 82 58
720 764 90 58
622 270 106 58
1386 276 64 84
640 666 88 58
818 554 64 74
778 266 78 52
502 180 82 82
770 418 72 60
1476 368 80 62
366 264 86 86
354 972 102 58
1586 168 98 60
956 374 70 72
1712 110 102 68
1094 402 68 70
212 302 108 68
1008 278 90 52
900 450 62 68
1290 790 86 70
1034 618 54 70
882 736 72 50
44 276 118 52
826 782 64 60
1238 88 70 78
354 632 100 56
1020 716 72 50
198 932 88 52
1434 506 76 46
492 904 102 54
1288 934 88 50
1230 494 76 46
826 382 66 70
998 898 86 74
1230 414 94 40
230 1002 100 54
1084 142 74 68
658 916 78 58
1100 586 66 62
866 614 64 92
772 600 72 72
1126 876 64 70
1662 602 132 58
1148 486 56 74
480 94 100 62
418 150 94 56
436 276 102 52
614 118 118 74
238 842 106 54
122 726 122 52
360 534 88 52
134 674 114 48
800 22 80 64
682 538 74 40
1646 232 76 66
1240 656 62 48
1270 348 66 74
274 98 90 40
1602 398 74 54
1684 284 70 58
238 454 92 84
662 586 86 40
1692 524 98 76
1610 764 76 54
1622 920 88 44
1224 340 52 70
68 956 88 62
1658 378 64 54
274 536 70 56
202 766 70 68
506 502 86 48
110 166 94 96
1108 640 46 60
176 878 66 78
1162 752 50 78
1614 818 66 48
1234 714 76 52
1420 60 80 70
1740 328 72 70
86 480 96 78
1090 62 58 76
1670 440 64 70
686 978 62 80
1124 60 80 60
1702 760 78 62
642 18 94 44
72 868 92 78
1700 900 76 58
612 386 52 58
26 878 62 76
32 118 100 74
56 574 84 52
242 0 90 64
1084 996 58 64
58 686 94 60
0 332 108 60
0 204 46 56
1230 206 54 56
192 588 84 72
1722 410 60 52
1260 690 70 42
1156 686 60 58
598 60 62 64
510 544 78 56
1136 938 68 68
