742 714 68 120
1012 186 72 116
760 122 116 68
1098 202 128 72
1364 18 102 78
670 228 102 82
84 470 106 96
1050 386 120 66
1450 548 70 116
620 152 78 114
76 646 164 68
648 662 154 68
1526 646 124 80
962 412 82 106
690 16 120 70
306 204 130 76
1356 494 106 86
628 102 128 78
1500 866 116 76
626 60 100 58
860 584 60 126
1006 800 106 82
66 256 100 96
642 412 78 126
1028 448 110 86
868 496 86 78
284 256 98 94
998 598 86 98
1390 124 94 92
912 534 78 106
122 774 94 90
416 646 84 90
1064 686 108 74
818 280 78 102
874 778 72 108
912 300 106 82
824 378 80 110
608 274 114 82
774 230 66 116
270 530 168 62
14 766 100 90
1226 906 66 82
838 18 78 74
1450 676 108 86
1516 296 100 94
418 474 84 106
416 540 154 72
910 188 96 86
942 120 90 50
340 128 110 90
446 148 90 94
1290 88 76 118
1056 948 90 92
1230 52 98 88
792 592 72 90
1542 374 114 84
1488 120 104 46
452 374 136 76
446 864 84 98
1454 196 124 78
222 120 110 80
936 806 82 110
1224 310 72 112
222 0 114 48
754 834 90 92
18 114 104 74
1090 852 82 100
636 834 88 96
1342 236 110 82
840 876 102 84
1224 620 64 82
1248 382 94 88
1508 576 126 70
1280 280 90 90
82 0 120 64
1442 328 102 92
1570 140 116 80
186 548 118 82
1142 16 82 110
1240 726 72 114
876 408 94 92
810 506 82 88
586 366 100 72
400 334 92 98
1632 680 92 68
2 484 90 94
1610 222 120 88
412 82 108 76
626 910 94 84
1548 454 94 86
952 20 94 46
1158 306 64 82
1234 448 82 100
52 950 98 88
1072 120 100 36
192 244 100 90
310 776 94 96
290 586 172 66
264 58 142 76
668 562 70 104
1592 814 88 96
718 566 88 92
730 472 132 62
90 706 158 78
1500 46 88 110
222 632 106 72
402 788 118 84
324 636 96 90
436 962 124 74
6 882 98 84
26 8 108 92
602 552 78 94
1696 136 90 108
1234 558 106 84
1424 460 144 76
120 58 120 80
1678 66 176 76
428 718 116 78
1574 534 134 74
260 864 106 84
1670 938 124 92
90 866 136 74
488 254 94 94
760 918 96 74
400 60 92 38
210 326 88 90
1680 778 116 78
400 210 44 70
1194 224 100 78
114 192 142 76
1660 852 130 84
30 406 98 70
1488 784 112 72
346 816 112 76
1752 18 106 72
1286 884 80 90
1668 416 100 92
734 402 112 66
1228 976 72 84
400 558 50 94
300 454 102 88
