610 630 140 52
1100 880 84 80
1018 166 98 58
858 668 76 90
1064 206 74 80
1056 452 94 66
1088 636 68 82
960 468 80 76
714 266 78 82
740 624 104 62
1136 548 62 110
630 276 96 92
958 244 94 84
852 810 76 110
362 826 122 78
944 660 92 72
1056 362 90 72
1424 148 96 72
914 790 76 96
778 248 70 110
1338 332 96 72
900 62 76 88
976 766 108 74
742 692 102 68
860 322 120 66
1010 578 66 90
1284 450 82 68
1298 522 108 60
1338 210 114 66
1052 544 92 64
908 154 76 110
682 740 92 82
1378 628 90 56
1014 18 68 90
1534 192 102 64
624 386 104 86
1048 290 106 60
1370 70 84 84
618 158 110 86
702 524 84 74
488 310 80 108
630 680 108 70
930 612 82 70
1628 522 84 74
1504 904 74 72
856 370 76 92
856 456 80 94
362 734 102 82
1498 464 102 66
958 536 70 84
736 50 134 58
1522 614 80 68
1076 16 70 102
770 386 106 94
1006 104 112 68
1588 594 104 66
464 226 118 88
964 20 66 94
1436 524 98 60
1636 246 102 64
356 614 110 62
1334 22 94 62
756 120 96 70
872 972 74 88
1456 614 80 80
448 780 116 68
388 898 98 84
1498 258 112 70
1220 352 76 78
788 924 106 68
658 812 102 80
1334 664 84 90
328 190 96 94
1294 826 68 100
1254 226 88 104
1236 944 102 56
1382 372 68 104
518 492 86 96
488 668 120 80
1322 284 90 64
1414 418 108 70
1456 72 114 68
802 174 112 86
428 302 70 110
1434 892 82 90
830 248 80 104
670 888 114 52
190 780 80 98
1220 470 78 80
826 498 58 104
1258 550 80 104
1106 332 108 66
1650 368 82 104
1336 872 78 86
274 284 108 74
1040 674 88 68
1244 56 108 68
1412 574 98 60
1502 344 86 96
1104 60 108 76
1636 192 126 50
1498 22 110 58
362 296 82 98
178 212 118 80
292 622 76 110
1386 750 90 64
352 548 146 60
1076 996 98 64
168 314 88 90
222 700 88 96
414 462 84 104
1380 940 84 90
160 0 92 62
764 486 78 106
498 842 86 94
608 12 128 72
1196 246 86 88
270 210 80 70
1716 216 86 90
1722 612 96 70
118 258 94 108
288 124 148 82
204 596 98 104
204 60 146 70
456 10 110 76
1442 190 88 92
18 112 108 76
1728 796 72 90
604 544 62 80
174 422 116 48
78 890 166 78
296 478 90 90
1424 700 78 82
1242 670 84 96
1718 368 76 92
42 814 118 94
132 584 88 94
82 94 162 66
600 72 54 68
1672 60 88 78
1706 662 100 72
34 552 98 70
226 472 102 82
652 60 74 30
168 450 74 106
40 406 90 66
1416 278 80 94
712 962 86 74
398 50 74 106
1684 762 60 92
44 482 126 86
1534 782 112 74
322 950 104 84
1536 848 90 68
350 432 98 54
1218 884 74 66
42 688 96 66
44 956 106 72
1234 826 70 66
1524 512 94 66
612 468 78 68
238 956 106 88
298 578 138 58
892 16 64 48
478 88 88 64
1580 64 116 74
550 776 64 88
1216 558 50 94
1606 770 88 64
810 22 78 52
1210 776 84 52
1578 932 118 80
1740 738 72 64
1736 450 78 76
22 0 102 92
0 454 54 76
1638 670 104 64
1158 688 74 58
1228 722 72 72
1670 584 98 64
