1420 136 70 80
996 624 50 66
828 456 86 44
682 210 72 80
928 538 98 44
816 402 58 62
680 12 68 76
1468 210 86 68
414 344 82 50
1038 178 80 48
342 344 78 78
230 696 68 54
188 348 80 70
56 512 84 70
1506 500 90 50
734 422 78 46
1270 380 62 68
390 700 72 64
1036 254 76 44
598 72 70 112
670 144 74 54
1532 344 68 74
566 192 58 74
650 366 88 48
1552 370 76 66
1694 140 90 96
746 230 58 80
64 358 104 58
364 620 52 72
628 812 58 60
800 976 64 46
290 494 72 44
1112 364 50 90
222 550 78 38
906 786 52 64
302 934 76 50
432 208 84 52
698 528 80 38
836 928 84 46
1086 104 58 58
1718 348 86 76
1512 580 66 58
418 268 72 46
1412 450 64 62
1474 82 78 56
620 914 88 42
1264 214 78 50
1266 68 68 86
40 712 82 56
830 16 80 50
462 870 76 52
582 724 50 60
1042 436 64 58
1208 162 68 50
1050 690 66 40
486 90 58 82
1440 0 70 86
1086 660 58 60
1012 952 52 62
1646 528 58 48
1602 290 58 66
1194 216 68 52
400 794 84 62
602 768 74 48
1580 704 66 54
754 474 62 42
690 60 54 24
28 446 92 52
14 152 90 76
1452 376 80 60
1276 2 94 58
1710 500 76 46
928 960 72 44
1454 834 58 58
0 262 74 86
1042 500 80 40
1570 596 50 46
600 650 62 74
508 718 54 50
1618 694 76 58
478 534 76 54
576 278 34 40
