808 798 74 120
798 198 86 104
1414 60 72 126
1060 528 150 68
964 690 120 58
234 496 90 106
324 188 90 92
1254 120 104 76
1062 420 88 88
712 344 74 112
1224 660 138 72
1052 842 78 106
132 230 74 120
434 206 90 102
138 332 94 102
640 290 74 110
822 756 110 82
970 472 118 78
1328 460 98 94
1076 170 80 102
138 576 122 82
318 110 120 82
976 202 64 114
50 850 114 84
1642 342 76 110
1398 360 106 92
868 692 110 86
440 898 142 72
1064 652 84 82
344 568 100 102
922 100 102 88
450 120 108 96
1066 20 128 68
1078 594 134 72
1450 488 80 104
726 784 66 124
724 572 114 82
1318 870 70 112
1448 206 134 66
912 270 76 100
838 524 108 86
192 778 114 90
1442 698 64 120
948 386 94 88
1108 316 80 106
1542 122 110 88
1212 490 90 70
1536 802 116 72
772 316 128 82
658 694 114 76
1538 650 106 84
178 652 104 84
1692 878 88 94
726 726 112 82
952 880 100 74
754 126 90 90
1490 70 66 126
652 222 126 64
380 770 132 70
786 18 118 48
620 18 122 68
1522 518 126 74
378 670 126 90
946 546 90 100
278 656 100 86
822 594 92 90
598 38 82 114
1280 778 114 76
1040 262 130 80
1736 546 98 56
260 0 132 54
106 722 144 84
648 612 88 104
1072 104 94 76
338 470 112 80
2 564 126 78
1406 876 94 92
1492 884 66 122
662 538 98 86
1538 870 122 74
1014 60 74 124
148 106 102 88
700 62 118 82
1284 728 108 64
260 282 74 110
800 928 48 98
932 22 128 80
420 820 94 92
1552 226 88 102
2 280 90 106
1434 266 96 88
382 60 126 42
1134 238 88 76
1366 696 90 96
148 446 152 62
358 266 122 78
856 454 100 90
208 180 118 100
650 792 80 108
1668 188 96 84
292 806 72 126
746 450 108 86
340 878 110 80
1298 316 86 94
586 242 86 86
40 214 86 112
1230 330 102 84
1706 240 118 96
908 822 120 90
438 598 132 80
84 486 106 90
1360 196 98 86
644 120 98 86
764 394 140 74
1712 700 140 64
4 108 112 82
1516 382 102 96
432 466 122 80
594 174 142 64
256 60 130 78
1710 126 96 90
984 736 104 86
20 0 100 36
1598 570 96 88
2 768 100 122
1630 762 160 76
178 872 98 108
590 560 98 104
1290 252 110 78
1638 610 86 108
1166 136 60 70
1610 916 86 102
650 906 116 96
1224 942 128 76
1118 774 90 94
1158 404 82 78
686 272 116 72
26 680 110 76
336 942 90 102
1216 60 94 78
998 594 74 100
12 20 124 86
1676 58 104 98
0 174 58 80
1706 324 106 92
102 0 126 42
1608 164 94 72
1226 600 94 66
102 890 96 98
188 84 132 86
1038 968 98 92
1226 876 98 78
496 318 100 72
1710 630 96 74
1690 120 80 44
1576 18 128 74
282 924 94 96
648 60 82 32
168 946 126 80
1764 600 84 64
400 340 64 86
400 104 42 100
