1276 480 78 62
1238 368 104 70
1120 586 86 72
950 482 106 80
1536 514 130 54
422 160 76 112
832 54 88 84
1090 72 98 84
1246 160 110 76
986 394 96 82
1030 222 82 106
1082 308 76 88
1006 558 104 66
1074 448 98 60
244 646 94 82
1682 572 112 74
1136 478 62 100
882 884 110 82
616 754 78 82
850 788 88 98
1224 860 70 88
1534 154 106 52
1310 22 102 68
402 440 98 78
1500 892 104 70
1530 208 112 66
1588 552 110 74
468 808 86 88
1378 306 84 106
132 454 124 76
602 80 80 78
1466 124 108 74
354 804 102 84
606 678 86 78
900 378 76 108
514 258 74 98
904 222 74 98
624 486 116 48
900 154 108 64
1078 22 94 56
922 82 80 78
812 422 108 66
1718 632 94 92
612 336 62 86
804 224 106 82
224 190 78 104
662 830 90 86
814 488 66 92
686 752 82 68
162 762 96 94
1290 824 90 86
1612 640 104 66
768 758 100 76
720 158 76 94
1250 60 76 68
812 306 70 106
660 638 108 66
1242 926 98 66
1452 352 84 96
22 118 98 68
398 558 114 74
1214 596 50 92
476 662 102 88
282 488 84 102
176 682 112 62
346 522 114 64
1468 244 92 92
1610 60 86 92
1224 664 102 62
1560 752 96 92
226 0 104 78
630 160 86 108
496 552 92 64
1686 60 108 48
748 338 82 70
1528 382 106 76
296 62 90 86
672 952 102 66
14 580 108 104
142 586 88 96
234 896 92 92
660 248 104 88
1390 806 94 90
44 958 102 70
1172 216 56 98
888 950 88 84
1702 480 88 70
1708 808 92 66
510 128 72 106
400 912 74 88
818 636 88 66
404 308 104 86
652 106 114 80
602 234 54 86
26 298 102 92
1598 954 112 74
660 540 102 78
404 60 92 66
1466 946 94 76
654 380 92 64
142 256 118 80
512 596 84 74
1628 244 120 76
0 226 50 64
38 410 88 62
1550 60 80 92
288 932 80 102
116 308 94 108
788 600 100 48
122 40 84 98
0 492 100 66
760 490 62 92
1750 234 96 88
0 540 70 88
1338 138 100 84
30 786 90 102
310 636 130 72
0 0 106 42
742 550 64 72
164 882 96 94
0 38 124 60
1164 140 58 68
1662 750 74 96
0 298 48 78
138 182 94 92
154 0 86 114
1200 30 66 102
1710 108 84 94
614 946 58 90
40 694 98 68
1094 122 66 38
