1120 190 66 90
794 320 68 64
706 358 90 58
952 758 72 66
900 502 64 78
1392 418 102 58
1018 398 58 78
1104 338 66 66
1272 408 96 64
1634 292 108 50
412 134 64 82
1360 356 88 44
820 804 74 82
732 120 62 92
952 490 88 44
1654 342 74 80
928 832 56 86
1390 238 86 76
1016 902 70 104
1070 516 100 44
1746 324 70 76
1242 488 98 50
1412 146 94 58
1226 62 76 76
866 134 58 86
1088 120 88 58
280 212 86 62
220 646 118 68
400 804 78 94
1272 130 98 62
666 588 86 58
908 290 94 56
684 722 90 68
1614 528 66 66
982 252 64 64
912 112 68 60
672 536 82 50
952 572 76 54
1090 398 70 50
772 694 70 56
1666 548 68 80
1054 216 66 54
1690 88 86 50
998 654 64 100
456 692 88 50
80 546 78 60
1490 272 70 108
758 806 74 74
1540 346 104 70
206 286 64 64
1522 458 68 42
288 516 94 82
1624 188 86 54
260 282 94 56
752 444 102 54
412 334 84 50
786 46 88 66
1638 778 84 54
1016 606 90 52
1486 924 72 62
372 50 92 80
460 118 80 60
1224 770 76 62
1606 664 72 76
1432 60 96 58
386 676 76 76
1672 702 126 52
1520 570 84 66
1372 652 74 70
288 0 94 86
820 940 98 56
1104 760 94 44
1116 622 56 78
1080 444 66 62
1030 1002 84 56
724 888 62 58
92 182 124 68
398 376 92 66
1410 786 72 54
0 216 86 54
1700 514 110 52
1686 160 78 46
26 120 114 66
1148 60 48 66
260 68 96 70
692 1006 84 48
66 474 100 86
88 742 112 92
674 962 68 58
70 954 88 62
112 444 132 56
1692 398 72 54
1050 712 66 64
1754 104 66 66
534 144 54 70
638 60 62 86
114 338 132 60
1168 312 50 88
1216 246 70 70
1736 448 78 60
1228 866 52 88
1096 164 50 54
56 684 92 60
598 60 60 84
58 822 94 60
1242 936 70 64
1598 404 58 60
