1476 46 46 70
1364 734 64 42
852 726 52 44
390 248 48 56
1614 562 62 48
1538 328 56 70
926 518 54 42
1410 560 70 42
1480 436 54 60
1508 268 68 36
616 128 70 60
1602 318 70 42
1402 638 94 38
652 248 70 38
96 830 88 36
148 126 68 54
1524 428 68 42
742 174 66 42
762 580 52 48
978 704 42 62
686 984 46 58
1290 348 64 38
1334 360 48 60
1674 382 82 38
720 832 64 36
824 504 60 38
596 978 68 40
940 96 62 40
930 22 48 64
908 820 52 48
942 932 46 60
868 618 60 40
88 500 76 64
650 402 68 38
1232 268 42 68
418 20 60 48
1698 676 58 66
348 958 56 54
132 594 60 48
1092 520 46 62
1436 944 68 36
1176 606 64 42
1274 270 50 60
1092 914 40 56
786 462 60 38
1076 660 52 52
326 18 60 44
1108 372 58 72
994 288 52 68
1568 786 68 36
992 890 58 46
1004 954 58 44
1684 572 70 52
1058 194 48 50
1612 412 56 50
1226 736 56 60
1366 528 42 52
1702 508 60 44
948 832 46 56
156 984 58 54
908 420 42 56
1054 814 58 42
1554 662 46 68
364 542 72 32
324 120 62 48
752 366 54 46
1590 500 54 42
764 638 46 54
56 268 78 46
1064 134 44 54
822 356 58 66
1198 226 36 70
822 636 52 42
1206 988 48 54
160 932 52 44
1666 250 50 56
1248 136 52 44
970 258 38 54
270 88 54 48
990 1016 68 36
1234 180 50 50
866 110 52 54
1196 734 30 46
1610 162 72 40
830 394 58 40
326 84 62 38
136 62 68 72
612 446 70 54
1694 262 72 48
260 468 56 52
1044 698 54 42
1056 494 40 52
372 0 74 36
1820 936 72 52
1814 744 66 54
1800 654 82 46
724 734 58 44
1712 172 82 80
1594 938 62 48
1650 784 76 42
1198 130 34 44
1810 324 78 48
338 62 48 20
758 768 36 38
498 296 54 44
838 82 58 50
1592 202 44 58
1182 178 32 38
624 508 62 44
364 852 52 42
48 970 90 50
1590 890 64 38
400 538 24 44
6 136 96 100
852 120 50 22
1156 828 32 38
