938 554 42 32
980 362 44 32
1070 348 46 32
1012 544 42 38
830 292 44 30
1092 592 40 34
1050 494 50 28
300 696 46 30
342 580 40 34
974 150 50 30
1104 252 40 38
998 568 40 36
1080 514 42 36
178 304 36 38
456 718 36 38
184 404 36 38
122 512 42 36
1108 386 40 38
1578 780 44 34
710 434 40 28
1694 266 62 52
1118 630 38 36
504 738 44 30
1210 474 42 30
488 824 38 38
1218 592 46 26
1106 604 40 36
96 294 46 28
596 274 34 38
1700 134 70 36
600 376 44 32
1070 228 32 46
118 784 40 30
1170 678 42 32
1074 426 38 44
148 608 42 36
1028 402 42 38
1014 870 44 38
1014 906 48 28
1092 374 44 32
978 298 44 36
1560 762 58 26
600 680 40 32
1046 70 32 42
604 288 42 34
684 28 32 40
1000 978 38 34
1190 458 40 30
596 464 40 32
1100 922 36 42
1164 726 40 32
1078 670 50 24
1042 382 50 32
1052 900 52 30
432 90 56 50
142 888 48 50
622 310 42 32
1648 248 34 36
544 506 36 36
728 620 34 36
1596 140 38 36
530 60 44 28
1608 166 48 30
1102 406 44 34
1172 444 44 28
538 738 46 36
1660 438 40 34
374 66 36 36
990 72 40 36
204 90 50 42
58 620 46 30
950 298 48 30
1714 198 46 50
1688 362 52 44
94 694 46 28
614 764 40 32
1592 128 38 28
940 238 42 30
938 286 42 32
1100 434 48 30
1648 686 46 30
580 598 44 30
