968 378 80 78
1064 432 78 58
1070 356 78 64
986 592 88 74
1062 544 124 58
1132 200 82 100
836 210 94 68
1350 204 102 58
1082 478 96 70
782 822 80 78
846 622 98 66
1112 614 66 80
1632 168 112 66
1044 810 112 62
1386 786 98 60
792 294 74 82
1400 666 84 72
1232 180 60 114
972 958 62 82
1070 698 92 52
910 778 94 70
838 750 72 90
1506 688 110 58
860 682 100 72
688 254 78 90
602 238 88 88
498 640 90 66
1076 86 106 80
1294 412 102 78
718 662 80 58
332 208 126 56
1442 272 76 98
1288 22 84 64
1516 60 84 82
1226 328 66 96
358 898 102 70
682 106 92 84
822 18 96 90
1220 660 126 54
1068 752 76 54
860 430 104 82
756 890 92 68
1652 610 96 78
672 874 90 68
1594 750 74 84
430 736 126 64
464 948 96 74
864 520 104 70
1726 600 92 74
626 846 60 74
462 354 98 68
680 24 92 88
1662 300 136 62
1216 76 114 72
370 120 94 46
1718 518 104 88
1220 292 96 48
956 62 64 122
92 602 110 84
1628 492 70 92
238 264 114 82
1512 928 84 58
1504 536 92 70
608 60 72 98
1740 222 92 78
226 446 100 64
398 538 100 60
1368 54 90 94
1752 124 86 74
1690 54 88 84
154 700 112 74
62 482 100 86
1518 746 84 90
66 954 94 74
334 270 92 92
182 130 122 86
1602 240 86 84
344 678 110 48
212 98 114 62
604 326 66 98
502 540 86 60
640 768 96 78
400 370 88 84
1182 604 56 84
184 20 104 88
68 322 146 64
1250 380 60 98
1390 980 70 76
20 112 126 86
298 494 110 66
1500 246 72 92
702 966 72 70
76 192 84 98
508 82 66 84
132 508 154 72
1456 822 110 64
178 766 88 92
394 66 112 82
1566 140 84 90
78 760 96 96
342 618 124 52
82 40 120 98
1600 118 82 70
444 274 106 90
746 404 76 96
418 2 106 88
10 886 106 82
1154 20 64 102
664 692 82 64
0 188 94 92
602 120 66 52
626 450 104 60
738 488 80 62
0 6 96 88
1738 60 92 42
600 612 70 44
1670 454 110 46
602 486 58 62
0 520 72 70
0 338 80 56
