1232 390 84 44
1568 234 74 68
662 834 70 62
648 656 58 56
1460 222 74 52
1278 234 74 50
1672 398 88 68
814 282 62 60
840 136 56 62
1094 242 56 84
1210 818 64 84
1102 370 46 66
782 478 64 64
914 550 58 54
970 312 72 42
902 90 58 70
1510 128 94 50
1322 732 64 68
730 684 54 58
390 546 56 66
1004 512 84 46
848 376 52 68
1516 322 70 64
1038 638 56 70
1032 458 78 42
1302 622 64 58
1078 654 72 50
968 740 66 52
1710 270 102 56
452 186 94 50
1028 408 50 54
470 320 82 52
1010 824 66 62
682 566 62 40
1004 68 54 62
690 306 62 58
1560 390 64 52
924 236 56 76
632 292 68 50
1302 452 46 64
616 544 56 60
660 468 54 56
578 410 60 60
1080 924 52 68
1606 760 80 60
1378 448 62 40
640 430 70 38
760 338 52 56
1188 92 50 78
1030 740 74 40
624 368 58 50
1636 644 80 58
72 544 76 82
1206 210 76 40
1512 60 64 52
580 46 82 64
940 40 74 48
412 784 84 46
1030 242 52 52
482 694 64 56
1048 174 70 46
1682 706 78 66
404 672 78 40
24 622 90 58
328 836 72 38
210 984 108 58
262 164 68 70
1132 60 42 32
710 370 54 70
410 0 82 46
736 446 68 46
1680 112 108 62
1052 120 56 54
1032 940 50 66
1050 204 80 46
1006 0 48 66
1672 224 80 66
1346 476 68 56
1640 524 108 46
10 150 92 80
1590 830 72 54
1208 154 56 50
40 712 84 54
1818 380 64 84
1640 830 78 46
1638 576 86 38
1714 196 102 60
1124 188 46 50
