1108 350 46 34
1182 418 42 36
206 482 38 36
1218 296 36 38
1458 588 46 30
224 176 38 42
442 260 42 36
416 146 32 40
418 726 32 42
824 480 46 30
286 146 44 30
1122 254 32 44
1282 456 46 30
1488 364 38 38
308 852 46 30
754 884 38 38
712 400 42 32
90 570 38 36
438 928 44 34
1076 398 42 36
812 794 38 38
970 450 44 32
158 718 36 38
1222 756 46 28
1040 572 40 34
1292 366 32 38
768 178 36 38
1002 466 46 32
1046 110 34 44
134 826 46 32
292 60 46 24
328 228 40 32
530 686 34 46
1448 96 40 38
1398 616 48 30
770 300 36 38
160 142 32 40
952 32 34 40
1530 650 42 32
354 74 42 36
304 0 56 20
844 944 42 32
1182 34 38 36
382 52 40 28
874 806 40 34
944 936 36 38
782 368 40 42
522 714 40 36
868 850 40 42
1654 386 42 34
506 368 44 28
874 78 38 42
1044 932 34 40
400 636 26 38
1604 542 40 32
1422 86 38 32
1456 860 40 36
142 636 40 34
1622 190 52 52
416 202 34 38
170 678 44 34
156 742 38 32
952 906 44 30
116 682 38 32
136 60 44 32
1008 874 40 38
822 866 44 34
1278 6 34 42
838 836 32 44
1116 218 38 40
400 62 44 18
130 376 38 36
1072 36 40 38
1214 164 44 32
774 674 44 34
392 996 40 36
1188 164 38 38
1076 0 36 28
1060 60 44 30
1230 186 46 38
618 552 38 36
318 602 46 28
1644 492 38 32
1658 146 38 38
1184 218 38 36
1022 202 40 34
90 890 48 26
1422 802 48 28
1100 768 42 32
798 80 58 40
1422 392 56 28
242 120 38 34
968 936 44 34
1172 916 40 26
180 990 40 30
1160 762 46 28
960 2 34 28
1456 434 48 26
288 886 44 32
1126 84 38 34
124 596 50 34
380 2 38 34
1056 74 30 42
336 962 44 30
370 434 36 30
320 990 34 36
1018 28 38 36
1174 452 32 40
874 66 36 28
1846 360 54 42
1082 100 42 34
1092 492 44 32
1168 496 28 48
1058 634 50 34
520 1004 36 42
96 172 48 28
1166 708 32 38
1100 404 44 36
