1538 876 100 54
870 650 66 90
998 292 102 62
182 684 100 66
946 654 72 68
1538 350 102 60
858 582 82 72
824 170 102 72
1328 710 76 78
1368 214 84 82
654 696 80 84
904 726 64 104
1516 90 100 64
916 412 104 58
784 594 78 102
1562 430 90 58
664 624 100 70
814 236 90 76
1466 872 82 66
1304 218 82 84
764 522 98 60
1434 744 102 96
1546 610 100 70
1514 734 98 62
1418 322 82 62
1628 250 96 62
176 620 108 70
806 380 102 56
958 840 86 58
1256 800 124 60
816 842 90 68
1386 130 78 86
188 828 90 76
1244 150 106 66
1052 530 96 74
634 378 72 90
370 826 74 74
860 486 104 78
802 910 98 50
474 758 84 84
1664 608 96 60
1468 520 100 62
646 814 76 86
1464 152 72 70
1460 226 80 84
314 228 106 66
1546 496 112 68
1486 664 80 70
500 286 88 102
680 542 92 54
894 60 76 66
1342 396 86 76
1314 302 116 56
1410 904 72 88
622 562 72 94
1718 18 108 70
658 288 102 60
1320 548 102 62
1232 900 72 86
754 322 86 62
1304 352 66 92
1082 376 106 54
1612 668 70 86
330 728 90 76
706 750 88 76
1382 490 92 78
752 20 84 66
940 176 82 104
1066 88 102 52
508 606 92 58
384 692 80 82
1134 480 76 82
714 360 84 58
1668 162 94 94
336 86 116 64
1370 24 60 74
784 62 66 90
1306 18 74 88
692 80 90 82
1000 54 80 76
1322 882 86 68
1570 296 86 58
284 634 84 80
830 436 88 70
660 948 78 58
1590 564 90 56
1686 684 94 82
450 854 84 60
1230 726 78 72
1604 750 80 76
1098 460 88 62
682 886 110 64
462 660 70 80
506 40 80 102
1244 352 76 68
604 150 126 70
950 978 86 80
1522 150 82 66
772 454 86 58
1642 536 108 66
400 142 78 90
1338 630 104 74
684 412 70 70
1070 718 106 54
522 136 70 94
1088 190 92 64
146 68 116 64
1104 888 88 70
1076 924 76 74
1076 424 102 44
934 874 74 78
604 238 84 74
1486 454 86 64
1230 48 84 88
282 754 68 88
1542 226 92 64
276 436 84 62
472 894 100 58
1166 578 48 76
1094 750 90 58
170 894 100 88
452 48 76 102
108 314 114 84
512 664 78 64
1228 606 66 94
616 890 80 70
1726 370 94 58
420 12 76 62
648 476 86 56
1062 134 104 78
1212 758 56 92
722 484 72 54
94 740 132 64
1610 86 96 62
1108 266 90 74
1052 984 82 54
348 332 84 84
0 10 100 82
344 614 100 66
400 292 108 78
1242 964 82 54
1024 22 104 40
616 40 76 104
1630 848 132 66
288 554 76 84
1668 776 84 72
1066 258 72 58
1022 922 64 88
1494 300 82 72
140 118 126 74
288 472 124 62
1582 158 100 46
1592 200 82 50
1132 32 60 94
1522 26 92 66
1554 670 68 68
1668 414 86 48
1644 906 106 80
98 170 114 82
410 908 82 78
44 190 104 114
332 554 104 70
54 958 106 72
8 490 140 82
1160 198 56 88
1226 486 54 80
1672 324 70 78
70 60 102 62
1264 638 80 62
1740 428 78 66
486 938 92 76
30 114 100 68
50 770 108 74
60 884 106 78
1322 604 62 78
1584 22 96 50
304 874 88 56
1432 22 94 36
1426 574 84 84
1746 506 72 62
1756 310 60 52
1460 602 88 68
34 830 136 64
52 682 96 64
44 600 162 74
0 270 76 78
242 158 144 72
286 0 98 52
264 382 92 48
