806 624 64 66
1508 70 72 68
652 684 78 68
360 122 74 96
74 504 102 66
1294 594 88 50
864 530 60 80
268 138 94 64
910 740 68 68
270 242 96 58
414 858 80 68
1016 884 60 64
796 880 80 58
1320 76 76 76
1304 354 74 46
888 832 86 50
1072 846 50 82
292 538 94 62
1500 546 90 46
1520 478 82 50
986 388 74 60
1718 332 102 64
1038 460 62 74
1498 424 90 40
728 936 70 54
180 454 92 50
1364 374 78 52
890 936 64 72
1224 174 92 56
70 958 86 62
1224 608 68 68
842 288 74 72
598 60 72 96
202 622 80 68
650 306 82 52
642 556 78 54
1596 94 76 66
986 452 62 86
642 240 90 52
24 314 96 64
676 152 78 64
656 754 90 56
470 906 70 76
894 468 76 68
1404 276 70 56
1118 854 66 72
1238 58 74 72
1512 698 76 56
742 494 80 40
1000 92 60 64
1634 620 70 46
1078 666 82 52
1642 482 104 52
168 194 86 78
760 194 64 48
1084 746 88 42
1112 490 74 54
1092 180 64 64
744 60 70 66
1100 72 62 70
274 786 78 68
1108 24 70 52
664 878 78 54
1370 24 52 80
906 296 58 80
672 428 96 36
1696 50 62 74
450 518 90 66
1674 572 76 48
376 458 90 56
150 96 94 62
498 46 78 66
28 814 76 52
400 152 24 62
466 358 76 58
1324 802 50 58
294 628 116 66
1468 272 56 66
734 120 50 58
1086 930 78 62
340 980 64 70
184 156 82 46
142 270 82 58
1630 724 90 40
1644 60 78 46
20 598 100 46
1554 182 48 90
22 880 80 80
38 122 94 78
1684 120 112 64
1176 38 44 90
418 392 82 40
30 766 102 58
1494 208 62 62
1516 976 74 46
64 686 84 58
1094 376 44 54
