864 504 52 54
1430 366 66 56
1338 318 72 60
1446 422 62 58
760 438 76 36
392 340 56 58
952 778 46 62
1554 518 64 58
102 238 86 50
1232 606 56 46
264 546 52 68
954 542 72 40
1618 398 68 44
620 670 68 48
978 646 56 40
786 888 70 48
724 556 48 58
1474 890 56 74
706 312 64 50
464 228 64 58
1196 204 88 40
792 296 50 60
868 370 42 64
1090 656 48 64
1448 496 76 58
1526 174 60 60
650 298 54 64
864 628 64 36
902 412 54 54
110 954 90 42
890 312 68 40
740 754 60 54
1330 794 86 42
310 890 54 66
1470 738 58 68
450 306 66 56
1576 194 70 52
1276 392 44 64
1472 660 88 38
1700 304 86 54
1046 502 72 44
696 372 48 58
1196 126 52 52
1088 270 72 40
166 822 80 48
236 654 56 66
676 426 58 46
470 368 70 48
1336 844 74 38
412 412 60 46
114 176 88 56
608 276 60 58
486 178 58 56
1038 446 78 38
430 500 54 52
588 350 66 36
60 312 72 44
70 374 82 56
1032 736 68 40
1680 790 68 60
706 920 46 86
1044 936 62 62
286 600 70 38
1264 980 70 44
1048 688 62 46
1332 890 64 56
780 604 52 60
1244 442 46 62
840 568 50 52
38 522 82 58
784 796 46 60
572 152 102 46
1052 774 58 48
1174 384 56 54
84 500 80 48
26 230 82 72
82 92 72 64
518 530 54 48
1190 706 52 50
1428 704 60 52
152 168 80 40
1054 216 74 46
1044 182 68 36
1230 158 66 56
1712 206 76 58
104 686 86 38
1184 472 66 44
1184 330 68 48
176 776 74 46
946 980 44 76
88 632 64 44
1110 330 56 48
1046 468 68 38
586 388 74 38
1154 938 60 46
596 466 76 42
506 716 66 54
116 708 80 36
1166 570 64 38
1072 912 54 68
1104 814 46 48
242 964 58 58
1024 990 62 46
120 1012 78 46
184 114 70 42
1108 78 50 62
168 614 54 52
34 796 64 46
24 158 78 58
502 582 74 38
1176 232 44 72
1060 136 58 46
858 972 44 88
1646 462 100 38
672 496 68 34
22 626 70 48
640 966 66 44
1174 778 72 38
1190 10 74 56
1150 82 42 78
1674 698 64 62
1092 382 48 56
1184 818 58 40
24 354 78 56
1056 408 64 42
832 318 66 46
580 410 42 60
208 910 64 62
1788 662 74 42
1610 12 88 48
1780 894 76 60
1698 468 72 50
1182 992 52 42
32 454 80 40
