1512 774 68 56
48 600 54 52
1566 936 54 48
1444 864 66 40
1586 594 50 54
220 266 64 44
414 20 58 56
1394 172 76 42
132 546 64 44
944 240 50 54
1386 130 68 40
1690 96 90 42
1338 80 62 48
1426 766 74 34
98 216 82 38
1356 830 60 42
430 652 64 42
1618 826 112 52
1072 282 44 52
1032 120 46 70
592 756 78 32
1510 214 50 42
1492 278 64 36
1380 578 70 34
1632 728 108 44
1622 678 54 50
812 516 60 34
1396 500 50 50
362 64 46 68
906 156 56 48
72 536 68 34
1228 60 64 44
732 474 56 38
1650 618 92 48
1268 554 66 40
366 532 52 52
1236 882 52 36
1050 164 60 44
910 612 64 34
470 352 66 42
422 208 64 34
900 890 34 44
1052 928 54 48
1286 158 54 38
1728 194 66 44
692 820 48 54
912 452 34 44
694 336 50 46
1262 294 46 56
686 540 62 34
482 310 54 38
1054 502 54 36
816 734 36 38
1796 734 68 64
1372 322 42 50
1314 486 38 40
740 318 44 56
1014 622 56 36
1272 116 58 38
298 68 42 56
1062 690 34 46
628 624 58 40
310 2 56 60
1058 820 34 50
860 380 38 40
1212 148 50 46
1380 938 48 46
154 816 74 34
610 18 64 52
828 312 38 40
1028 558 58 38
1180 428 66 38
1638 854 86 44
982 332 54 40
758 702 36 42
818 998 32 48
726 96 50 42
820 112 38 36
444 820 38 40
926 548 44 32
888 682 40 38
760 642 36 42
780 954 38 40
802 176 36 40
788 732 34 46
806 912 36 40
934 362 38 38
1220 818 56 40
464 782 64 38
452 928 64 32
184 1002 50 52
134 892 52 40
682 696 36 36
974 736 40 38
800 94 32 36
1096 648 34 44
968 386 34 44
1194 238 30 46
1108 914 34 44
966 812 36 42
1170 906 62 36
686 1002 44 52
224 774 40 40
1220 208 40 58
798 694 42 34
880 826 50 28
1104 586 42 52
924 406 38 38
588 70 74 44
1008 820 32 52
1010 400 46 32
850 924 36 40
286 162 60 32
978 920 42 30
142 364 56 46
1196 36 42 60
1108 426 42 30
1654 980 74 38
938 452 36 42
1392 378 28 52
698 732 46 34
972 472 34 44
742 832 36 40
1812 390 64 40
1320 300 48 48
1192 772 34 46
396 216 48 56
1430 370 42 58
1052 432 54 44
1634 432 74 38
588 466 80 34
432 862 38 36
1712 470 52 40
1172 392 32 44
1082 550 32 40
848 166 34 42
506 260 50 46
940 976 36 38
1348 882 68 50
44 840 48 46
718 782 38 36
1168 576 32 32
978 962 48 48
324 490 52 34
188 874 42 28
500 846 38 40
1814 512 60 44
836 646 40 40
802 126 36 38
706 762 44 34
354 890 42 30
330 270 38 34
690 632 62 40
838 970 46 30
1092 704 42 32
890 976 40 34
144 414 60 36
1186 62 42 20
1166 618 58 36
44 458 74 38
310 526 40 40
890 1008 40 36
536 304 36 36
958 448 36 44
240 850 46 30
862 680 34 40
292 868 42 32
314 198 54 40
