224 508 44 34
384 496 44 32
966 146 44 38
356 536 46 30
790 278 38 42
174 568 52 28
788 158 42 34
436 406 48 30
112 520 52 28
1192 134 34 38
634 594 36 38
242 646 42 30
460 300 36 38
444 486 38 36
984 464 36 36
1042 98 40 38
890 340 36 40
840 244 46 28
1254 450 40 32
1188 110 36 38
802 180 46 30
154 646 54 24
974 774 36 38
862 98 38 40
680 728 38 32
474 360 40 36
932 172 46 30
594 84 36 38
460 442 54 28
700 660 42 30
160 190 38 34
946 536 46 26
132 296 42 34
1108 90 40 38
856 162 40 32
592 212 36 36
260 470 44 28
384 216 42 30
118 200 48 28
1538 278 48 30
1036 628 36 34
1198 76 32 46
986 120 38 32
602 188 38 36
616 664 36 36
1608 76 40 34
500 564 38 34
1208 406 30 46
1514 168 36 34
686 584 36 38
956 164 44 32
1066 128 46 28
1042 468 40 34
216 594 50 32
926 280 38 38
1048 120 46 22
944 264 46 34
1404 538 44 26
906 118 42 40
1130 60 40 36
484 104 38 34
926 300 32 40
126 772 52 38
1030 676 40 30
1206 120 44 22
928 348 42 38
1434 608 32 36
592 122 30 36
898 76 44 32
982 88 42 36
1132 98 40 38
918 266 44 32
984 234 46 32
1044 530 30 42
1012 84 42 32
208 622 46 30
152 262 40 30
964 260 48 30
986 22 36 38
1088 358 44 30
1686 276 66 54
1204 758 42 26
596 300 58 20
870 120 46 24
1176 508 34 36
1248 758 40 26
44 502 46 24
604 766 46 26
954 234 44 34
632 832 32 34
1704 176 56 44
920 246 48 34
1090 632 48 38
1636 616 32 34
1130 366 40 32
832 170 44 30
72 392 46 28
74 630 50 26
224 632 48 26
1702 60 68 58
1096 442 44 30
1192 162 32 36
1234 60 42 22
890 252 44 32
456 2 50 24
1698 370 54 44
