1280 220 74 64
794 568 54 66
1034 218 54 56
1306 368 78 52
592 102 76 60
774 300 56 64
1114 240 48 80
1398 390 80 58
908 288 62 90
738 374 54 58
1204 192 74 46
730 222 82 52
40 626 78 68
1536 226 68 80
606 0 58 66
1224 514 64 54
982 166 54 64
408 94 82 48
206 998 66 56
102 338 94 62
840 552 64 56
1082 328 60 70
666 420 70 42
588 236 52 62
12 520 92 48
160 916 64 42
378 200 70 44
166 956 78 52
1048 804 72 52
1584 188 64 62
292 526 60 48
30 450 88 44
898 622 50 60
462 520 66 70
1648 126 68 56
1618 410 86 68
400 674 72 46
660 6 62 68
596 434 72 60
604 318 66 46
586 374 72 40
38 710 86 60
456 952 58 64
1082 912 48 62
1024 856 74 50
1664 680 88 42
90 178 106 50
574 394 68 42
900 550 50 74
1104 120 44 26
370 622 64 36
584 892 30 48
1512 644 62 42
1106 70 50 86
16 160 86 60
1604 746 60 48
334 580 78 34
34 896 88 60
130 652 64 40
1708 194 68 62
1566 628 34 40
246 572 58 60
