308 194 64 78
1076 242 78 58
896 414 48 74
306 930 64 56
816 496 56 72
738 228 72 46
874 632 50 66
1558 522 62 58
896 240 58 68
1252 538 58 72
1344 202 84 60
1012 408 70 68
1348 350 66 54
366 88 82 64
1080 508 60 74
972 712 68 42
206 796 90 52
1392 418 78 70
198 918 78 44
194 712 70 52
1058 684 52 72
1046 176 76 56
94 484 108 58
1506 370 60 54
874 872 66 46
1434 524 72 42
444 108 86 52
98 328 86 48
586 322 60 58
788 728 52 62
982 378 52 54
1388 578 76 40
424 368 88 68
766 442 72 46
446 166 82 58
1550 312 78 46
1628 372 62 72
1186 390 70 70
280 36 90 60
562 0 94 84
184 658 76 40
140 132 68 78
1214 120 64 72
1350 82 78 60
14 518 98 62
698 564 58 54
454 264 76 40
822 118 78 62
208 966 72 44
728 382 76 44
670 832 88 46
1544 144 76 50
1180 82 48 86
1110 646 44 82
470 802 82 46
444 0 74 62
1528 656 86 52
1046 756 58 48
40 710 86 62
572 82 86 90
1574 712 60 62
1552 276 80 38
1686 608 78 42
1414 84 80 62
600 880 62 82
1176 646 38 78
1360 292 76 52
1582 170 102 54
10 362 94 56
1350 724 68 44
1042 500 80 44
1194 212 62 84
1686 508 50 50
1246 140 80 62
850 60 62 54
14 152 90 76
20 902 88 48
1110 86 62 82
70 94 76 58
166 1002 70 50
488 546 60 48
1444 600 86 42
1568 60 94 52
1688 158 66 62
1218 184 52 60
1732 486 56 50
1594 890 94 42
1614 730 68 44
1058 928 42 78
462 218 84 40
576 528 34 44
390 540 46 30
1006 916 52 60
1442 892 62 46
1508 0 56 36
486 740 66 46
498 440 54 40
648 478 54 50
664 460 60 54
1346 0 80 36
316 542 70 40
1786 712 70 54
604 924 86 62
826 4 46 74
1244 910 36 36
1240 828 58 44
254 414 32 42
328 640 66 34
1172 794 48 60
576 624 32 48
