1100 168 68 60
950 324 66 70
1112 284 72 70
1026 142 58 66
1026 364 82 52
156 510 104 54
1502 282 80 60
1656 216 80 80
988 220 74 54
274 160 100 52
938 550 54 76
330 756 84 54
92 758 86 70
482 150 106 62
1114 480 84 64
500 768 84 60
794 312 46 94
1614 358 68 76
478 690 72 72
1228 366 78 56
900 140 62 90
1594 594 84 46
1124 346 60 72
682 332 56 92
936 640 76 58
1634 92 72 66
644 208 70 92
278 666 86 74
818 500 64 74
56 870 96 72
1582 204 76 64
1440 352 114 52
336 608 88 72
442 250 70 88
1242 76 62 68
890 66 74 44
88 338 112 56
614 352 64 64
818 94 66 70
1728 168 80 50
990 954 78 52
486 370 96 44
656 716 68 86
420 566 74 64
844 448 76 52
500 960 92 46
1500 598 92 48
1096 904 58 66
64 684 90 66
724 306 76 44
678 534 76 46
1268 202 54 66
294 6 88 68
1668 326 68 82
66 952 96 64
40 124 102 70
696 948 68 74
1502 504 92 40
628 82 68 76
1736 218 82 62
1310 90 64 84
1744 58 76 56
1524 152 92 60
240 1000 102 58
852 656 70 70
1236 742 80 50
686 770 72 50
1578 70 66 54
502 16 76 82
1672 450 58 60
692 670 84 52
1244 478 72 58
1120 74 52 72
686 820 82 50
90 288 88 56
1488 736 70 44
6 320 86 60
1804 892 86 58
224 298 80 70
1074 108 54 70
1228 200 56 74
838 274 78 50
544 274 54 56
1826 640 74 72
230 576 126 44
866 300 56 72
26 564 88 86
1638 806 64 62
26 60 102 46
762 424 76 56
124 430 114 40
292 444 72 60
1112 1000 46 56
1096 716 72 46
350 916 86 66
1726 498 68 42
618 248 46 54
536 694 82 44
286 498 76 58
466 314 88 58
1228 292 48 58
1028 724 48 78
400 918 24 62
1282 928 68 58
1220 478 50 78
1088 60 52 72
630 586 68 48
1218 54 54 80
