1264 220 38 36
854 788 32 44
1118 392 38 42
962 574 48 28
664 334 46 32
1192 306 36 40
1190 472 48 28
1276 336 38 40
1072 672 34 44
172 272 40 38
766 320 32 44
1098 342 38 42
1432 280 40 34
1342 160 34 42
1012 830 34 42
114 788 36 38
424 274 38 38
186 766 46 30
314 556 44 30
260 568 38 38
158 534 48 28
298 796 34 38
1026 552 44 30
920 786 38 36
1058 490 46 30
268 932 42 34
256 806 42 34
1350 390 32 44
314 218 38 40
704 168 44 34
732 242 38 40
1410 406 30 46
1074 536 38 42
794 160 36 42
418 198 44 30
1662 468 68 44
206 562 42 32
524 378 40 32
922 822 40 34
1528 242 46 30
1350 68 36 34
208 310 40 40
770 744 40 36
1602 216 62 32
362 232 42 32
1540 558 54 30
248 338 36 40
38 520 40 32
122 350 76 36
392 44 32 42
1666 572 60 42
1004 428 42 40
1390 364 46 34
1632 154 46 40
772 184 32 38
1058 440 42 34
776 310 36 38
1164 252 36 34
284 616 46 28
800 936 26 32
678 592 36 32
394 708 56 40
808 270 36 40
450 60 38 36
48 674 50 28
674 404 48 28
750 196 42 42
114 856 32 38
350 158 38 44
1100 410 38 38
356 88 34 38
294 760 38 34
88 522 46 36
1338 108 42 40
1100 852 42 30
116 728 38 32
962 780 52 28
1648 536 72 32
80 674 52 24
740 228 46 38
308 164 48 32
1074 784 42 32
308 80 42 38
1688 270 72 56
1098 172 36 38
164 334 40 30
204 952 42 28
48 910 40 28
32 586 70 34
250 40 40 34
1352 658 50 24
124 564 44 38
1086 742 38 34
1124 220 40 36
968 66 42 34
352 42 38 38
1184 116 52 44
924 848 44 26
474 454 50 28
1810 320 72 40
1104 480 48 32
306 680 38 34
1180 724 42 30
792 294 36 38
1402 60 52 24
1306 892 46 30
446 1012 34 40
304 698 42 40
98 472 42 28
850 918 38 42
1830 278 40 32
94 192 34 36
78 758 50 24
1030 440 40 34
1180 176 34 40
768 212 38 44
1566 788 40 32
482 954 42 36
302 4 40 26
