892 324 86 94
1214 756 62 110
872 590 86 92
1248 702 118 80
180 890 86 110
962 530 76 98
1224 586 68 112
1136 816 74 100
734 698 140 62
976 138 76 106
1098 504 100 76
1406 212 92 76
402 328 92 98
1020 322 110 66
966 468 114 70
758 294 94 100
1366 666 140 72
810 44 90 102
1404 20 108 76
866 754 92 78
986 834 134 76
284 326 90 102
934 614 56 98
650 712 82 110
806 866 72 124
1620 16 106 60
1034 594 90 92
816 530 120 64
1240 386 120 72
898 198 94 82
1544 260 112 70
864 462 112 90
1020 898 134 76
1420 458 82 108
192 818 98 92
498 470 84 98
886 938 118 76
1286 120 120 66
266 436 102 84
784 156 108 76
978 652 72 112
306 206 122 68
626 66 96 98
1084 198 100 90
48 308 138 80
1040 692 100 88
1508 160 72 114
998 762 134 88
1546 324 92 68
1248 184 86 72
1120 572 82 104
168 290 144 68
1710 888 94 92
400 754 72 82
800 222 94 84
686 950 102 62
486 208 102 80
1038 16 80 90
678 554 78 110
78 618 144 72
622 228 84 96
284 846 96 98
908 134 90 74
834 378 82 100
1240 286 136 88
462 662 82 102
710 120 104 56
496 586 92 94
800 562 70 88
1344 170 88 108
156 492 140 76
1334 752 84 102
26 824 128 78
614 144 90 98
1090 120 86 74
1220 486 62 82
1590 854 84 104
118 688 142 68
1418 120 88 94
596 502 178 74
1248 448 74 94
56 952 90 76
1404 380 98 88
112 348 174 68
968 382 96 84
1510 56 116 90
396 876 102 78
1302 514 100 92
272 512 106 82
1506 608 102 90
150 428 116 86
18 112 104 76
1454 566 84 102
686 232 88 104
868 670 96 100
588 550 98 90
1284 60 132 52
446 770 88 100
1024 410 104 74
744 428 112 68
1418 788 88 84
170 140 118 84
1056 960 84 100
616 654 66 86
466 354 122 90
1324 842 82 90
334 482 122 78
1376 724 130 64
1522 518 114 80
1380 564 76 112
1256 856 88 90
1724 738 102 70
706 160 96 92
936 256 118 86
740 850 78 98
72 754 104 88
1206 862 74 90
0 304 72 92
376 120 96 32
1474 346 108 94
228 60 172 64
1572 400 100 88
1500 446 84 82
94 262 140 58
506 902 90 80
400 596 76 96
656 876 110 82
990 60 80 78
248 574 138 60
46 474 112 114
1034 146 130 74
750 754 116 70
628 934 80 98
296 280 114 82
100 72 154 82
1648 670 162 72
1570 682 106 88
382 246 110 84
518 94 64 86
0 168 84 86
498 278 102 88
1680 280 122 84
764 486 104 68
1600 188 80 104
1218 216 90 98
1480 742 116 86
510 818 98 94
1552 110 112 88
366 830 108 76
1668 594 140 76
614 352 126 64
1736 528 118 76
1558 922 64 116
6 890 106 86
1406 890 102 66
814 120 84 30
1124 60 78 64
460 168 98 74
440 538 94 94
1730 124 102 92
1732 790 92 92
630 16 78 56
168 734 104 92
1444 936 64 120
1328 942 94 78
640 810 84 98
732 802 114 60
1504 824 110 90
1748 420 98 84
242 664 154 76
592 60 48 70
336 914 76 100
244 730 124 66
1720 60 110 40
1644 342 98 90
604 736 66 90
42 688 94 62
440 962 124 82
400 66 94 88
0 14 110 78
1672 204 106 80
258 0 130 46
