986 198 90 84
904 614 82 74
732 632 98 64
1010 16 78 90
974 514 116 62
782 714 96 64
802 14 90 90
444 944 98 70
1226 372 112 62
646 582 78 90
660 754 106 66
1626 642 130 56
992 378 72 68
792 888 110 66
844 206 94 80
1596 830 116 70
1500 390 90 68
1412 492 106 62
942 776 78 82
694 530 76 86
814 586 92 90
1230 434 110 58
1076 712 96 78
1004 444 68 74
1392 736 80 104
1214 620 94 70
1438 648 82 96
1312 750 98 68
312 856 116 74
1410 560 98 54
1076 662 98 50
1644 518 110 78
1330 20 80 76
1062 412 110 62
1546 262 124 66
1122 602 72 86
896 458 106 72
1560 702 86 92
1472 582 94 70
1236 264 108 64
1228 166 110 68
1514 202 98 68
1102 788 76 86
746 776 104 72
364 784 118 64
1454 986 104 58
1478 808 88 104
412 140 110 70
1664 90 92 84
1044 362 94 52
180 646 114 74
1502 640 128 62
1102 884 106 64
872 852 118 76
1594 72 96 90
424 820 92 64
760 406 86 78
1336 92 74 92
1362 298 96 86
758 494 70 92
686 300 86 88
1516 494 104 64
630 146 84 92
326 552 96 100
240 784 94 94
22 192 100 100
406 210 136 80
714 88 92 108
1640 686 78 72
1680 754 92 88
836 390 86 92
1122 28 68 106
1506 920 112 74
444 868 126 70
308 348 126 68
898 292 96 100
1252 804 72 94
672 484 92 46
620 68 102 78
480 456 110 66
462 322 112 92
278 692 112 54
14 296 100 92
1560 378 90 66
1500 684 72 104
1562 446 106 52
694 424 90 62
634 330 78 108
926 948 80 100
20 104 108 82
154 448 92 100
1242 104 86 60
440 636 86 110
808 486 66 68
1308 222 70 86
220 580 118 68
634 794 72 88
1550 324 130 58
610 280 102 62
676 884 84 100
1630 900 94 80
1230 54 66 76
82 494 130 80
1404 134 86 68
128 610 108 70
676 16 68 64
176 876 88 98
1620 404 98 60
1714 302 98 108
1220 756 54 88
288 82 90 106
1222 198 50 114
612 430 88 60
1740 120 112 86
498 24 86 76
1150 320 66 78
1240 24 92 42
270 268 140 88
120 752 108 76
1562 168 66 70
30 856 90 96
1680 238 162 74
352 72 76 94
266 190 120 78
522 952 76 74
1768 12 90 94
44 688 94 66
1304 824 72 82
400 648 36 88
550 688 64 80
1750 634 64 76
290 6 130 76
624 940 92 68
1280 892 90 52
166 216 114 86
1158 142 52 68
1692 60 88 34
626 120 88 30
616 846 70 104
40 410 84 62
38 958 116 70
46 570 102 72
152 114 110 86
130 44 104 78
0 20 90 76
1734 514 74 94
1178 32 44 84
132 828 76 100
1700 10 112 86
