1008 360 66 82
1104 448 70 82
840 676 84 62
798 836 88 58
1070 812 102 62
840 894 72 88
858 410 108 72
972 646 100 50
912 584 86 48
1082 650 90 64
1450 292 92 62
656 332 96 60
958 200 94 74
1074 230 68 78
1604 124 102 74
1500 466 86 76
1078 106 86 62
966 850 100 52
770 504 70 80
1080 376 78 56
1248 180 66 66
1666 602 124 56
1384 290 76 96
1358 568 86 60
1014 536 100 52
1350 630 70 54
696 850 80 78
1638 186 94 68
184 474 104 60
922 88 78 74
1120 336 74 72
864 772 80 52
918 944 66 84
372 806 82 76
616 60 80 88
1636 510 80 62
696 196 70 108
1256 820 86 66
1390 456 74 86
1440 130 74 106
1076 718 104 52
348 630 88 76
308 240 88 94
598 338 88 92
686 122 58 80
996 558 72 68
826 22 80 68
150 642 98 58
682 704 78 70
732 60 70 90
1304 192 88 72
234 656 96 56
972 936 78 58
1234 372 88 56
224 68 134 66
1034 128 54 98
1512 108 90 88
1448 888 106 54
1566 20 78 70
644 498 108 50
92 70 136 70
634 762 90 66
1722 238 88 74
400 316 84 78
1696 368 92 48
620 626 60 66
322 378 104 72
230 528 92 56
670 976 62 78
1348 60 76 54
616 430 96 56
1604 776 74 74
1662 284 94 64
790 630 70 66
622 552 88 72
1236 644 84 56
206 138 88 100
1406 658 66 76
1734 22 94 58
1698 48 68 86
222 264 110 82
764 598 72 42
728 168 82 64
1564 712 90 70
1018 64 74 64
1732 94 82 62
1724 176 74 64
1174 204 46 76
92 600 104 44
640 918 80 64
136 750 98 64
520 618 74 58
36 310 118 78
732 972 92 74
92 856 106 88
1358 688 66 74
1146 60 58 72
1228 330 62 74
792 286 94 60
500 104 86 64
1580 618 74 56
300 516 114 56
1080 968 82 66
804 242 82 70
62 684 90 68
1654 960 120 54
38 770 112 92
1146 744 60 88
72 952 86 64
208 720 92 60
1674 880 72 58
1622 858 70 70
84 464 102 102
1436 26 100 74
616 834 50 76
340 60 90 46
116 134 106 76
42 192 68 92
400 458 78 54
218 904 104 70
26 116 106 76
1216 20 76 88
18 890 90 58
1794 890 68 66
2 36 110 56
1816 618 84 74
1476 92 62 56
1690 788 90 76
416 386 66 74
1644 8 82 44
1656 442 70 60
0 184 62 90
1242 934 90 52
524 898 72 44
74 178 98 100
1166 142 52 60
1836 674 64 84
484 60 86 44
1824 324 76 94
532 836 60 58
470 14 62 62
172 0 114 64
516 168 68 60
890 22 76 38
