1514 38 70 56
1488 918 68 40
1500 284 82 36
1412 362 62 56
1482 180 74 36
1612 262 54 50
1382 942 60 38
328 816 66 34
1302 680 44 54
1316 428 58 40
472 510 48 50
800 340 22 52
1838 646 60 56
1704 358 76 56
132 512 58 36
1364 510 74 28
320 714 60 36
1480 620 58 38
440 796 46 46
1256 538 62 32
990 914 34 46
776 694 30 48
480 236 70 36
1598 848 62 38
726 632 34 40
850 544 38 36
348 926 48 50
450 848 54 38
1622 766 54 44
1178 640 36 38
1112 648 30 54
452 916 62 36
1234 814 60 34
648 266 48 48
806 844 34 44
1046 654 40 40
862 150 56 46
1266 474 66 32
266 534 52 42
1104 524 32 54
918 116 32 48
1036 718 60 30
800 548 34 36
1060 92 50 52
728 772 38 42
366 514 44 42
782 406 40 36
108 682 72 34
906 270 36 44
1184 432 64 36
698 440 30 50
296 676 48 42
808 304 30 44
1120 374 32 42
902 828 42 34
928 880 46 34
944 802 40 34
942 752 52 28
1058 230 60 34
488 636 40 38
942 858 44 34
958 430 40 34
1220 686 50 30
1122 626 40 32
1224 620 38 44
860 976 30 46
136 936 64 40
1092 798 34 52
862 612 32 44
844 946 44 28
946 838 42 36
902 620 40 36
914 328 38 40
1172 530 40 30
1128 260 30 48
834 478 36 42
872 656 36 42
722 532 46 28
834 746 44 36
638 580 38 58
730 964 62 34
1192 754 38 36
738 438 62 32
830 584 38 36
930 654 58 36
970 572 38 38
1818 480 70 46
938 540 42 34
1006 544 50 42
916 448 36 40
1074 388 44 32
22 372 70 38
1204 568 42 36
952 396 40 34
834 792 44 32
1070 666 40 42
1052 776 40 38
1072 502 36 40
1204 858 38 38
1098 188 32 38
1182 786 40 36
952 788 42 30
800 446 40 36
1790 822 70 40
1206 602 36 36
874 506 46 32
1562 404 70 30
1552 762 50 40
728 388 48 40
88 864 46 44
846 350 36 42
802 414 26 38
1794 768 64 50
618 554 30 40
1100 258 36 50
324 112 50 40
1192 70 32 50
610 886 66 50
1090 920 44 36
720 824 58 42
302 308 36 42
140 894 46 42
740 792 36 38
598 804 40 32
898 904 38 36
430 156 64 42
1022 926 42 34
1670 140 84 80
842 906 44 32
474 670 36 40
104 182 78 48
914 562 36 40
1232 906 52 42
738 490 38 32
846 926 42 32
1178 920 42 40
1190 694 38 42
652 372 42 30
290 240 38 40
1214 166 42 30
460 118 80 40
1150 660 34 46
128 972 82 40
1096 438 40 34
244 912 36 44
350 240 38 40
100 776 64 36
116 638 54 36
1124 796 26 50
1186 970 44 32
532 656 36 48
1100 162 32 38
1104 144 42 30
210 970 56 36
