1424 596 108 58
836 122 88 74
1082 632 74 74
622 348 78 102
970 248 66 92
960 136 86 78
1544 508 102 68
1094 348 110 72
956 526 84 66
1452 498 96 72
1246 442 84 58
1252 382 72 68
422 166 70 96
730 374 112 52
774 224 68 82
988 420 64 96
470 470 128 52
882 422 66 76
1072 700 102 58
1382 488 86 78
720 836 90 72
826 524 76 74
1392 88 72 88
1388 314 76 92
1508 234 108 70
1116 292 104 66
1412 930 104 66
616 744 118 76
948 706 76 64
624 494 96 56
1670 552 122 54
664 130 86 62
804 938 84 76
1356 992 94 66
770 506 66 104
1310 614 74 78
702 338 66 88
1116 752 90 68
1642 496 106 58
988 652 74 66
678 524 76 86
600 218 126 64
850 348 80 90
1030 500 74 82
222 874 114 66
1592 194 88 72
1152 582 68 94
1020 828 62 76
364 860 98 66
1488 352 110 68
842 188 74 84
1002 948 90 68
888 884 88 58
1656 146 86 94
1226 580 76 74
1608 262 80 96
880 794 98 64
1426 246 92 72
1376 848 110 52
444 518 130 60
688 180 88 64
362 758 106 64
878 232 54 88
1030 196 80 60
916 928 74 60
316 296 88 66
1496 300 100 60
1544 914 106 62
1092 896 80 70
1672 252 84 88
1300 342 92 66
368 676 70 80
1344 882 78 70
1228 482 50 80
282 220 88 70
646 824 108 66
448 836 116 54
866 652 108 50
1444 108 86 92
976 808 94 58
1388 658 94 66
476 658 120 64
1132 484 66 64
1738 340 80 74
108 714 110 82
1512 44 62 82
810 282 58 70
1450 414 84 70
1296 24 70 64
712 958 98 66
1142 44 64 86
458 84 102 72
448 768 120 72
1562 48 72 96
1088 92 92 60
70 174 156 64
1216 752 52 82
1056 140 80 70
760 316 60 58
1294 204 80 72
498 580 74 84
1318 118 80 74
1356 700 80 70
30 114 100 70
184 654 78 86
94 612 116 66
1258 682 54 94
922 26 100 50
78 760 88 84
408 100 80 86
1708 600 108 72
446 936 80 80
254 646 106 78
1564 810 116 82
1084 450 102 60
1606 408 110 62
812 828 80 68
1246 274 80 68
16 254 110 80
302 740 76 98
400 8 80 86
1290 920 90 72
746 906 84 54
234 282 100 92
468 14 94 66
1288 664 70 80
1592 120 90 64
480 172 62 84
1262 130 72 50
248 0 92 86
52 682 94 56
598 250 64 100
1698 682 90 94
694 60 150 50
1458 750 90 84
1644 378 108 50
208 188 84 88
26 766 72 76
1250 178 68 82
1724 468 92 56
62 548 96 70
226 750 108 84
128 976 124 72
1714 966 80 74
12 188 108 80
1682 444 102 64
50 952 108 74
1688 794 96 104
226 934 130 72
190 62 114 80
1650 60 96 52
206 514 126 78
1414 748 70 64
1242 950 82 88
1338 766 74 62
626 650 104 90
102 402 134 64
108 120 150 56
6 12 82 78
1748 100 78 112
1220 872 56 74
1292 746 76 86
68 850 96 98
330 350 106 72
532 216 54 64
632 936 64 82
62 14 104 92
106 458 114 64
1236 316 78 62
116 888 102 88
74 484 94 76
922 668 78 52
514 370 76 78
1754 16 80 54
1364 20 74 38
1224 30 44 94
0 468 74 78
536 938 60 76
416 680 108 82
