1136 474 54 80
768 524 76 54
410 316 102 58
1030 412 48 72
882 334 72 66
1550 330 80 46
1004 580 64 60
1348 394 62 70
954 160 76 58
758 326 90 46
1038 218 86 46
1594 552 94 52
914 256 70 74
820 924 72 50
1082 686 76 46
1226 446 78 42
1046 362 66 50
1652 178 90 52
742 400 100 44
856 676 72 52
988 696 72 62
1144 600 52 82
876 600 70 52
376 920 98 72
1472 860 92 60
1476 356 80 72
1226 86 74 56
1036 840 78 52
1712 142 112 66
58 300 98 66
1036 308 64 54
774 694 70 70
684 164 82 42
658 536 78 44
678 212 78 58
1718 312 100 52
1096 810 56 72
1250 786 80 60
986 104 76 50
1246 168 66 66
668 726 80 58
1144 222 54 88
974 22 54 64
1232 990 66 68
848 82 84 56
1080 276 66 54
1170 326 46 74
1008 54 74 50
166 476 70 64
1152 862 48 78
232 638 70 60
1690 640 80 46
1074 948 68 80
1392 38 86 52
1258 588 62 58
48 496 98 70
1398 424 60 58
676 114 72 46
1540 148 92 44
514 308 80 56
316 458 72 64
614 292 92 60
822 988 54 72
1312 1002 74 56
64 956 88 62
1528 798 88 58
188 430 84 52
1698 698 70 52
632 766 78 58
616 60 72 88
634 588 58 56
644 854 80 80
1504 60 90 54
1024 168 56 58
1732 18 76 72
36 128 90 64
110 122 112 50
370 104 82 54
266 478 62 60
1064 138 60 62
1618 402 80 48
934 68 68 44
104 910 128 56
830 34 84 44
612 382 100 64
1468 578 86 42
54 870 112 74
1638 724 84 40
1656 662 60 50
44 760 104 100
1716 486 54 66
546 626 62 74
1634 234 98 52
612 478 58 66
168 176 90 54
294 626 86 40
118 254 168 64
1224 914 78 50
1638 772 102 36
1040 640 78 46
782 610 86 52
1464 630 60 50
1144 60 62 60
1694 238 70 72
1592 112 66 44
1676 560 52 68
550 942 66 58
994 946 86 62
1690 434 92 48
316 4 102 94
64 686 80 62
770 648 80 42
1242 862 76 46
310 120 86 68
344 60 78 32
1220 206 56 60
56 416 82 52
1202 604 62 46
1694 988 74 62
642 914 48 68
608 256 52 76
998 994 62 56
534 554 82 46
