810 334 76 124
760 192 72 122
1522 350 86 104
1646 320 84 116
1106 760 104 86
922 380 130 62
1226 608 98 72
378 500 82 102
1024 680 84 92
84 460 124 84
884 480 104 88
396 590 136 72
1114 318 84 98
1564 156 90 106
1222 484 80 98
860 378 76 112
962 804 116 82
862 210 124 80
1620 248 122 80
1062 436 100 74
1110 498 106 64
1300 558 106 98
1430 176 80 106
864 630 96 90
306 24 140 82
1588 500 94 94
242 802 82 112
610 634 144 78
1260 788 84 106
420 56 86 96
962 424 114 80
628 318 116 60
1252 696 78 106
1002 18 98 80
798 606 78 108
1352 556 132 58
724 576 96 96
1330 852 80 98
1426 14 94 98
1468 632 118 76
618 252 108 76
1326 224 128 70
1332 404 100 90
1278 636 102 78
1096 834 86 86
1392 722 68 124
2 502 102 94
1476 120 98 54
1050 320 80 122
466 744 114 80
1066 636 94 96
920 316 106 78
964 574 80 108
806 512 94 94
1082 594 108 80
902 740 82 106
1078 536 102 70
850 112 86 94
1352 120 88 100
1458 312 68 110
1396 460 122 74
1058 128 88 94
986 260 112 78
780 888 66 120
758 136 108 84
1058 902 82 106
128 54 122 76
884 558 88 94
322 960 192 78
1256 132 106 84
1076 208 102 88
982 168 112 94
614 344 70 110
834 708 110 76
1534 784 106 86
936 120 138 58
612 188 118 74
600 512 96 94
1256 890 66 120
1062 74 118 72
184 924 120 80
650 740 92 100
1030 494 78 106
216 472 116 90
426 884 94 94
1356 344 104 80
1448 700 68 110
380 662 94 90
756 494 92 96
1240 20 106 70
1718 226 76 108
358 440 128 76
400 752 86 106
514 342 68 102
894 60 100 60
310 760 88 98
1654 570 86 110
810 16 100 80
808 976 108 80
12 592 124 74
1538 20 82 100
264 594 150 72
1494 490 90 96
32 684 96 76
1686 778 92 96
1612 770 92 78
312 894 124 80
1316 40 100 92
1244 68 78 76
244 686 106 92
294 292 80 104
1246 198 84 106
1608 50 78 104
630 110 98 88
754 798 84 106
1372 280 134 72
1478 782 76 114
656 440 96 52
446 362 94 96
104 582 128 86
0 60 114 42
400 144 44 118
1728 26 94 82
460 476 102 88
1218 752 62 126
1724 650 84 108
1530 866 76 132
614 720 64 116
796 750 94 100
4 114 108 70
144 120 110 88
1288 320 70 122
880 898 108 84
202 276 98 94
492 130 80 76
906 142 116 74
1672 882 138 88
490 200 90 78
1668 712 120 84
490 276 94 84
136 0 128 76
250 526 134 76
658 894 70 90
1598 674 116 72
368 322 150 78
446 192 70 112
758 12 68 82
90 762 94 90
1610 834 82 106
1622 944 108 74
660 828 110 64
1330 496 120 68
734 354 66 124
618 28 120 68
1730 598 106 90
700 42 76 110
520 60 60 90
700 120 84 36
724 886 68 122
672 356 86 90
1678 492 116 90
38 958 94 76
932 940 60 110
1394 890 136 74
770 78 118 68
610 80 70 96
1504 572 160 74
1718 420 116 86
1738 342 98 90
