1292 256 104 100
328 746 68 134
894 928 94 100
786 754 84 100
1222 384 146 68
1632 342 78 112
410 786 90 122
1216 600 96 76
240 884 96 104
906 724 124 80
898 342 82 94
670 654 78 112
1006 252 68 112
756 292 112 80
858 502 64 126
282 316 84 106
1062 206 146 88
252 236 82 102
1628 886 118 88
1486 796 78 108
994 678 98 66
882 18 126 62
310 78 120 80
1060 276 106 68
334 614 94 94
1074 630 88 96
206 130 84 106
926 540 144 72
722 76 98 108
744 522 128 72
1324 706 78 112
1562 144 86 104
1150 822 64 110
1724 488 106 88
1248 118 118 82
654 382 124 82
782 932 84 94
148 204 96 96
782 20 132 70
1028 728 134 66
1570 238 80 104
740 592 120 72
868 420 100 80
1458 284 110 88
1290 648 110 72
610 550 92 120
1066 438 82 100
896 258 100 90
800 418 80 84
964 356 76 100
1270 14 84 90
1390 162 88 96
632 128 98 94
1656 792 128 104
420 350 92 122
1406 88 116 84
1046 366 124 80
188 636 96 108
422 644 110 92
730 842 78 102
1034 94 92 96
1624 482 94 110
922 176 114 88
1042 826 72 110
1648 236 78 106
1236 438 110 78
892 64 96 90
960 622 68 116
962 442 120 78
1230 734 60 122
1398 774 72 118
1356 902 86 102
1654 100 70 132
1712 112 88 104
436 120 114 60
332 242 88 90
828 368 82 94
624 278 116 82
1238 902 90 94
1250 682 76 96
1312 180 98 94
2 488 108 96
42 760 106 112
400 530 70 68
1654 712 124 80
1346 394 134 74
160 0 130 88
598 854 82 92
1522 370 88 98
1470 538 118 80
1260 532 122 78
444 468 90 104
604 18 166 70
372 712 112 80
366 60 108 54
132 60 114 96
626 756 90 104
1350 508 82 92
1310 80 126 70
362 318 94 88
1410 726 124 82
1382 638 114 82
388 162 108 96
1476 128 120 82
1216 60 80 72
1332 16 132 76
1708 318 110 92
104 528 156 68
1062 890 104 86
1520 490 102 84
1408 476 114 64
230 492 98 108
484 162 74 114
500 900 86 88
1064 64 106 94
1686 18 90 56
1486 60 116 64
6 116 110 70
1536 882 94 94
34 854 122 82
274 452 132 80
264 170 128 80
118 444 170 66
468 60 96 54
616 940 62 86
22 280 114 104
0 188 84 82
1704 252 124 74
1660 626 112 92
1514 964 86 94
90 332 108 96
292 0 100 86
100 730 136 88
400 226 38 106
342 900 132 84
1134 12 86 110
76 588 140 84
1596 546 100 88
22 688 118 74
