404 274 70 32
1386 164 82 38
254 280 50 54
116 488 74 36
210 502 64 42
140 164 52 56
394 334 46 50
1450 626 66 38
1426 696 48 48
82 394 80 38
936 344 34 44
148 826 64 38
130 676 52 40
644 362 56 40
1658 564 60 44
826 444 36 42
34 554 66 34
934 464 40 36
1304 158 48 52
154 886 54 38
118 774 64 36
926 588 42 36
932 532 34 44
446 616 48 48
746 506 36 38
858 518 40 38
1338 660 66 30
738 356 54 56
1302 290 62 36
814 590 32 46
166 730 66 32
1118 262 32 48
98 320 72 46
692 876 46 48
316 22 66 42
702 122 58 42
654 146 44 58
792 534 48 32
892 658 38 36
1336 8 64 44
674 654 42 32
736 654 44 32
1196 450 58 38
766 618 40 38
176 580 56 38
592 380 74 44
890 312 42 34
1290 490 54 42
878 242 40 36
878 292 50 32
1526 1012 60 46
1198 292 32 40
464 946 62 40
998 388 44 36
406 96 68 34
1010 836 42 58
996 228 36 40
776 858 56 40
846 944 42 52
1216 312 62 74
800 484 42 32
752 220 60 38
292 208 64 34
130 964 70 44
592 748 76 36
1814 698 82 32
866 278 46 30
1076 246 38 42
1632 642 94 38
670 618 36 40
840 796 38 42
838 206 38 40
1620 810 108 50
66 826 50 42
142 570 46 42
1690 274 72 58
800 684 44 34
1662 666 76 48
1694 64 92 68
472 692 62 42
196 194 62 58
824 146 46 52
1184 654 56 44
1092 396 40 34
804 110 62 34
460 558 56 38
1082 536 36 44
1186 110 34 42
904 726 46 34
666 546 40 38
1772 928 86 38
1646 764 70 48
1258 66 60 36
1250 242 60 38
856 644 38 38
964 764 42 50
842 312 38 38
70 624 54 38
756 198 50 40
1056 778 46 30
702 732 34 46
878 352 38 44
1244 26 46 54
802 748 44 30
1062 206 44 30
1086 458 34 42
1196 750 48 30
240 956 56 38
1516 2 58 46
1246 770 46 38
1070 42 44 48
744 740 38 40
1008 266 48 30
1174 786 34 38
850 290 50 32
1054 156 56 40
580 130 60 42
326 144 64 38
1036 744 48 26
1128 524 34 44
1052 706 40 38
1014 590 38 46
522 788 52 48
308 84 58 40
198 930 50 38
1834 282 64 54
150 622 60 36
1820 456 58 56
1092 368 46 30
856 354 38 38
766 748 40 32
1188 174 34 46
764 274 32 48
468 582 66 38
1796 882 98 34
204 652 46 42
470 666 62 34
1142 656 36 42
656 564 40 34
820 318 40 38
968 82 58 38
1812 258 64 42
604 300 42 54
822 292 40 40
314 896 80 40
804 282 26 42
1688 152 90 70
24 320 62 40
1216 272 42 30
596 874 34 34
1690 244 56 46
414 124 48 20
726 698 44 34
866 312 38 32
80 842 62 40
1210 994 32 40
882 614 44 36
802 310 26 40
36 232 64 56
628 486 60 34
1058 2 42 30
1104 696 40 34
112 220 62 42
62 494 66 28
294 982 44 42
866 626 38 40
42 464 70 32
206 974 32 38
598 554 68 32
602 598 42 34
