948 554 84 76
738 602 88 66
1098 600 106 64
1312 380 110 52
1102 312 76 100
1244 506 94 58
1072 466 80 90
1238 672 110 64
892 716 96 64
1294 796 92 78
990 96 88 90
954 842 84 86
1020 260 78 86
1010 376 68 84
1272 340 106 58
854 586 70 96
1022 632 76 94
1272 556 100 60
1424 750 106 62
762 474 92 78
838 488 118 60
890 88 102 64
1336 590 100 58
1332 660 72 96
1456 658 114 68
866 862 86 70
468 672 96 78
1232 212 72 94
1496 212 126 72
680 802 88 70
932 328 94 76
1024 742 84 68
1224 298 106 64
1322 866 92 64
1232 158 112 66
1544 494 122 64
752 706 94 70
1114 60 72 86
928 186 76 106
1502 574 88 68
880 426 100 72
676 60 94 86
1130 222 74 104
1382 664 98 74
1668 90 98 68
1330 436 80 72
1056 18 90 82
1662 150 98 86
718 118 86 86
814 88 86 78
1224 34 72 92
690 586 66 98
634 544 76 98
1078 156 72 92
1064 952 84 98
680 884 80 74
1468 818 96 60
404 114 104 88
766 786 118 86
1362 510 110 70
1674 386 110 60
1472 132 72 98
1456 478 106 52
1212 750 50 94
266 748 110 84
1436 396 72 86
1080 806 82 78
1230 432 102 56
1088 750 84 64
1016 172 74 92
1644 874 80 102
304 590 120 78
972 482 92 76
802 20 108 78
942 446 102 76
1630 20 108 76
514 488 84 62
1548 816 106 62
816 158 96 84
878 292 68 108
1526 402 90 78
1688 324 106 74
348 526 110 74
392 778 142 66
1222 872 94 72
4 176 92 104
1606 316 106 64
1410 846 90 70
752 226 102 88
622 838 94 82
1260 92 92 82
318 910 86 100
400 454 80 78
266 832 126 74
1680 476 92 80
1622 442 108 64
462 92 106 70
610 282 78 84
634 196 112 80
686 322 112 88
368 16 80 90
1536 764 100 52
810 890 70 94
478 272 98 70
1402 138 78 104
968 978 102 76
1700 562 104 66
240 182 156 68
838 238 76 102
1518 300 84 78
1562 706 82 72
1638 240 98 86
306 102 116 80
374 908 92 96
0 770 104 78
272 56 100 74
1332 48 90 76
640 926 80 112
1366 944 84 82
234 928 102 98
114 202 92 90
168 422 116 66
54 856 90 84
666 264 72 80
1602 120 76 80
22 18 86 78
132 858 108 90
48 690 92 64
1250 950 90 102
1418 60 106 80
1738 134 98 74
406 272 110 74
614 634 76 84
82 580 102 68
426 338 114 76
198 290 84 98
0 620 68 76
758 908 66 88
1216 594 56 72
794 986 94 66
152 626 98 62
166 548 84 94
1630 704 126 56
1466 522 86 74
1676 846 86 60
1744 426 82 76
512 566 80 74
32 400 100 70
498 394 78 60
124 676 158 64
460 180 84 94
20 110 100 80
600 456 74 86
1738 832 62 74
28 60 160 64
386 696 108 80
304 452 74 108
458 946 108 64
1786 16 70 88
70 480 134 72
502 24 80 76
1708 22 100 90
110 766 110 84
1654 776 94 76
988 20 72 48
1436 352 116 56
1612 650 114 54
658 162 92 72
1402 314 116 46
194 60 106 74
544 696 62 80
1494 924 92 62
266 312 90 88
394 834 120 46
0 524 56 84
46 962 98 62
202 706 96 78
1458 994 88 48
458 906 90 66
362 256 80 92
654 446 98 56
1150 794 52 90
312 246 80 90
1152 684 84 64
126 304 102 92
1428 20 98 42
1736 932 78 62
524 192 60 84
1166 144 46 66
