1430 586 72 132
822 764 96 96
1356 746 116 88
800 26 78 118
890 332 94 96
890 442 74 106
1384 282 82 106
930 268 90 100
852 834 80 104
946 822 94 90
970 728 104 94
1542 540 98 106
1382 870 72 126
1364 462 128 78
96 748 110 102
1020 262 74 124
444 18 116 62
1356 376 102 84
776 592 66 112
1100 18 110 88
220 126 94 112
1258 620 164 76
630 672 98 94
1260 22 66 114
852 144 128 72
810 516 108 90
404 512 118 84
1262 386 88 92
1326 134 148 76
1068 204 106 90
954 524 82 104
1458 790 104 106
1256 924 90 100
1488 202 84 102
1322 58 114 86
692 808 100 88
652 74 134 82
1306 686 114 78
650 16 138 74
844 680 94 84
1288 194 86 94
1582 936 126 78
656 736 116 80
1554 288 94 92
1070 478 82 94
850 602 90 94
1652 606 94 96
862 16 106 70
1116 504 98 102
1714 676 98 88
362 684 114 84
122 304 128 78
1274 538 70 102
1270 488 112 84
1066 420 100 70
950 398 68 112
902 932 76 112
1452 870 88 102
388 588 140 70
1114 806 108 84
8 108 106 76
22 862 80 120
762 138 82 104
1020 380 58 122
1054 130 106 80
718 628 74 118
1096 728 92 100
168 638 74 118
972 22 122 56
606 816 100 94
960 904 94 90
1054 904 98 106
108 484 90 112
746 326 76 104
400 6 74 84
1056 356 108 74
1660 98 98 94
96 134 128 76
422 742 94 98
936 638 92 90
1458 296 102 82
792 290 126 74
1724 10 122 66
656 596 98 100
1076 876 104 62
690 368 94 96
1620 524 72 102
660 230 106 86
1592 356 120 76
90 586 136 74
374 812 106 82
922 188 92 92
1656 756 88 114
172 904 92 98
814 358 84 102
356 484 82 104
814 212 108 88
766 436 112 74
1058 686 88 86
400 246 88 84
870 68 84 102
0 296 80 96
1024 548 76 124
1534 616 78 106
610 90 72 96
1766 220 104 86
1574 864 116 78
1488 410 98 96
1546 758 104 110
610 522 72 110
266 440 122 80
648 140 94 96
134 14 120 92
420 60 114 90
412 874 144 76
762 222 94 84
498 734 94 100
422 192 108 78
398 328 104 88
1070 618 110 72
26 8 124 94
586 274 116 70
346 396 116 84
1572 68 108 82
1652 188 96 90
212 770 136 76
1494 60 146 68
516 74 60 106
1322 20 96 46
1112 300 102 88
430 654 114 74
800 886 44 90
272 848 106 120
1044 48 76 100
330 152 86 98
462 350 94 100
1230 198 62 94
1222 280 78 84
674 300 90 80
1218 818 68 118
986 124 88 102
40 960 104 78
726 894 112 90
30 682 104 70
466 258 94 94
622 342 86 108
318 748 112 76
586 196 110 70
440 446 118 72
248 236 130 74
1602 662 96 92
396 122 94 96
250 280 86 106
518 618 70 120
154 538 136 72
258 648 118 88
138 836 134 88
204 366 172 68
600 742 70 96
4 488 96 94
1774 120 78 56
1628 450 92 74
588 14 74 82
598 646 68 108
948 120 64 64
278 0 96 88
