1544 62 122 86
324 754 96 100
1414 130 72 134
1246 622 82 110
1450 250 74 108
1594 318 84 114
1320 728 86 108
332 188 96 98
356 80 82 128
1462 886 86 100
156 844 164 78
1048 678 106 80
972 670 82 104
1530 234 70 122
962 876 74 114
696 864 78 108
228 240 98 94
1592 876 92 96
1096 744 70 108
256 314 102 94
1048 146 114 84
256 92 100 106
1060 604 84 76
1396 672 98 86
798 22 120 84
1754 94 118 84
1312 544 140 72
96 202 116 84
1704 722 128 68
166 162 120 82
1284 228 114 82
1088 18 82 132
1394 24 140 56
170 948 138 80
70 282 124 94
1110 456 58 128
994 594 82 102
936 60 108 50
1230 354 108 68
164 668 124 80
1026 314 88 102
474 10 90 76
1470 700 92 80
288 640 142 70
1056 866 84 110
1448 444 86 110
60 764 114 92
158 750 88 114
1240 892 88 102
392 826 112 84
934 168 86 106
944 120 104 76
1668 14 88 96
784 934 112 84
1134 848 60 124
430 316 142 70
1026 454 80 104
792 120 132 84
842 192 104 88
1482 148 140 74
1590 416 90 98
1150 780 74 94
1660 774 132 74
1696 234 152 72
1450 604 110 76
256 546 102 108
1580 646 110 98
724 36 84 112
28 408 102 72
1170 472 72 130
422 22 74 112
280 494 138 78
0 826 58 102
960 328 82 106
1092 296 90 88
754 178 100 94
1084 230 96 78
70 2 90 112
1582 556 96 78
628 282 124 88
1242 412 140 76
1266 152 110 76
48 964 96 78
1280 60 94 104
650 72 90 100
498 900 100 92
442 730 112 86
1678 520 112 84
1222 742 86 90
400 120 50 92
460 162 112 74
1272 120 74 44
504 810 94 88
1694 302 100 104
1718 60 126 60
0 216 114 64
1666 160 112 92
1238 774 86 124
220 0 126 76
646 178 76 112
1702 812 108 92
608 884 88 90
1430 770 110 76
732 120 82 34
494 78 86 72
1536 596 84 84
840 822 110 106
8 120 108 70
32 686 98 68
1222 196 84 102
130 568 76 108
14 580 118 100
1518 518 136 66
434 654 84 90
1642 598 184 64
1316 120 62 52
