934 244 64 44
696 392 60 44
1558 618 50 44
858 480 58 52
1414 796 52 52
1830 664 66 58
410 510 64 48
464 228 78 44
670 310 52 54
150 804 60 48
906 368 40 58
1576 824 60 38
320 908 56 44
936 838 58 38
304 656 52 50
1496 286 56 58
1218 478 66 42
476 326 70 42
1368 890 76 36
756 716 70 44
302 494 54 52
1092 110 64 62
1542 224 60 58
84 384 78 46
1320 760 48 52
428 722 62 44
818 596 54 44
1578 254 60 60
296 140 70 46
78 902 74 54
590 378 70 34
424 624 68 38
1082 316 46 58
1108 372 36 66
1676 258 112 74
94 776 52 58
1098 632 46 54
310 556 62 40
482 370 64 38
1036 738 64 44
1674 694 66 60
1104 248 50 54
124 274 64 42
970 214 64 36
476 678 62 42
1176 778 48 32
726 646 58 38
652 432 48 52
1172 408 64 40
374 358 62 44
752 470 58 46
736 996 52 58
1642 532 54 44
146 598 64 36
1110 818 40 36
730 544 62 36
932 628 48 54
1202 368 54 38
216 342 68 38
1490 0 58 20
1032 776 36 40
222 642 50 48
408 834 56 38
1050 90 50 50
776 738 66 36
1674 490 68 44
686 608 48 48
100 544 66 32
1078 922 48 42
484 598 82 40
856 568 62 54
1060 226 64 36
598 642 62 60
614 578 44 60
994 934 54 44
872 926 50 52
160 384 70 38
1194 820 32 46
500 806 58 54
1000 156 58 44
832 912 52 44
1702 660 54 40
1190 506 42 54
1166 928 34 40
62 648 72 36
488 956 56 54
1254 788 36 40
366 662 78 40
842 638 60 36
1012 884 36 38
908 618 44 60
186 978 60 36
1038 140 56 44
1108 322 46 54
1282 834 42 34
1050 126 40 26
500 886 56 56
1178 1012 58 44
800 528 22 36
1660 368 104 52
196 298 50 42
1050 878 56 42
1100 184 36 40
1190 228 56 50
250 226 42 26
886 578 66 48
1190 872 58 36
1044 952 50 44
112 74 64 66
74 844 62 38
