886 366 64 64
998 226 60 72
1388 390 72 74
298 908 74 68
716 774 82 66
1528 394 64 48
604 738 86 58
384 60 74 92
1310 324 80 70
1268 516 60 66
698 232 70 76
878 516 62 70
230 686 80 42
1440 228 78 76
322 356 62 68
1250 104 88 70
1394 178 86 52
866 594 48 86
968 380 72 46
1446 422 60 86
936 956 58 68
972 556 70 56
752 398 56 64
874 110 74 52
836 774 66 48
1466 332 94 60
810 522 50 66
660 428 54 72
1036 192 80 50
832 862 70 60
42 264 138 50
768 322 90 44
1390 526 84 52
688 90 88 58
474 286 76 86
384 412 60 62
1038 456 80 42
742 970 72 46
1104 282 60 62
1482 676 66 72
450 138 94 60
574 78 72 102
1640 130 72 84
1538 228 90 52
1274 280 68 64
826 464 80 48
286 250 76 76
408 772 84 40
580 266 96 52
1038 348 68 50
1022 912 72 44
1010 62 74 82
940 508 50 64
278 482 62 62
186 886 92 60
1354 668 70 54
1076 662 52 62
806 594 66 52
1176 436 90 42
800 740 68 40
98 676 86 36
1514 866 70 44
1644 62 94 62
410 714 88 50
670 872 64 60
1670 498 104 36
1088 238 52 78
1634 408 72 66
884 702 50 64
176 284 84 82
1304 0 62 60
1404 642 68 68
940 686 48 82
1190 242 54 62
1082 90 58 66
1638 266 94 56
620 630 118 64
1168 384 48 64
32 794 84 56
834 60 78 46
810 654 62 52
800 434 72 44
602 16 84 58
1650 536 80 44
346 184 94 58
110 716 88 40
896 660 60 50
1116 364 44 80
762 568 54 60
446 846 78 58
6 348 100 54
54 532 98 68
1048 700 62 54
194 594 78 46
354 712 84 40
444 904 82 46
1062 412 64 44
766 472 56 58
1372 20 90 80
1512 818 76 44
1604 0 92 56
1588 292 72 44
102 830 94 56
1586 502 72 56
352 506 76 46
1230 700 68 68
1536 602 90 52
1122 184 52 60
1290 722 74 48
1358 816 60 54
594 958 88 46
1752 160 68 62
112 916 82 68
1624 574 60 58
740 878 78 46
568 280 78 102
96 454 102 36
40 714 82 56
584 876 68 54
728 526 78 40
1580 996 124 42
94 772 90 42
1628 800 84 62
1694 654 78 56
12 158 92 70
1136 90 44 78
170 0 84 60
1036 734 78 40
400 190 30 46
738 2 50 56
1406 804 54 54
1462 38 88 56
646 522 54 72
1454 84 88 68
1046 782 72 46
1628 934 90 62
994 750 58 46
46 622 94 60
1710 350 58 44
1080 786 60 62
1812 512 60 86
