1048 424 122 54
974 406 82 82
1074 496 70 78
1124 322 64 102
1304 620 92 92
940 556 102 76
1150 214 74 96
370 708 100 78
990 210 78 76
982 490 90 70
678 292 104 68
1318 708 80 80
1410 696 78 84
1432 392 90 82
938 222 76 104
988 838 90 62
214 860 106 90
672 374 94 88
1028 776 100 76
1392 548 90 74
1236 784 74 84
916 288 62 98
856 288 72 102
614 324 72 102
756 504 90 76
454 768 94 74
1078 172 102 70
750 16 100 64
444 900 90 92
916 778 80 72
1254 522 98 92
106 170 114 82
1130 746 60 112
194 0 100 52
662 578 84 82
902 478 80 74
612 14 80 90
814 752 118 62
760 164 104 78
694 476 72 86
432 662 102 72
890 842 88 64
1538 270 96 80
878 394 80 78
1390 232 84 94
812 216 90 90
1398 454 84 82
886 578 66 116
1226 692 110 64
1244 108 100 66
686 96 90 80
780 938 94 76
750 324 92 60
724 746 84 80
1464 638 76 76
750 574 120 56
770 638 88 70
1312 394 70 94
896 20 110 56
626 166 74 96
402 814 82 96
1452 62 94 72
1080 724 84 64
1220 452 126 54
1006 646 78 86
634 82 70 84
940 634 68 96
1442 568 72 94
856 698 124 64
1372 950 108 64
1732 10 104 64
714 630 76 98
998 910 76 62
1280 214 84 72
170 54 106 92
1506 782 114 76
858 952 92 70
1612 284 76 94
944 890 62 82
1526 494 66 104
440 606 104 62
766 790 118 76
336 650 116 66
1078 86 86 64
1572 504 104 68
1032 620 100 62
958 730 112 60
1426 812 116 70
668 722 88 56
524 652 76 114
1246 176 88 74
36 412 94 68
90 254 110 74
334 8 126 68
1300 896 76 78
206 678 82 102
64 780 90 76
376 484 96 64
328 798 88 92
38 572 90 108
832 484 94 90
820 880 108 74
1302 160 124 58
1216 338 76 78
984 60 100 74
816 370 76 92
1658 184 118 64
1734 456 100 56
132 480 120 58
624 756 80 68
740 224 70 84
254 102 84 98
314 922 96 74
1076 960 96 62
1658 628 126 60
1048 120 74 72
18 122 100 64
1424 136 70 106
290 586 76 102
538 956 80 72
662 230 116 64
1604 884 84 72
126 542 110 80
1714 376 84 68
472 812 94 92
1682 240 88 80
1268 280 76 110
260 752 74 104
464 214 68 76
1686 688 82 70
428 48 74 102
1466 262 82 86
1654 856 88 86
1638 384 88 64
1232 400 114 56
66 866 102 98
1336 246 68 112
1144 866 66 84
336 50 80 96
1362 60 90 66
1590 128 76 84
1562 594 88 94
28 498 106 86
1530 126 70 124
462 474 114 64
1128 492 80 74
1710 126 96 72
1222 60 68 90
104 660 146 60
1456 16 94 48
0 224 122 78
1568 360 92 64
1028 144 62 100
1300 24 92 48
158 422 98 62
498 126 88 54
1136 584 78 74
780 398 66 90
1616 30 74 108
962 962 80 72
1232 874 50 86
1708 522 100 46
1298 74 68 64
0 788 80 72
1258 890 64 112
122 780 118 58
1348 112 88 48
1096 896 78 66
656 794 74 96
656 986 94 54
402 346 112 60
400 244 62 78
42 960 110 78
1430 498 106 56
1642 128 64 78
1220 480 54 108
1398 334 132 62
1470 160 72 106
1700 588 104 58
1680 318 84 60
482 70 84 64
620 630 70 122
1682 48 96 98
400 580 44 76
1524 436 80 72
1524 882 90 82
1644 536 94 64
90 118 136 64
232 470 108 58
1736 798 78 70
112 718 112 68
1516 378 90 72
338 152 118 68
440 148 118 62
302 486 94 102
1238 28 84 60
1536 662 88 116
454 280 76 74
336 120 80 34
1402 878 96 52
1764 200 82 80
1182 748 48 104
1196 290 88 58
36 0 124 76
1670 806 86 66
