942 766 66 76
850 774 90 62
1008 504 72 66
924 588 62 92
854 616 66 88
846 386 114 54
1146 478 54 92
1146 594 56 86
1512 646 92 72
1558 474 96 64
824 856 74 94
668 178 84 74
952 222 84 66
870 286 84 66
1088 700 74 68
784 536 96 48
1226 614 68 80
706 324 74 54
1090 460 80 54
1230 334 58 84
1386 506 82 58
994 156 82 78
1058 604 72 82
690 382 104 46
692 674 94 54
1238 184 52 94
464 278 82 86
478 704 110 58
772 624 60 94
1288 520 64 90
1602 236 86 74
1374 610 92 58
606 538 108 66
852 448 86 62
872 78 66 78
1446 150 106 66
616 352 64 98
858 184 94 70
1612 612 90 66
918 424 64 82
992 586 88 60
1416 776 100 52
292 896 96 82
1220 736 88 60
1658 684 78 76
680 20 88 90
1254 148 78 56
1018 866 86 68
696 726 70 74
1308 634 80 90
1540 338 80 58
1346 278 94 88
772 222 76 72
1588 698 76 88
1094 196 88 54
198 838 106 70
444 464 100 50
1172 318 44 84
986 56 62 82
1100 352 80 78
1240 686 86 46
994 440 74 52
1348 120 90 70
1282 826 92 60
186 62 94 86
1628 450 80 60
1414 466 98 54
1060 114 98 64
1460 380 74 84
672 798 78 74
1712 304 102 76
810 270 64 64
422 948 98 76
614 290 76 72
1736 102 84 66
1604 60 82 60
662 488 82 64
1240 798 74 72
1076 924 78 62
1118 22 62 70
384 396 112 50
1698 60 80 66
464 764 130 64
1544 264 94 56
1390 674 84 56
72 956 86 62
986 920 68 94
620 20 74 68
1444 276 72 68
654 686 78 60
174 628 74 68
1608 146 104 86
1162 22 58 84
86 50 106 60
1696 894 98 70
370 562 76 72
132 136 94 80
296 540 84 94
830 66 88 60
212 686 78 86
112 434 132 68
1472 858 82 60
1246 76 76 70
1016 398 96 52
1638 404 116 40
156 246 128 78
786 480 82 56
1710 616 84 90
292 338 134 72
50 300 98 94
146 8 104 62
362 456 102 82
1210 60 60 68
506 232 128 62
70 850 74 66
1496 910 80 58
1172 210 40 96
128 848 80 88
776 454 86 52
42 0 72 34
58 472 106 96
538 332 58 66
1662 516 128 80
1092 984 66 76
46 122 90 70
602 60 82 48
1628 918 78 108
1718 782 80 64
630 822 56 76
608 768 68 58
652 432 60 52
8 28 80 60
1158 940 46 74
16 776 110 70
1230 1004 86 54
1240 122 78 30
1820 764 76 74
1700 420 90 72
1050 364 70 58
1662 794 98 102
30 590 96 52
58 686 92 54
