786 330 58 68
780 646 56 78
156 246 96 60
686 214 70 82
1080 530 72 64
1082 422 62 62
416 106 92 60
1012 436 76 56
1336 396 86 52
792 420 62 60
1392 844 86 42
894 234 70 68
318 526 76 74
270 770 94 44
984 596 54 76
1116 624 82 50
1596 744 72 66
1482 512 74 44
1222 482 56 62
1344 272 92 56
1390 670 74 58
472 616 58 88
974 210 76 54
1650 268 84 52
1526 390 56 66
630 394 78 54
950 560 48 62
1390 732 78 50
792 510 56 58
328 174 84 78
1520 148 76 78
1018 704 56 60
1006 780 78 46
308 258 90 60
920 414 52 76
142 134 98 58
340 624 88 66
1148 322 56 86
1322 530 84 56
198 566 108 56
692 700 74 52
1548 308 64 74
860 386 60 62
1568 664 70 48
1550 928 70 56
916 372 68 46
830 292 64 48
1648 156 64 58
1662 690 114 38
1608 514 62 64
1102 816 76 46
1528 258 64 70
236 112 104 66
910 86 78 64
776 96 56 72
478 290 70 74
338 912 72 80
1690 878 88 54
1106 182 66 58
1298 480 66 46
34 38 82 62
438 722 64 72
1386 496 82 44
486 486 112 40
242 42 100 72
1244 632 82 48
54 612 100 56
1406 898 68 64
658 920 72 60
322 854 96 56
1480 254 60 72
1592 618 82 44
1070 136 56 70
1570 564 66 58
1102 742 68 50
518 622 66 76
1222 736 60 56
1442 600 86 46
640 16 76 60
1704 322 78 62
100 204 74 72
1234 400 80 36
968 58 66 58
664 734 60 70
624 334 90 52
1110 76 54 60
278 308 86 38
794 720 100 50
1344 100 80 52
742 866 58 66
1088 1000 56 60
1250 678 54 64
1608 328 64 66
1324 154 72 44
1036 654 76 44
1090 914 58 62
774 244 84 44
1366 928 54 76
1054 52 52 78
878 800 50 70
132 684 98 44
620 650 60 86
1696 928 72 46
730 806 66 56
786 830 64 54
1694 598 96 44
524 566 62 60
1430 402 70 70
1592 982 90 54
1624 838 82 42
878 738 84 64
800 554 76 58
222 946 58 84
1430 976 76 54
1268 98 84 50
528 836 80 56
1328 664 72 42
636 170 58 62
1130 868 78 52
332 384 98 40
46 486 68 72
386 748 66 52
802 882 52 64
490 874 84 56
118 898 90 60
640 828 76 56
994 970 56 76
1718 790 74 44
188 28 78 46
484 70 66 72
1494 562 70 44
520 724 86 50
1230 50 48 84
1216 886 56 60
170 334 104 38
1234 450 84 34
1698 454 96 62
770 762 72 58
42 266 100 58
1700 732 84 48
754 176 86 46
500 362 96 50
1146 28 62 70
1650 26 76 64
98 468 104 58
800 178 74 68
1254 152 72 46
398 338 92 46
728 68 84 46
1694 120 84 52
1478 24 78 52
1076 678 52 64
872 348 80 34
414 288 74 42
1662 212 94 44
116 412 106 48
534 162 64 60
136 940 102 46
638 546 52 62
622 82 66 46
794 1006 90 54
636 962 64 78
1200 586 42 70
1594 22 84 40
116 90 94 52
1044 916 60 50
1298 1016 80 44
122 992 120 54
916 868 52 68
204 74 64 60
1484 454 70 42
56 414 76 54
74 836 100 56
110 40 78 52
24 774 98 38
202 834 84 52
1328 32 76 66
1200 824 54 54
840 896 50 86
866 876 50 86
626 124 72 44
48 120 82 62
890 22 72 34
1840 438 56 80
184 728 76 42
308 352 68 56
154 768 76 54
920 818 52 64
72 950 90 62
1834 774 56 90
1176 758 46 68
