962 462 90 66
1022 220 52 78
1390 406 96 76
890 808 82 74
956 372 82 86
932 174 100 78
1140 304 68 114
1060 638 126 60
704 342 86 72
1042 542 104 62
1066 726 112 58
990 322 88 66
1460 568 108 54
1066 296 94 72
780 314 110 62
1584 572 110 60
1552 518 104 66
1256 522 116 60
964 722 82 96
1346 128 90 86
1230 64 78 100
1582 628 88 86
1056 138 110 72
1684 236 98 66
624 362 84 68
1434 148 68 98
840 376 80 98
396 900 100 90
698 90 108 68
1638 190 104 68
790 536 86 76
770 210 72 104
100 590 128 80
180 458 98 80
1226 454 108 70
890 598 86 54
666 196 100 76
1250 398 110 66
1276 250 86 102
1680 574 108 84
1400 766 90 58
480 762 88 94
1104 20 106 56
232 720 92 76
1072 890 110 70
940 956 92 74
192 788 112 54
1648 696 88 74
772 758 84 96
1236 174 98 66
224 156 136 90
404 778 74 108
258 250 66 124
1574 816 80 86
1138 500 72 80
1516 650 90 100
358 450 114 60
888 654 86 70
18 122 102 66
1488 24 76 110
836 16 94 84
1304 694 72 106
1520 456 82 76
656 408 114 62
864 480 92 72
1150 860 56 88
1184 234 122 62
48 684 98 72
1426 710 74 62
1074 64 98 80
1482 196 118 72
1672 436 104 68
712 766 64 96
600 268 70 70
10 300 124 84
402 204 108 88
1594 440 98 74
1600 88 88 104
726 654 80 74
278 534 94 82
354 514 94 86
834 918 130 70
618 938 60 100
336 0 88 78
8 212 92 64
1300 120 68 76
610 754 78 66
264 360 104 72
272 904 94 92
1392 60 90 58
492 376 76 88
1258 24 98 58
400 92 50 78
648 116 86 92
710 600 86 68
646 536 84 94
462 638 100 66
332 120 124 64
682 478 70 74
1528 100 82 98
1220 610 56 92
1710 748 100 66
1522 350 94 108
1648 498 130 66
1628 906 94 66
1762 310 80 66
788 446 76 110
150 822 92 108
596 56 72 80
1290 72 86 54
1246 680 74 104
518 474 66 66
18 0 102 100
1554 18 90 44
470 108 118 92
1372 224 88 60
1670 50 90 94
1708 366 102 68
1344 248 80 90
642 806 90 70
1642 808 64 82
48 952 104 74
1698 120 82 88
1696 812 92 60
106 144 124 76
1432 896 104 76
1620 972 68 80
0 474 80 44
134 926 132 76
1172 742 56 90
1598 326 98 88
524 616 68 72
110 94 136 60
1220 310 62 100
1646 346 102 62
1728 852 84 66
64 756 152 78
