1076 506 86 86
776 268 96 84
616 270 114 64
872 298 126 68
962 468 86 86
1020 650 102 64
150 606 106 70
998 406 94 66
712 666 102 78
1250 530 100 62
844 704 86 80
1010 714 86 82
1424 412 114 62
862 476 112 68
1228 592 68 110
772 380 88 72
672 204 80 90
1116 844 86 74
1066 428 74 84
798 660 102 76
1224 328 82 96
1502 662 104 64
878 810 84 80
970 148 130 68
1232 714 80 86
1084 206 106 88
882 654 100 74
732 848 124 62
1292 234 84 100
1570 582 116 58
1554 204 112 84
1602 280 102 76
1346 550 94 70
788 220 98 50
1280 632 100 68
1374 654 86 80
902 98 96 76
810 782 92 74
1002 312 108 70
918 386 106 64
1240 398 88 74
1412 304 114 72
1554 502 106 70
1536 758 94 84
1510 862 80 78
400 250 112 82
472 294 98 100
848 240 88 74
1684 522 98 82
1456 804 108 72
952 222 106 74
1330 826 104 70
1290 858 72 72
1318 324 96 62
752 598 80 86
1376 724 98 80
1548 340 104 90
884 888 76 80
716 552 60 102
1414 20 92 68
1248 72 76 88
862 944 68 92
1634 458 110 66
1306 72 68 106
934 860 78 62
1234 922 88 56
1224 466 80 68
1506 452 92 56
1294 744 96 72
482 372 110 76
676 508 72 98
98 504 116 72
1456 712 98 68
604 80 116 54
1694 342 96 84
812 522 64 92
778 446 94 60
602 536 82 100
276 328 86 94
52 960 100 68
468 788 94 78
24 542 106 100
1084 96 96 74
1444 578 80 88
922 20 94 74
1636 686 118 58
404 742 112 68
500 716 98 72
1076 874 78 70
1338 910 84 70
702 954 98 62
738 60 106 92
422 978 112 66
206 54 120 60
234 170 88 96
20 108 104 80
240 788 146 76
1590 126 110 80
46 188 104 110
504 652 80 74
1380 482 72 66
464 94 108 84
92 118 144 70
8 300 104 88
1372 120 92 32
230 944 90 90
1456 216 108 84
384 930 130 62
1646 788 80 86
936 958 88 84
1692 744 92 74
628 366 80 102
346 812 80 118
1324 440 84 56
232 120 122 64
1050 956 102 64
1524 930 82 60
1600 728 98 60
532 912 76 72
1544 972 106 76
1488 546 84 104
242 700 110 70
1616 628 104 52
30 24 144 84
1318 370 66 86
606 656 62 94
118 308 82 100
48 774 154 72
462 24 94 74
1422 484 112 62
208 730 76 106
280 658 118 70
1124 766 80 62
436 648 82 78
158 868 102 86
348 718 94 88
1684 424 110 52
1768 60 84 64
1562 60 82 106
148 724 98 84
624 832 108 98
1226 44 68 72
262 494 104 88
1216 776 74 74
622 722 124 80
354 218 86 90
52 864 92 96
42 688 94 66
1674 116 84 90
444 596 82 66
320 158 90 102
0 480 122 56
1692 602 88 88
1538 16 80 48
404 532 116 72
158 350 104 80
622 124 124 84
510 554 88 64
1650 948 132 64
1684 300 86 52
322 88 122 80
318 438 152 64
340 492 120 68
