928 882 80 72
1058 410 108 50
1280 270 86 66
816 586 74 98
664 852 100 60
966 370 68 76
800 318 74 82
1072 260 78 78
1394 462 90 92
1060 470 92 66
974 268 84 94
748 736 72 86
1408 552 92 64
996 480 78 72
1106 202 92 66
1538 586 88 94
842 374 88 74
952 524 74 72
1218 300 68 116
958 206 100 64
1472 226 108 70
1460 376 86 64
1248 130 84 76
1128 476 70 102
980 146 100 72
1136 298 68 116
466 806 102 90
886 442 74 90
1648 436 88 88
1360 272 90 96
1076 132 92 72
656 120 90 64
930 588 84 80
1432 684 154 62
776 528 66 92
1562 360 86 88
1068 700 106 56
1720 324 100 60
740 406 96 68
388 222 120 62
848 514 100 84
1238 988 80 66
354 566 128 68
660 380 94 76
696 552 96 62
618 618 136 62
484 620 104 66
948 704 102 64
1126 868 72 92
1472 290 92 78
1222 742 82 78
638 176 108 74
1626 590 138 74
1474 782 94 100
990 782 86 88
1522 100 122 76
1462 152 98 76
454 340 114 84
256 504 120 72
350 756 96 76
690 656 116 62
610 230 116 70
254 194 80 104
776 60 80 94
840 64 102 86
670 768 96 72
918 748 80 80
1232 928 102 64
1232 462 94 50
480 188 98 56
798 438 96 54
458 266 98 72
1582 722 106 84
316 686 108 78
1418 104 100 78
796 912 82 92
860 712 96 60
434 112 100 76
1642 298 100 64
1084 798 84 60
832 986 90 74
732 310 72 96
610 492 118 70
1634 358 96 58
1712 242 112 74
1608 506 86 86
358 476 108 70
392 282 86 106
634 52 114 68
46 816 116 72
1276 600 104 68
1724 714 96 80
1230 60 66 80
1074 22 90 70
288 322 138 70
18 300 106 76
108 84 122 88
1230 650 86 62
426 942 122 66
1716 386 88 62
1568 266 92 76
26 2 92 106
1148 60 70 64
1486 424 90 62
1724 486 84 70
1662 536 124 64
1500 38 98 78
1326 754 74 86
270 938 86 98
640 296 110 66
1616 136 80 100
54 956 108 70
1210 866 62 80
74 166 174 66
1376 772 66 72
172 826 96 58
1092 750 74 60
438 462 94 80
1060 950 100 60
1440 620 112 56
1560 20 96 72
400 816 80 88
280 772 88 92
1120 600 82 80
114 326 106 62
1684 732 78 110
1078 628 92 66
346 70 88 100
1220 490 42 76
24 570 98 96
440 20 146 60
76 502 100 86
1216 584 58 94
54 886 126 74
1328 956 64 104
1694 194 92 62
22 112 114 80
56 266 102 60
1456 944 74 104
248 832 80 76
1618 36 60 96
630 916 128 72
1738 882 74 102
150 734 112 86
152 60 102 52
0 536 48 100
164 652 130 66
1178 202 44 92
1638 884 130 64
76 616 130 78
604 14 58 72
1204 764 60 76
10 498 90 76
418 62 100 54
1720 16 68 56
50 690 94 62
182 432 106 84
488 886 92 76
1740 782 70 74
52 200 130 76
674 942 86 88
170 884 116 78
614 748 56 86
518 90 74 80
