894 494 70 66
848 706 72 74
1292 522 64 74
882 300 94 54
1142 514 70 70
1026 138 60 82
1130 194 66 86
986 468 102 54
1468 516 82 60
1028 572 88 62
632 340 78 68
896 366 98 54
848 864 70 74
1368 276 84 66
656 260 70 92
794 530 88 60
862 594 106 60
1258 384 84 86
652 540 68 100
1088 888 86 62
386 932 102 48
988 368 80 76
218 240 100 62
1620 132 124 48
1460 240 80 56
1694 710 90 70
1090 460 88 46
1496 404 94 44
1562 630 84 70
808 382 78 64
464 132 98 62
1720 218 80 58
288 318 98 68
1536 764 74 98
742 620 68 86
328 54 92 82
862 120 56 88
1396 22 88 64
676 406 78 64
1118 590 58 58
1104 648 58 56
1528 276 68 84
640 164 98 56
1658 298 82 58
446 60 86 72
1242 198 62 88
162 10 90 96
1328 686 82 68
368 560 102 48
1084 168 84 56
370 616 94 62
708 558 94 60
1244 118 106 80
1380 836 70 70
758 362 74 46
850 422 98 66
618 94 68 66
1638 434 94 56
736 60 76 62
620 758 86 102
906 106 60 82
696 96 62 80
80 588 128 60
1244 664 88 66
68 952 90 70
1644 640 90 62
302 588 78 108
1092 90 86 56
1044 682 52 68
508 596 88 64
104 664 126 46
1090 732 70 46
836 942 62 90
1232 926 84 50
46 124 86 62
1634 874 70 76
492 940 82 64
1736 310 76 56
1636 68 78 66
24 868 114 84
938 22 76 46
30 548 86 54
4 298 86 42
300 144 74 56
104 728 114 106
602 28 78 74
692 470 62 48
18 498 92 58
1704 434 82 70
64 698 90 54
1042 954 62 62
1528 940 80 64
1206 60 50 70
666 42 58 80
1224 274 48 72
1092 988 64 54
0 164 56 60
1728 274 68 56
1818 644 78 74
54 60 90 52
