1242 340 70 56
1366 292 56 66
656 424 52 66
802 580 58 60
1260 550 84 42
1060 404 60 54
678 528 56 60
410 590 80 38
1588 532 88 42
630 312 84 46
292 316 76 42
898 808 66 48
956 746 62 44
1466 42 76 58
730 436 76 42
236 656 82 42
944 592 46 54
840 530 76 40
1294 244 88 44
320 54 92 58
162 724 74 48
1610 414 74 58
1376 360 74 36
870 470 64 52
1636 612 76 52
1598 788 82 38
130 366 66 60
1098 248 62 68
1336 468 58 54
1040 696 68 50
1320 712 68 44
812 328 50 68
910 902 58 44
1200 420 72 44
216 574 62 52
1294 974 78 36
1256 454 70 48
1618 730 108 50
772 308 50 58
1702 468 62 60
32 550 98 54
1350 400 66 40
1210 656 74 40
1206 886 76 50
1322 638 106 42
886 376 52 52
164 962 72 48
238 160 74 60
740 360 52 56
830 452 60 42
1682 154 96 96
608 652 64 62
900 132 74 44
1034 458 70 42
1284 920 76 42
1208 198 74 46
1674 376 108 80
892 432 70 36
1206 474 54 50
656 886 76 58
702 308 56 52
1782 856 90 52
128 204 74 48
868 160 66 56
1034 92 56 66
580 254 92 46
740 976 64 50
128 154 80 48
580 446 76 50
156 796 58 46
1108 648 46 72
1562 934 72 34
102 770 80 34
482 348 76 52
118 954 74 46
602 988 64 72
1676 860 68 58
562 0 94 92
140 256 92 70
1596 1000 60 52
1072 236 72 44
1668 952 70 54
668 966 58 48
16 154 88 66
578 614 46 68
1622 856 70 44
102 922 72 46
1196 698 58 40
704 462 50 50
592 688 52 60
1122 522 38 70
1064 924 50 64
1242 724 68 44
1076 64 50 22
576 318 52 58
36 450 82 46
626 900 58 60
1184 76 42 76
1180 514 42 56
24 796 68 32
1094 916 46 68
1186 748 56 44
1074 654 44 56
1230 770 68 40
1396 2 74 34
