960 802 70 56
702 382 48 80
370 250 76 52
794 852 72 58
778 718 56 66
156 328 80 66
1514 372 100 48
880 598 74 58
862 494 66 62
286 86 82 82
718 888 72 62
828 210 64 70
794 508 62 62
160 888 90 52
1246 560 70 56
1674 666 82 52
806 82 74 64
1302 282 72 64
324 0 96 66
980 56 52 62
310 322 88 50
318 156 72 60
774 314 64 50
1258 248 62 52
1424 432 86 42
1180 388 76 56
400 676 76 40
1060 226 64 54
832 660 64 48
1080 914 48 78
1014 306 64 64
942 924 58 56
778 418 58 56
96 580 78 40
922 430 62 50
630 772 74 42
1574 630 80 52
784 572 76 48
1034 698 54 58
1676 568 92 62
1304 482 78 44
820 294 68 50
1298 48 58 90
382 382 54 62
1104 278 66 56
278 414 74 40
1308 220 72 50
1366 66 70 58
904 374 58 48
1554 440 78 42
150 190 80 46
148 144 78 40
1504 20 76 74
950 334 58 62
252 570 64 52
1120 92 48 70
1342 878 74 40
146 86 88 50
636 868 66 52
1052 140 70 42
1606 696 66 56
1080 808 64 40
600 704 60 80
698 552 60 50
840 456 62 38
1374 688 68 52
592 246 74 50
656 68 74 62
96 480 92 36
578 196 76 50
1548 168 92 48
1000 408 82 54
1516 536 56 66
1110 644 46 70
950 296 76 38
1200 838 66 50
1326 710 62 42
468 850 70 46
1502 156 72 48
200 630 86 46
734 54 84 56
454 402 70 42
1350 940 78 42
1252 0 68 76
1592 788 58 50
1602 546 76 56
188 492 62 46
1392 340 84 62
14 154 86 70
1680 360 78 52
470 312 86 50
1192 136 80 44
654 596 64 44
618 906 56 78
1598 902 66 44
574 284 88 66
70 790 96 54
658 650 62 48
700 496 74 50
164 768 96 50
1474 0 58 52
1644 272 64 66
402 898 88 42
1384 0 72 52
1682 744 70 52
1032 976 58 50
1782 822 74 68
308 576 52 60
568 98 54 76
0 566 72 52
1680 246 80 42
1426 496 78 38
1174 90 44 70
1704 204 78 40
1162 972 76 40
606 636 56 48
1124 916 54 80
1680 892 74 46
1696 404 70 50
1538 914 60 54
500 930 64 54
630 526 46 50
1124 192 42 50
54 896 120 74
82 68 76 98
1350 330 90 46
40 368 82 44
608 584 52 46
1584 490 54 38
106 2 104 42
438 946 62 58
42 708 84 56
150 120 80 32
