998 454 70 74
848 800 84 62
968 106 80 90
770 334 98 52
1348 316 78 64
1096 184 66 98
1136 874 60 84
1226 374 108 50
874 506 114 52
1342 476 78 70
1008 298 80 74
224 652 98 72
1098 472 84 60
1006 220 90 72
1088 394 74 62
830 168 80 80
1008 550 82 68
866 282 96 58
930 358 84 72
612 190 112 72
482 900 74 82
1390 248 84 76
1248 252 94 54
1564 536 84 68
400 236 114 60
748 512 72 52
828 246 74 54
902 632 98 62
904 184 62 78
1052 818 100 54
674 368 68 70
826 608 78 68
1022 628 92 46
660 900 84 68
1382 160 94 64
506 120 74 92
1706 160 100 58
1684 240 86 60
890 428 62 76
422 372 104 52
778 598 56 66
454 536 84 64
924 948 94 56
1478 768 74 76
642 530 74 74
1078 104 94 52
224 580 100 76
1518 102 90 60
824 884 80 86
48 768 132 76
1472 154 86 52
832 528 86 62
1362 382 88 76
1634 186 74 72
1030 880 72 58
818 392 56 66
686 672 82 86
1586 452 76 64
1494 336 124 52
306 572 108 68
1414 816 68 80
1470 210 64 98
676 60 100 64
1132 744 58 82
1526 20 76 68
1140 304 68 82
288 872 96 82
1084 674 82 60
1104 624 74 52
1222 608 62 80
616 260 84 96
1246 180 70 70
372 880 94 66
1036 24 94 60
126 656 110 54
602 18 68 86
238 906 100 82
1028 396 72 54
638 416 76 62
402 450 70 74
336 96 118 70
1392 24 60 90
798 982 92 56
92 336 114 62
1554 406 84 50
1600 22 72 92
1704 376 76 58
762 398 64 64
610 754 56 70
1098 920 56 66
1712 60 124 62
1230 882 68 78
1262 820 72 86
236 150 98 88
66 946 92 76
1634 876 68 74
1658 800 88 74
1728 594 72 62
24 116 112 76
448 52 72 84
1720 502 84 46
694 562 88 50
68 686 80 62
1652 442 94 46
506 58 70 66
58 190 104 88
1532 234 80 76
1294 24 76 46
180 214 118 74
396 942 92 52
1114 60 68 50
466 460 108 52
1754 320 56 66
98 54 94 60
470 960 66 82
42 588 82 96
472 698 94 98
1322 972 74 88
1698 16 80 62
44 482 130 76
112 120 108 52
1828 322 72 80
1596 392 82 54
1216 756 44 80
1736 454 68 50
534 226 60 56
60 414 74 56
1244 958 62 58
20 888 104 78
118 438 92 52
0 196 64 86
1694 952 62 50
18 526 72 68
