1224 322 98 92
1058 658 112 74
906 492 114 76
914 630 120 82
1374 548 106 78
1406 324 106 72
750 406 114 70
844 570 80 102
1294 234 76 76
1118 862 82 94
1232 128 134 68
1410 754 70 100
1246 516 102 92
908 428 110 72
760 738 76 108
850 406 80 122
914 318 76 114
1226 824 78 116
1344 706 76 94
1302 158 80 90
982 238 80 78
1024 534 100 76
764 518 76 118
1070 270 108 80
1330 506 92 96
1410 420 138 82
1024 374 80 96
1092 200 80 84
1128 464 74 126
872 274 68 108
966 848 72 96
598 16 114 62
610 698 164 68
820 754 78 124
780 266 96 86
1090 758 126 72
912 236 78 104
986 306 82 104
620 542 88 110
364 0 88 104
1308 310 82 122
1236 720 104 98
346 136 126 74
820 124 64 118
666 60 106 62
1048 66 74 82
1100 334 104 68
328 766 110 90
812 908 74 100
98 294 104 94
1234 914 116 72
1048 132 84 76
1410 230 110 78
238 636 118 76
666 346 106 76
84 488 86 106
644 254 82 96
908 60 78 84
1486 630 108 68
658 636 130 62
800 628 60 96
1560 14 98 80
1548 548 102 90
886 910 94 90
882 128 70 112
702 864 72 106
666 162 106 70
460 610 76 90
310 204 82 104
1486 146 76 128
484 208 76 112
118 666 132 78
270 126 106 90
1542 476 114 66
186 290 136 72
1034 882 100 84
1460 60 76 70
694 234 106 80
186 516 94 106
152 726 100 92
100 620 122 74
1416 610 86 80
276 336 106 88
1350 120 94 98
622 838 116 88
220 86 110 82
590 346 100 72
310 512 114 86
260 704 102 60
206 786 114 82
1568 242 112 98
110 444 116 84
460 300 94 90
1546 106 90 96
1670 208 102 78
626 760 100 90
1110 54 98 68
1632 810 126 72
768 168 66 112
1480 350 114 82
760 476 108 68
990 98 74 98
454 374 134 78
1090 598 108 64
204 190 92 94
1218 16 82 108
26 120 94 64
1476 778 96 104
734 80 114 72
1660 474 76 104
1312 60 98 34
374 232 96 90
90 782 90 98
1680 70 100 122
1624 868 98 90
1576 734 110 80
350 612 92 100
0 218 114 82
800 974 62 72
918 852 66 82
1734 124 96 90
6 780 98 84
454 60 96 34
182 28 118 80
418 498 90 102
964 154 66 94
678 402 86 92
204 354 94 76
1210 590 68 88
0 300 62 90
502 880 86 110
400 60 56 56
1618 640 104 70
48 958 106 76
1724 304 102 88
144 860 128 84
