1370 128 104 70
1086 284 80 58
1386 382 92 60
1238 534 98 68
942 350 84 66
832 498 74 98
1576 270 78 78
1450 190 104 50
1026 622 94 62
602 646 74 96
938 786 84 58
718 206 116 66
930 180 68 94
834 252 82 82
978 132 80 82
712 346 62 72
1304 346 72 106
184 840 106 64
678 582 78 64
832 856 76 70
760 328 90 72
1100 836 60 82
44 126 94 58
894 680 72 96
500 216 84 88
632 518 100 58
1414 288 114 56
1064 158 74 56
804 726 86 70
768 778 74 98
956 404 96 46
636 240 72 84
602 132 62 90
904 844 72 94
658 726 78 76
930 532 96 56
464 116 94 66
256 888 108 76
1610 50 80 92
228 428 102 52
378 798 82 96
738 152 90 48
1322 540 78 66
1002 50 80 84
964 648 72 74
1086 732 84 58
1222 318 60 86
1476 646 96 44
494 350 94 70
986 242 88 78
502 928 72 90
722 96 108 50
872 594 90 66
772 434 80 98
402 16 78 78
1662 566 66 78
274 268 116 50
360 940 70 90
1688 70 104 66
890 446 96 48
1238 80 72 64
112 750 136 68
808 24 118 80
424 946 68 86
228 292 92 78
792 946 92 70
1624 352 62 70
1304 468 80 54
1690 718 92 60
306 966 70 88
122 208 72 84
172 330 106 62
1638 682 82 68
1232 396 90 60
198 60 108 70
138 960 128 66
238 196 114 72
1008 966 66 86
236 0 104 56
298 64 116 82
1370 58 78 74
1042 886 72 70
956 488 86 42
1056 688 88 42
1486 60 86 68
1672 146 78 86
400 132 54 78
1446 508 80 106
1490 900 100 46
1568 612 94 50
140 188 106 60
174 264 98 58
1706 286 64 82
6 240 84 78
1328 718 68 74
1734 132 88 48
1650 278 68 68
624 906 92 68
686 826 58 68
54 862 118 90
740 928 70 88
60 954 106 68
1624 210 88 66
68 698 88 52
1074 60 76 84
116 638 126 68
1530 424 78 80
1160 840 46 92
606 206 66 58
610 326 44 80
32 526 120 52
14 768 102 58
206 902 78 58
504 800 92 52
1242 766 74 80
1648 30 102 54
50 8 96 100
0 0 66 66
0 164 52 56
1698 582 82 84
522 728 70 50
82 584 90 84
976 454 80 44
1072 120 80 30
1222 826 78 66
1422 952 68 68
1822 662 78 58
60 416 88 54
