1396 530 70 44
1522 580 78 36
896 162 58 64
1610 654 58 58
1604 554 74 36
366 162 90 38
1268 872 74 38
1072 356 48 52
652 242 72 42
138 478 94 36
1256 256 62 42
1104 648 42 62
636 604 62 44
154 610 68 34
1008 500 62 36
586 136 76 46
952 302 44 60
196 274 70 38
932 56 58 66
1398 114 62 50
690 568 56 44
918 484 54 44
164 654 74 34
1278 74 64 54
474 242 70 40
782 680 46 46
1066 822 66 42
736 430 50 48
670 148 68 46
178 938 60 44
818 544 44 54
778 328 52 50
1050 216 48 78
684 122 70 48
1008 106 68 36
1456 1004 48 56
400 754 62 56
716 358 44 52
854 362 64 36
1012 630 58 40
926 622 58 42
1678 260 82 40
1062 410 62 36
128 90 78 42
1342 64 48 62
1228 676 60 40
1288 438 60 40
1178 760 50 48
432 396 80 38
1782 812 70 72
620 810 52 62
996 456 52 38
1068 918 44 70
294 654 48 56
1190 706 48 50
464 902 66 36
254 644 46 54
124 14 66 66
1672 300 58 54
1358 982 52 54
72 270 68 36
400 656 72 42
1200 74 70 46
226 226 72 38
622 366 46 54
678 414 54 40
902 664 42 60
762 550 50 50
722 950 64 42
800 606 22 42
154 326 54 52
1184 124 68 40
646 958 48 54
864 664 42 60
862 618 60 38
1198 290 64 34
80 396 84 30
368 666 52 56
1176 398 40 30
418 942 50 54
1186 494 50 50
814 424 30 48
724 534 60 34
36 886 78 38
648 104 46 52
106 306 56 36
98 230 66 58
504 376 60 42
1726 106 74 46
32 212 70 36
1248 476 64 38
480 992 52 44
242 844 66 36
240 792 60 42
1130 2 44 56
1258 452 42 30
584 454 64 38
126 910 62 38
24 162 82 48
1096 172 52 72
624 896 52 56
466 0 92 42
828 634 54 40
774 600 42 48
700 990 50 46
32 308 82 40
