976 450 108 62
962 164 80 84
1058 304 114 68
764 196 112 86
1540 658 86 78
670 868 98 68
1134 188 70 124
1114 840 90 80
396 734 84 88
1336 708 88 86
462 734 114 90
994 908 100 74
674 798 104 66
1456 202 94 56
842 950 78 64
1286 850 88 64
1020 562 92 92
700 678 100 76
908 816 92 72
1448 16 96 78
740 344 102 66
886 246 100 76
1228 728 112 62
1224 338 80 110
932 356 88 68
604 288 132 64
672 942 102 78
990 694 82 94
856 684 100 66
1146 478 68 94
1628 842 126 54
882 340 82 70
1076 88 100 70
1552 338 80 76
1074 894 98 78
1376 484 126 70
42 862 110 92
636 362 110 60
1584 754 98 72
436 324 112 88
1374 400 92 88
930 562 100 62
852 422 94 76
898 744 94 66
954 24 112 46
1408 322 114 70
82 756 86 106
904 578 74 100
1546 60 102 74
1058 710 90 70
1632 630 84 80
720 516 70 82
1286 176 124 82
646 472 88 84
1670 508 92 62
448 60 110 62
762 18 106 82
426 562 124 70
196 60 108 72
1232 434 84 92
1346 912 88 98
1480 790 74 80
932 120 90 54
1284 514 80 98
1236 60 118 74
682 622 108 62
186 312 108 98
1604 504 72 92
24 114 106 68
350 942 100 80
1552 180 76 100
1370 22 106 88
362 216 108 80
1480 488 88 102
986 66 96 70
1414 136 96 84
1540 476 100 70
268 858 130 68
1626 890 102 70
1368 96 92 78
628 672 68 100
64 184 96 106
442 938 96 80
222 568 118 70
274 762 106 90
128 962 148 70
1608 232 96 70
788 394 108 58
1692 954 90 86
206 438 74 76
640 170 88 98
100 60 108 62
1650 320 104 62
780 486 98 60
744 422 106 62
690 98 112 88
346 576 98 80
304 2 94 56
846 510 70 94
800 582 90 98
1430 258 128 72
120 702 134 68
196 146 112 94
1608 120 90 88
456 214 110 76
400 622 106 84
408 104 102 82
270 452 84 90
1516 924 78 82
0 254 74 76
1762 312 84 72
1750 812 64 88
514 272 76 84
254 950 90 94
400 496 78 76
1220 294 56 90
30 292 132 68
800 60 74 38
1642 378 112 54
1426 918 94 94
320 360 130 76
1666 440 150 66
500 384 96 64
1164 142 60 64
50 956 106 76
1674 18 90 42
108 630 150 72
1466 374 98 104
676 444 92 54
1684 236 92 80
6 486 110 88
600 242 72 76
1710 622 94 96
472 124 92 78
1148 36 76 60
1228 944 86 64
800 336 48 60
1760 242 80 52
530 634 102 72
314 444 104 48
48 688 86 64
