668 148 76 58
1266 370 70 36
1596 166 60 52
278 520 56 44
172 346 76 32
388 238 52 52
1260 112 52 56
186 492 46 50
1294 184 56 48
1628 288 72 42
238 666 64 32
40 624 68 42
1458 98 46 60
122 732 74 38
708 340 48 48
1718 258 64 76
806 862 62 42
1576 260 54 34
184 556 46 46
1586 346 44 50
772 958 60 40
114 674 70 40
800 294 56 42
102 510 70 38
1614 428 48 50
1410 428 66 30
1488 448 54 40
386 674 48 46
1318 648 58 44
722 466 58 36
1480 392 58 34
1120 654 34 44
634 560 60 32
1644 578 64 30
1010 616 44 56
1052 196 56 36
908 480 60 38
120 982 76 36
892 372 48 30
852 628 36 36
1548 688 60 34
142 832 48 46
1050 254 40 56
1010 532 48 40
290 158 72 48
1260 638 58 36
782 560 60 34
880 800 46 52
1686 118 92 44
618 638 38 42
584 158 62 38
908 438 44 30
476 756 58 56
338 636 52 40
1796 576 64 56
982 80 54 38
340 358 52 44
736 394 38 34
330 428 60 34
274 772 56 34
778 760 32 46
806 452 32 48
88 778 62 44
592 394 56 50
1046 10 44 60
1072 520 60 34
324 316 52 38
168 892 56 40
1178 678 32 50
792 600 34 46
950 394 34 46
844 452 34 48
1196 502 56 50
1518 272 42 48
978 458 46 44
1122 250 44 64
184 848 52 48
1636 366 56 40
1320 0 56 40
910 396 38 34
1812 676 70 38
1116 108 52 40
468 572 78 40
758 348 52 34
1634 648 78 38
314 352 30 50
1700 514 56 48
40 456 72 38
800 760 20 44
894 766 46 46
504 772 60 50
1206 174 74 44
1804 490 66 36
1022 846 38 36
772 664 40 38
16 156 90 70
814 654 48 28
906 414 38 34
1052 776 52 40
1164 482 32 36
1086 260 52 50
52 708 64 42
0 544 72 38
492 406 58 52
1194 764 46 28
620 360 34 42
360 108 40 34
1220 716 48 22
826 744 38 42
1112 560 46 50
1040 912 46 56
606 812 28 46
828 726 40 34
800 652 28 34
118 936 72 36
724 380 34 32
