1312 520 132 60
1092 494 116 64
978 784 126 66
1014 556 116 62
708 16 90 70
1462 250 108 78
1056 120 88 80
454 680 86 98
944 626 78 86
1500 526 84 88
980 210 74 68
796 912 72 82
992 426 82 100
850 368 72 88
726 628 94 82
406 816 94 92
584 122 108 80
1050 878 94 84
1630 386 94 64
1712 708 118 74
1504 816 78 96
1340 270 102 80
1296 236 70 112
710 200 88 96
918 278 82 112
192 454 122 68
1316 60 108 66
890 60 90 50
1410 18 98 84
1318 356 94 68
1360 652 122 66
1334 586 92 66
850 614 108 72
330 254 80 112
1226 658 110 58
150 728 108 72
880 438 92 68
1092 314 122 80
1220 736 66 124
1410 172 104 78
296 144 118 72
438 356 120 78
1240 142 100 86
1138 56 78 64
1636 60 112 74
1024 238 66 106
1604 552 98 66
852 514 76 114
196 606 114 80
1062 654 110 72
308 686 104 86
774 410 94 76
226 682 96 70
1454 116 86 80
1058 62 94 52
1624 680 106 54
490 460 108 64
292 464 130 68
1480 390 86 108
1428 548 76 92
1556 190 110 90
354 524 112 76
518 684 80 106
594 276 88 96
818 786 80 102
1266 370 82 110
444 448 88 50
16 116 104 68
1568 644 80 84
1356 404 82 96
1512 326 116 76
624 178 94 100
0 882 142 60
724 288 82 78
108 106 142 74
1636 202 108 84
298 94 116 54
1724 304 88 72
400 776 36 94
274 582 130 58
1512 140 70 118
42 686 98 70
1784 120 68 72
800 300 90 80
1074 994 102 66
740 356 102 50
504 18 76 66
612 840 50 98
1764 500 76 70
1490 60 108 50
508 66 80 96
44 952 102 76
388 120 112 64
312 26 108 82
1408 882 96 66
148 184 94 92
728 480 116 74
1676 108 114 78
286 632 92 64
1546 602 88 56
226 796 98 94
160 824 96 70
72 774 134 80
636 374 106 78
1654 486 96 80
1164 138 52 72
1716 216 82 92
1702 358 96 76
1028 616 72 50
72 222 84 78
618 976 56 68
1074 20 86 40
232 2 96 88
522 320 78 78
6 60 126 44
1710 572 84 106
1160 868 46 82
242 60 94 34
1162 410 74 66
0 546 106 86
40 410 86 56
344 382 138 56
0 310 134 72
1214 308 52 88
1774 198 64 76
0 504 62 58
258 384 112 64
0 174 60 86
