720 604 124 78
600 32 80 106
188 926 84 106
892 500 72 118
306 866 110 92
1104 192 96 94
820 216 82 106
1548 706 110 86
958 78 116 88
772 764 120 74
668 138 102 90
968 170 116 74
740 900 102 92
64 304 118 98
1558 336 78 110
894 158 82 104
1494 826 88 98
1600 568 100 64
858 822 110 88
1408 686 102 90
1288 212 98 90
290 686 126 86
1718 426 90 96
214 310 96 100
78 210 96 102
228 212 124 70
726 208 78 104
302 552 100 92
1588 24 124 82
1272 466 96 92
1358 160 86 90
902 252 98 94
1288 16 96 102
714 796 78 104
16 2 114 98
990 232 78 98
1250 356 96 102
856 430 116 82
414 228 82 100
358 122 104 86
264 274 118 74
796 120 118 76
952 668 102 66
944 804 94 104
68 474 136 84
176 560 110 130
1720 596 114 82
638 778 70 116
702 60 132 76
1342 318 108 84
210 754 90 96
1730 290 108 86
1674 512 112 86
688 718 116 80
1100 576 84 94
210 84 134 76
1122 492 82 104
1212 714 152 76
1458 528 100 90
610 220 116 80
600 552 78 98
1008 888 92 98
1240 120 102 72
746 484 68 114
1050 646 118 62
602 644 76 114
1446 340 114 80
476 214 76 118
1584 456 92 98
1128 60 92 76
342 360 118 82
800 676 84 86
1154 750 50 136
1318 546 124 72
972 364 72 112
462 612 110 86
380 772 94 92
1240 632 130 76
198 488 108 82
1366 84 88 92
1538 238 98 90
218 0 118 60
140 154 90 92
1406 602 134 78
928 332 74 118
308 468 106 86
630 344 96 94
466 798 94 94
640 888 86 106
1024 556 88 82
302 60 106 66
958 540 76 100
720 968 100 92
1048 318 76 122
1636 840 88 90
268 816 86 100
36 768 128 102
408 60 112 72
1318 824 128 70
126 14 110 92
1734 48 92 94
432 882 144 76
1260 314 94 70
1050 746 88 102
1374 876 106 82
1418 936 82 100
1218 16 72 124
886 684 92 94
22 582 150 74
1702 674 108 94
1100 326 110 86
1360 24 130 52
608 492 112 74
874 312 82 104
1000 702 94 70
1092 432 70 118
420 958 122 86
714 318 78 108
578 276 98 76
604 708 106 92
946 460 102 80
1556 518 88 100
1526 944 122 76
1626 88 116 72
586 352 60 124
740 418 104 82
404 464 114 86
1290 926 94 92
204 136 120 92
770 320 74 100
1348 648 82 98
66 860 114 82
1212 298 76 114
1040 446 60 108
0 314 74 80
444 546 124 78
1664 754 94 102
660 570 100 86
388 536 76 98
1780 120 86 48
1374 456 138 90
1600 330 116 76
1638 264 96 94
1442 82 106 94
46 960 98 86
1184 198 66 114
0 184 96 90
10 112 106 78
1476 250 72 80
1720 186 112 94
1208 564 60 88
462 130 80 92
