1504 242 74 118
1420 230 72 118
1460 864 78 110
400 792 78 114
274 646 92 96
1362 400 76 106
884 474 80 112
206 896 122 80
462 756 116 80
654 248 118 76
284 740 82 110
1066 314 78 108
1116 488 82 92
892 614 104 90
1228 638 112 70
1540 128 88 122
922 298 86 98
994 834 130 64
810 798 86 100
1116 566 78 98
1322 838 70 114
406 330 92 100
1316 186 78 108
1250 410 102 88
326 852 86 104
980 416 116 74
870 736 84 94
1072 714 68 112
1506 442 84 106
474 638 72 118
1246 120 112 76
1454 388 80 106
1330 566 94 96
138 144 94 96
1306 320 108 82
416 558 88 102
832 124 72 104
1612 452 126 76
800 412 114 84
1394 504 112 82
1320 736 74 114
1072 124 80 104
1220 328 92 94
1058 632 100 82
840 18 104 66
6 114 106 72
656 314 130 74
892 396 104 88
982 610 96 92
888 184 82 102
68 284 88 110
296 568 92 96
970 148 116 68
952 684 92 100
1224 464 80 122
794 302 86 102
718 770 68 118
1364 674 84 102
1030 484 76 114
810 488 76 110
1268 260 104 80
978 772 132 70
1116 210 66 114
1662 120 120 84
868 60 92 94
334 92 66 118
680 538 102 74
1578 630 110 86
738 18 118 58
1598 696 92 90
1664 308 108 90
474 852 108 86
668 370 100 88
1476 742 86 94
790 586 104 88
698 862 60 124
948 564 86 94
10 222 194 72
1052 216 68 126
626 120 126 90
276 952 94 96
1392 784 70 108
1272 54 86 70
618 478 96 94
250 110 90 98
138 486 84 108
168 614 102 106
1234 718 96 80
1238 188 76 104
966 18 110 72
216 800 88 96
376 60 90 62
1012 902 70 108
1342 80 94 72
1712 388 68 126
624 908 72 106
804 652 86 98
150 310 88 100
1692 508 158 66
742 60 108 100
658 618 96 78
1496 614 112 74
1408 628 114 80
1600 238 84 112
1436 60 142 60
1674 900 138 104
1540 902 92 114
1404 738 92 86
1226 884 110 78
760 700 70 122
1626 188 134 70
1500 698 110 76
1050 556 84 82
1216 566 84 82
1538 770 126 64
626 558 80 108
952 80 90 98
466 36 82 120
1086 18 94 52
1704 764 102 108
758 274 72 116
598 200 126 82
266 508 114 70
630 806 88 108
1676 14 128 54
812 904 88 108
1228 26 60 110
974 264 102 90
388 112 100 92
96 566 88 98
1170 16 60 98
244 0 122 98
28 496 138 66
868 906 90 98
252 194 86 100
580 60 88 50
190 32 84 104
448 120 112 46
1676 836 120 86
1178 226 54 108
458 924 100 72
16 862 122 90
1034 56 94 78
476 182 82 102
1584 556 118 78
606 652 56 126
1514 812 110 86
962 198 102 74
1088 916 54 124
656 88 106 68
732 600 88 76
32 684 94 68
1104 38 82 94
718 490 104 68
1664 562 146 78
1754 136 114 74
36 964 110 74
1190 766 62 144
1528 878 130 68
486 396 68 138
586 18 96 66
1736 654 96 94
724 668 78 98
22 574 86 100
400 182 80 96
126 0 128 48
260 438 130 76
