930 754 46 32
1058 334 36 40
986 662 36 40
1062 174 44 34
992 156 38 34
1058 504 40 40
1184 410 36 40
1114 404 42 36
1076 246 36 38
1254 398 50 26
1000 476 38 36
1256 500 40 34
126 628 42 34
316 300 44 34
1114 526 34 44
132 774 42 38
382 288 48 26
164 846 40 34
1166 530 36 36
1180 374 46 34
1656 354 76 42
216 728 46 32
1102 252 40 36
710 666 46 28
350 726 40 34
1204 212 38 32
1120 362 36 40
634 462 32 40
1574 576 38 36
738 652 42 36
194 146 58 34
950 884 42 32
1048 706 40 36
1264 106 32 46
716 376 46 32
1060 284 38 34
1320 354 38 36
1096 142 48 28
698 418 46 30
50 648 52 28
1366 586 42 36
1072 370 34 42
1570 832 48 26
178 908 46 30
1518 462 42 28
102 670 42 36
198 656 40 32
1676 162 96 52
1048 16 28 48
1568 592 38 38
1046 732 42 30
1664 476 66 34
118 520 50 30
1440 854 44 30
378 932 42 32
682 824 42 28
1228 32 42 34
622 398 40 32
252 654 46 30
34 266 56 44
260 690 38 40
1524 398 38 34
1620 80 56 44
1092 190 40 38
1634 698 46 28
154 386 46 28
122 536 42 28
80 656 46 28
1414 828 38 36
1658 568 66 40
602 672 38 36
1672 110 44 30
1174 784 34 34
128 454 54 24
1068 800 38 34
956 904 46 26
486 526 38 38
1592 156 46 46
444 200 44 54
184 556 50 28
1164 720 36 36
1090 468 44 32
1668 406 36 38
92 208 42 34
1184 174 36 36
96 690 44 32
874 220 46 38
1112 212 36 38
1122 230 32 42
1158 610 40 32
1096 422 50 30
1136 196 34 40
1116 616 42 32
1582 892 44 28
1136 30 38 34
608 706 34 38
1102 174 46 26
680 224 46 26
1374 484 48 20
1670 276 34 42
1070 754 42 30
1660 634 50 30
