1378 104 74 118
874 648 86 104
1230 340 98 88
1560 136 74 122
1304 810 82 98
1082 462 90 88
1226 692 134 60
1234 796 86 74
1408 406 96 74
624 634 114 74
1050 310 132 70
828 500 68 118
626 238 74 116
912 334 112 76
1522 832 76 100
946 92 92 78
744 550 82 102
442 254 78 110
1232 184 96 108
1544 668 84 82
1140 482 72 110
1226 612 74 84
756 648 96 90
950 222 84 92
994 376 102 80
1026 126 112 64
1550 246 108 88
402 824 80 112
1238 746 96 66
944 520 86 94
486 832 110 70
944 160 122 78
884 270 88 88
1082 542 78 88
1486 480 110 66
1010 518 80 110
996 668 88 110
1676 340 102 92
888 446 70 116
1434 54 98 86
1412 530 90 84
1496 616 104 58
1374 646 66 134
1408 612 88 70
1236 66 114 96
1060 656 94 58
726 266 76 112
1422 712 120 78
964 450 100 86
712 878 82 92
1496 406 122 78
1016 60 74 72
802 280 66 120
1270 544 118 78
826 388 88 94
22 116 102 70
1300 26 136 62
1476 262 96 72
1512 312 88 96
76 504 134 72
800 874 102 96
1714 712 110 80
1094 612 96 66
1532 746 106 80
748 148 70 110
310 80 110 78
1354 226 96 84
614 368 88 94
910 834 72 114
1720 158 92 100
1236 948 102 62
1152 16 74 104
430 550 154 70
160 762 116 86
624 510 80 106
1456 804 84 100
726 394 102 98
472 136 90 100
716 120 90 58
822 746 60 100
1586 846 110 78
1588 412 106 70
1220 286 86 72
1490 536 68 82
1082 724 92 94
666 682 92 82
1648 286 170 64
1452 154 102 86
1108 192 70 120
1040 808 108 86
1256 428 142 60
870 148 92 74
608 120 84 54
1430 228 84 86
1540 60 98 74
400 488 86 86
1460 962 118 82
1002 856 78 114
1632 234 130 74
226 58 108 78
596 462 72 78
700 720 104 76
1620 96 132 76
760 752 72 92
842 188 86 100
1092 60 90 100
400 334 94 72
1082 170 64 110
862 774 70 108
1584 788 104 70
426 60 120 60
186 540 108 60
306 606 130 74
302 256 134 70
1598 582 82 62
1016 224 92 90
256 710 128 82
898 66 64 90
1460 644 82 80
852 918 98 88
92 214 88 104
1154 318 66 72
1554 524 90 80
400 760 124 72
468 610 90 94
158 112 94 92
1220 26 64 112
1070 874 88 90
804 84 114 72
298 494 86 112
312 878 112 76
772 24 100 76
1378 302 98 90
404 622 78 98
1440 336 74 70
196 456 142 72
454 682 100 92
204 586 146 66
400 932 56 90
1730 310 86 82
516 220 76 72
606 826 66 92
1718 802 100 88
1728 60 114 66
1238 444 108 90
620 894 78 96
1644 626 136 78
1722 878 102 76
486 94 92 74
306 800 104 70
66 6 118 102
1172 582 60 88
152 190 96 94
42 686 100 68
238 126 108 86
30 408 106 64
612 702 74 102
688 792 86 70
662 410 78 106
498 766 102 72
520 286 68 76
348 186 140 72
442 450 104 76
576 146 74 96
1046 14 66 80
48 958 98 74
90 572 148 68
0 192 102 90
1660 892 86 116
666 848 72 88
924 938 72 112
218 190 118 84
74 770 88 106
164 696 144 66
90 304 102 82
1658 16 146 60
1754 220 102 92
0 2 78 90
