1112 498 100 52
1554 196 102 52
484 362 104 54
1252 408 80 54
1502 282 90 50
976 232 72 66
1150 312 58 74
770 170 68 70
318 224 90 80
890 432 66 86
1422 114 72 82
1260 266 68 80
892 320 108 54
924 402 110 52
1716 508 78 74
894 960 80 56
1050 648 66 54
1560 526 80 66
234 608 100 58
1010 590 72 50
450 144 80 68
1548 756 80 54
866 714 74 60
318 470 86 56
1044 788 54 68
624 134 86 74
1094 772 56 76
1022 332 92 44
148 286 124 54
726 882 66 60
458 232 72 72
958 606 64 56
1106 902 64 70
306 154 98 68
1348 102 80 72
656 576 66 86
788 240 60 74
750 442 74 52
1488 360 74 60
1338 398 70 72
652 504 86 52
1054 374 72 70
1410 322 64 82
1346 296 70 68
138 632 108 54
1082 432 88 48
1584 470 82 48
626 320 106 48
712 242 56 82
984 854 56 60
486 790 82 54
432 312 104 48
1072 282 86 42
1220 610 52 78
224 784 108 48
204 968 80 62
316 576 102 52
1052 102 72 68
1586 416 86 40
1246 152 78 52
1140 752 56 82
324 748 72 68
1120 62 66 64
716 574 90 64
1234 218 86 50
1342 552 90 58
1090 164 58 76
1312 178 66 86
150 358 92 70
1390 620 66 86
948 788 68 58
522 910 64 98
480 916 62 94
1578 104 102 58
1612 354 76 56
1352 494 116 50
1634 830 78 54
804 972 82 52
722 60 70 62
1442 654 70 52
1592 640 90 46
1654 682 72 62
496 852 102 50
642 242 76 68
152 816 102 60
640 438 78 46
724 708 80 54
640 674 52 80
488 66 94 62
1218 750 52 62
612 370 94 58
904 24 58 68
118 762 90 52
1142 602 48 78
808 416 80 56
1482 502 70 74
822 550 94 60
400 938 80 78
458 480 70 58
290 508 72 74
296 912 64 78
1608 28 92 66
340 948 78 76
1174 218 42 88
186 458 96 66
810 618 66 44
624 52 86 80
238 716 116 54
492 420 84 46
1100 592 52 80
210 350 86 70
352 636 106 62
1432 984 74 76
992 54 66 70
1522 634 74 54
134 924 104 58
1396 24 72 52
1376 846 68 62
72 594 106 46
874 620 68 44
1558 970 90 58
1522 690 70 48
1694 778 84 74
830 60 72 50
1120 848 66 52
402 66 108 72
976 20 76 40
146 548 86 68
776 676 58 60
1494 586 66 50
1562 336 62 64
712 648 74 42
1254 798 62 86
1468 834 84 50
682 926 82 72
1736 320 72 80
304 16 104 54
1216 880 52 74
382 744 78 52
100 868 88 76
1214 28 48 102
1646 268 74 70
1286 28 70 52
1668 408 128 64
68 688 84 56
1222 490 66 52
258 860 96 54
490 730 94 54
1054 854 64 50
74 956 80 60
1300 1006 68 50
540 190 56 72
1686 348 78 58
1688 154 74 76
428 808 66 82
388 6 78 68
1466 746 74 62
492 682 88 46
10 18 112 72
60 790 80 64
1624 924 64 82
752 1000 74 54
1704 862 70 56
524 638 70 60
424 688 68 64
1316 786 64 82
1290 774 58 74
534 518 76 60
150 0 94 62
528 296 64 56
44 310 112 76
420 120 80 28
490 588 106 54
382 814 62 80
1828 736 72 58
1696 226 74 62
114 96 130 62
1180 588 42 96
830 658 52 60
1746 160 60 56
1734 654 66 56
632 840 74 56
1234 912 64 52
40 876 70 82
1164 152 48 54
1828 234 64 82
342 690 82 52
94 506 86 62
610 14 84 58
26 116 108 84
1458 542 56 62
1652 190 84 66
1236 1000 70 54
1696 962 66 76
474 18 72 50
1248 956 70 42
1464 898 82 60
1306 952 68 48
1492 774 70 60
