1076 380 86 74
1034 576 70 84
810 602 124 64
1104 598 110 70
442 784 104 80
894 344 90 76
482 706 108 80
1272 268 110 66
1058 710 80 90
1272 336 94 76
782 274 88 84
980 756 84 112
1638 630 98 54
928 576 84 74
956 438 98 90
896 130 90 90
1090 476 92 102
1618 350 106 80
974 134 90 88
894 648 92 72
676 510 86 70
1486 524 102 76
972 248 114 92
1474 382 96 92
1330 184 90 90
104 258 110 54
1098 56 80 88
754 758 98 92
1258 156 68 106
726 366 70 90
1578 20 64 122
1610 460 98 102
1398 312 102 76
446 482 120 80
1068 650 80 66
652 662 104 76
226 866 98 76
1236 442 76 98
828 712 96 80
646 810 104 88
1328 118 86 76
828 312 76 98
1060 134 76 102
1294 434 96 84
598 484 104 66
1388 388 98 88
186 144 92 78
1678 42 108 94
494 278 106 62
1638 736 84 84
826 410 78 108
1614 136 132 74
882 60 94 54
226 592 98 84
1304 570 68 110
772 120 102 54
142 624 102 68
690 48 92 90
432 284 80 82
1270 814 84 86
1156 250 72 74
704 728 92 72
624 400 92 86
250 818 142 66
1224 60 72 68
1050 976 104 78
478 350 96 74
1560 712 88 110
432 202 134 78
802 854 114 82
400 272 58 90
44 690 88 68
0 546 138 80
1030 808 90 94
118 850 120 78
1016 60 100 56
14 858 102 94
400 148 96 76
682 910 116 82
1444 120 80 76
648 352 90 70
1324 60 94 74
966 946 74 104
634 168 74 106
246 508 168 68
1720 216 128 72
316 678 88 104
280 292 96 92
230 74 134 74
230 328 104 94
656 126 94 82
382 864 114 68
34 424 96 48
84 0 116 58
1692 158 92 84
178 698 92 90
520 890 76 94
418 352 90 100
598 72 84 84
604 652 56 96
1556 166 78 108
142 526 94 90
1236 698 128 76
180 296 110 68
18 118 106 68
610 296 136 72
1508 164 58 108
1638 552 90 82
1704 820 110 78
1168 142 58 66
250 774 128 44
598 238 80 74
24 308 84 78
198 248 134 60
172 934 100 92
262 448 102 62
1158 412 82 62
618 544 108 100
304 902 90 98
1694 518 98 72
108 46 102 92
808 964 76 90
364 6 94 42
1162 686 68 68
332 452 104 72
260 120 100 40
440 84 96 84
24 486 138 66
400 464 46 66
460 124 100 84
0 6 62 82
1214 756 92 72
784 6 74 42
40 8 88 106
650 266 106 60
258 142 106 78
848 944 78 80
