860 648 60 70
1078 302 76 70
756 906 50 68
882 176 50 76
778 254 56 74
1238 280 84 56
994 534 72 52
706 166 68 58
1042 392 54 74
870 308 64 58
800 74 58 62
922 152 56 66
1282 482 84 46
592 654 80 44
1420 96 80 60
816 574 82 48
326 988 80 52
872 802 64 58
1178 102 84 72
114 226 84 60
1620 184 74 54
1512 406 66 62
664 366 60 52
1178 490 82 44
624 198 70 66
1500 570 72 48
1644 670 68 66
1028 650 56 58
262 274 96 60
1566 344 66 58
1428 460 76 42
1308 564 70 48
1072 646 50 76
1076 232 72 50
992 874 54 66
1468 180 64 72
334 574 72 62
1198 220 68 42
680 692 90 38
612 858 66 90
290 8 68 70
1616 622 64 60
426 958 78 46
1060 930 52 60
942 828 64 50
664 620 82 34
324 510 62 60
778 732 54 76
1298 208 64 58
1102 380 54 74
1016 732 64 40
1334 182 78 40
1424 14 62 72
772 554 58 66
1046 504 70 44
1176 446 96 48
1432 252 72 50
448 896 70 60
224 98 82 60
46 270 102 62
482 276 70 50
1162 664 60 60
726 344 60 54
214 672 66 44
238 554 70 44
688 870 74 48
590 172 66 56
834 364 56 54
706 406 64 38
364 284 80 48
44 542 88 78
600 78 70 50
78 906 90 60
1012 96 68 42
664 436 54 44
730 532 50 72
258 612 64 56
434 416 86 42
1580 408 58 64
436 694 96 50
426 130 64 50
1438 712 58 72
90 774 100 46
1612 236 86 76
206 0 70 44
894 426 56 52
344 54 64 68
1582 24 84 72
890 386 50 44
654 526 60 70
352 220 80 46
1620 492 62 56
32 448 86 50
1172 320 56 52
800 432 62 72
642 60 62 54
1446 876 70 76
1692 596 82 48
698 466 80 42
572 380 64 42
576 786 60 56
1172 744 72 38
450 750 64 52
770 344 48 58
944 962 70 42
416 848 72 52
490 536 70 64
422 238 80 40
470 818 66 54
1642 542 74 40
40 710 86 56
14 154 90 74
438 80 90 48
1102 904 46 76
800 734 20 58
1380 698 54 44
768 404 64 42
1736 162 86 60
116 436 74 38
738 508 56 62
1498 12 76 86
628 516 50 78
1376 228 52 58
1720 140 88 48
1430 60 66 40
1120 184 50 62
0 514 82 62
1160 374 48 72
1158 794 60 46
1050 144 70 54
400 230 26 44
388 90 56 52
1556 496 70 32
1724 250 92 78
1038 778 64 46
1786 724 72 50
1166 78 44 92
630 0 82 46
