1540 614 104 62
1000 480 82 64
1504 552 114 58
818 606 110 56
930 596 90 56
1136 198 60 96
1566 446 90 86
1094 478 72 80
736 658 100 72
1300 788 78 72
968 256 82 92
406 816 82 94
1012 684 78 72
864 318 72 82
1320 448 72 78
984 774 86 86
1678 688 94 86
446 604 92 80
712 592 76 74
1708 528 104 66
1552 118 92 58
1032 366 54 86
1446 210 104 74
982 944 94 72
1148 308 58 110
766 304 100 70
828 836 92 82
1074 358 86 66
632 366 102 64
1150 846 56 100
1086 914 74 62
1336 216 84 100
1520 174 94 76
1570 12 80 92
1072 722 96 58
1452 660 116 72
1110 622 84 64
1352 642 74 72
362 598 88 72
1312 552 70 68
834 464 64 90
774 162 86 100
1368 584 82 60
1070 140 98 62
1248 720 76 66
626 840 98 82
1424 362 88 64
1228 404 106 58
1116 756 82 78
352 920 118 72
1230 626 78 68
1318 74 76 90
1630 346 106 60
176 86 104 72
1068 272 88 74
900 174 106 74
418 174 86 90
708 88 112 54
700 222 68 92
244 884 86 96
1476 72 92 68
1528 804 118 50
1362 506 104 56
1624 614 104 70
916 354 76 70
460 860 100 82
1320 714 112 54
968 390 68 84
182 224 138 74
778 378 100 68
646 480 78 66
720 888 94 74
466 40 90 76
1366 410 106 60
1382 102 88 64
1058 666 86 48
1298 894 96 72
1296 648 74 64
602 238 70 116
594 148 74 102
278 810 88 106
614 136 114 68
476 928 112 60
1046 94 68 72
626 230 88 86
66 492 94 78
444 526 110 70
150 496 120 54
918 22 104 44
638 748 116 50
1654 238 98 78
1676 190 100 62
720 32 92 60
1738 114 88 100
800 954 72 92
1408 140 126 70
1472 900 84 62
1412 850 92 76
1684 440 86 52
40 588 80 108
886 456 58 72
850 400 108 60
10 308 126 80
1494 20 90 52
38 18 116 88
122 734 120 78
1226 60 68 78
1422 668 64 108
1432 972 98 62
80 180 112 88
290 618 106 100
1740 312 76 74
1544 868 68 88
1220 494 64 70
1234 898 76 90
976 854 66 92
230 296 92 94
1702 272 82 78
184 438 106 60
1114 66 74 74
1606 166 98 90
394 72 94 78
718 966 86 70
1150 524 64 58
1620 410 78 60
1650 770 92 98
400 462 86 84
732 426 64 92
792 540 102 58
130 812 96 88
654 926 74 62
658 690 96 58
48 682 110 74
1226 990 86 68
1692 486 86 50
1166 592 88 52
1716 60 122 78
600 94 122 54
604 582 74 86
1734 792 66 72
14 492 68 68
344 126 86 88
1602 874 108 70
616 16 92 52
120 136 120 68
54 950 110 74
536 236 54 82
1016 866 86 60
548 862 56 76
1216 752 60 82
404 288 122 66
1212 874 64 70
498 100 80 60
168 888 86 102
602 680 72 66
310 442 100 44
492 320 76 72
1220 204 46 100
594 60 104 58
30 112 98 90
50 768 102 90
1214 816 66 52
