1406 278 54 64
1398 430 66 46
778 336 44 72
658 196 64 78
1100 262 62 54
166 802 70 42
666 570 58 54
616 370 72 42
18 270 72 60
1498 264 54 68
1530 782 64 58
146 264 80 56
1588 706 80 52
608 718 54 62
950 268 50 68
1572 248 60 56
1326 60 66 62
104 446 96 34
1610 284 58 56
1400 652 56 50
106 774 62 50
1578 52 74 76
934 344 62 50
454 350 64 50
748 434 52 56
416 400 82 44
812 126 78 50
610 228 60 60
486 524 56 56
1512 374 72 38
972 650 62 38
1576 452 64 46
1048 694 54 54
590 440 70 44
1106 376 46 66
684 662 52 62
1196 218 52 58
1562 206 80 42
1096 642 44 68
370 800 70 38
712 516 66 40
960 404 62 42
38 576 72 58
1700 270 70 58
882 778 58 46
1472 790 60 52
918 458 60 42
982 812 56 52
1664 322 70 60
920 404 44 54
806 744 62 42
134 494 66 50
572 86 98 76
574 282 56 68
482 280 72 54
22 646 90 48
1664 774 60 58
862 818 66 48
108 956 96 40
700 768 52 52
1262 498 56 50
1606 352 64 46
618 898 56 62
1204 172 66 42
654 750 56 46
974 708 68 42
602 548 76 34
1580 482 66 46
1186 106 52 62
1656 612 88 44
1062 770 48 68
616 838 54 58
976 472 66 40
14 154 88 66
1116 94 48 54
936 988 66 54
1166 692 72 46
34 450 78 46
1290 788 50 54
1060 36 80 50
1334 490 78 38
732 636 50 62
1030 368 40 62
1252 126 46 56
1078 580 50 54
1116 530 40 60
1068 502 44 66
1040 492 44 76
40 712 84 52
1044 950 54 52
26 358 80 50
88 910 78 56
482 838 50 50
712 722 52 48
1610 172 60 54
1178 756 58 54
102 544 60 42
1162 778 56 64
764 724 50 44
1794 546 74 64
160 554 62 56
1648 518 86 46
1662 466 82 46
472 780 54 46
1046 398 52 68
1170 534 28 46
1018 730 46 48
358 836 54 36
1712 362 82 42
1118 186 52 52
1086 772 50 76
1226 772 58 44
1246 826 52 50
490 322 68 38
1188 930 54 64
1678 864 64 46
800 642 22 50
798 674 52 52
1680 686 60 66
614 76 78 52
