1274 538 76 100
834 680 98 72
824 288 84 106
846 610 88 82
1118 326 82 96
1060 704 108 60
750 504 106 72
1126 862 74 90
1212 260 110 102
1220 340 80 82
1340 492 76 96
962 880 102 90
1334 840 100 90
1120 588 74 94
930 282 112 84
1350 220 94 90
1070 642 92 68
1418 320 84 94
400 214 152 56
842 542 102 64
1540 888 108 64
1446 196 60 126
1228 382 140 76
668 482 80 90
896 916 88 76
848 442 102 68
1068 472 114 64
1706 502 116 68
972 492 108 84
1244 70 96 86
792 124 104 82
1646 442 94 70
1064 412 84 66
1238 708 100 72
896 484 74 98
1498 262 98 82
1452 18 114 70
986 404 96 88
1360 762 108 70
976 358 90 66
924 352 64 110
1072 154 110 76
1470 522 96 82
1474 810 84 96
816 16 94 80
720 402 86 82
1340 102 118 82
400 646 110 74
976 212 82 62
498 776 98 72
1274 160 126 80
694 878 118 92
1096 508 102 62
1570 108 154 70
740 320 98 80
1538 288 112 76
864 764 84 98
430 734 116 74
1354 650 72 98
88 164 126 82
864 184 100 94
1608 704 90 90
1350 60 90 70
1470 610 102 70
936 566 102 66
666 48 110 88
922 606 72 76
724 16 100 58
1084 88 76 78
166 306 140 66
936 156 82 80
796 398 80 102
330 624 68 120
720 126 80 92
1546 668 102 74
916 60 88 50
1224 630 108 80
838 928 80 112
1042 944 134 68
1482 702 82 104
414 166 114 52
1220 878 90 84
1144 744 62 128
466 606 128 78
0 218 124 82
1218 596 50 90
1314 302 86 112
1708 236 126 68
1614 358 114 74
1230 1000 106 60
1280 774 88 98
232 434 120 84
74 120 166 60
1406 674 92 80
1224 488 50 96
1092 750 66 94
506 230 84 80
20 112 96 76
208 722 130 116
660 136 72 78
1702 894 106 96
1448 866 76 100
226 646 114 82
852 392 96 58
628 328 124 66
1044 24 82 70
640 768 114 86
1546 728 88 98
90 648 156 68
44 962 100 62
30 408 94 66
216 188 136 68
172 560 166 64
1734 294 96 72
34 304 134 84
140 842 84 114
404 98 110 76
138 492 132 68
630 560 96 100
338 814 114 76
88 228 128 84
410 500 116 68
1706 144 142 88
984 112 88 102
502 690 96 78
1622 286 98 82
1224 22 44 92
1144 60 66 70
624 664 122 88
278 310 114 76
524 832 72 90
26 682 112 74
1536 572 94 66
1780 12 70 100
1680 798 112 92
424 948 90 64
1336 932 116 88
1590 610 98 68
0 764 68 100
1020 78 78 82
644 282 106 52
640 854 86 96
1546 826 78 78
198 0 100 92
400 900 84 72
318 460 106 80
1688 370 108 80
604 744 66 100
312 546 134 66
236 100 96 96
1496 334 76 104
596 244 50 100
1558 20 110 42
242 60 166 62
78 500 104 100
1674 626 102 104
1234 956 92 62
354 970 96 84
406 292 106 104
1702 18 104 94
530 300 58 96
1520 476 106 92
1580 166 110 108
312 158 130 66
2 880 106 88
624 200 76 92
1614 960 90 84
1754 610 66 96
498 122 80 76
696 202 94 80
1292 692 72 70
504 918 80 112
400 12 92 52
176 946 108 66
1490 62 94 88
596 142 48 90
400 538 46 64
