902 384 62 98
1406 724 90 72
1096 588 72 82
732 766 84 92
1064 414 106 56
1586 106 98 76
1278 714 78 68
1576 258 102 68
782 290 82 102
666 726 94 68
842 284 100 64
1088 476 70 78
1608 696 86 66
1082 704 74 80
938 568 78 78
1496 40 106 80
942 200 96 84
962 366 74 72
1160 308 60 96
1388 158 70 86
1502 584 120 76
1096 200 88 68
1442 188 84 94
1368 986 110 72
1230 642 96 70
356 788 126 62
992 318 110 56
634 660 106 80
1282 850 96 62
1542 742 96 74
844 732 66 74
988 700 94 66
770 614 64 82
1718 704 98 70
1634 544 88 64
1628 12 92 56
622 210 120 80
976 488 88 74
410 246 134 70
1244 172 86 76
1370 398 98 62
1122 764 58 72
936 744 80 70
1454 410 110 74
1316 190 92 66
1022 268 92 54
1302 20 92 72
960 936 102 74
1398 548 100 76
1036 812 82 54
1304 420 66 80
1342 478 88 66
1228 42 62 78
618 126 100 86
444 106 80 100
1346 252 84 88
832 20 72 58
352 60 102 80
1090 916 66 60
1572 470 90 52
504 478 78 86
1664 152 100 76
1156 596 60 78
812 514 74 100
338 914 88 94
1060 856 70 82
880 774 72 76
404 544 110 62
1260 404 60 70
398 310 128 58
1662 80 114 70
1716 802 92 96
894 606 68 70
1232 466 74 76
822 604 58 92
278 120 124 84
616 422 98 52
510 732 94 72
606 466 76 96
860 490 58 74
734 494 98 68
1654 268 154 56
1300 264 68 88
1750 120 92 86
1226 752 66 70
236 434 100 52
856 644 80 76
1638 452 118 94
390 488 108 56
1722 212 104 58
378 444 84 56
218 0 92 96
56 0 88 108
318 610 78 88
492 816 86 68
1168 474 52 100
1406 60 106 92
166 508 112 54
1080 24 90 62
804 412 74 66
1222 310 50 98
1586 814 92 96
66 958 88 66
168 300 104 94
630 60 98 96
454 730 80 88
60 684 90 66
378 590 96 86
692 924 92 82
376 680 124 72
466 608 100 60
1240 924 86 54
80 182 88 94
122 598 92 78
240 618 100 56
826 380 82 72
1248 116 122 62
482 212 112 66
756 416 76 70
1508 856 80 72
12 292 94 96
470 660 90 70
516 350 74 94
26 110 106 78
1148 878 58 62
158 548 100 72
280 252 90 96
1646 368 176 66
1182 208 46 92
50 482 120 80
614 804 58 68
0 480 80 74
1078 166 96 46
126 892 108 82
1226 852 64 78
628 886 120 76
472 994 94 54
150 190 122 94
1082 122 88 42
1466 876 72 96
108 140 140 70
2 554 58 82
1290 74 78 46
710 430 68 56
396 952 102 60
1216 496 58 72
1552 920 112 70
186 836 138 58
1156 828 52 60
368 330 98 80
66 760 118 60
96 306 104 86
210 708 114 96
1638 614 106 70
1664 882 98 88
1160 42 60 72
478 930 96 62
1244 970 80 50
1754 312 80 66
46 772 74 106
1238 342 90 78
618 16 78 50
38 580 90 96
