1352 590 50 58
1482 750 72 38
380 304 60 50
146 148 64 60
1346 692 52 44
66 306 60 50
1356 206 64 36
1274 52 56 58
260 118 66 46
82 824 60 46
1666 318 64 52
416 204 74 34
184 912 50 50
1456 864 48 46
34 382 72 32
270 240 44 60
1436 906 56 42
1206 628 58 40
426 432 56 44
1002 94 74 32
494 316 58 38
1662 762 60 50
822 244 58 46
1632 576 84 44
314 278 48 54
1642 654 114 50
840 396 68 36
1572 484 52 46
934 312 58 38
946 616 54 40
1344 364 58 38
892 842 44 32
1262 846 54 44
1370 260 64 34
654 246 50 40
1284 500 60 36
1230 574 46 44
78 260 80 34
1374 302 56 40
356 960 38 42
1544 618 58 38
1618 510 54 50
1060 216 58 44
1254 316 44 52
1664 528 62 50
198 736 60 34
722 402 38 52
1008 522 48 56
874 898 38 40
964 132 66 38
914 774 62 38
706 282 54 40
754 240 44 50
660 898 42 50
208 336 74 36
1006 404 28 50
1330 288 42 52
390 410 56 42
204 382 60 36
114 1010 78 36
158 268 58 54
1010 696 60 36
1066 144 70 32
466 814 62 34
944 656 32 46
970 832 32 48
488 370 56 40
710 224 50 42
808 912 38 34
1188 932 38 40
222 98 50 58
1242 188 60 38
1270 424 60 38
720 866 38 36
292 656 40 50
156 688 42 42
1482 492 62 36
672 744 42 36
680 668 58 38
1242 16 42 64
1174 392 30 44
1198 278 68 34
1002 758 58 36
800 350 52 36
1184 332 38 40
914 492 56 50
336 842 52 44
340 424 46 50
766 864 32 42
810 720 30 50
400 676 42 32
696 818 54 28
1340 0 48 50
1176 966 44 34
1064 398 46 36
1222 476 40 36
1090 580 48 46
798 646 54 40
692 1004 36 40
1048 446 32 38
500 944 58 34
464 850 40 36
598 552 56 46
800 318 30 36
948 388 46 52
924 958 40 38
966 440 36 40
1198 62 56 52
1014 866 42 36
628 584 38 36
824 312 50 36
412 498 58 30
1436 410 40 56
500 866 42 34
210 560 64 32
774 316 42 30
1056 484 40 32
1042 264 50 38
1050 312 38 36
742 156 46 54
1066 316 56 42
1054 886 38 38
956 996 38 38
272 978 42 34
1264 250 60 40
760 960 36 40
242 626 36 36
1724 298 56 52
386 824 36 40
612 696 48 46
286 480 38 50
1188 838 56 34
998 802 36 44
808 888 36 38
474 706 40 38
252 56 62 54
1000 376 40 32
182 80 54 56
860 732 42 34
1052 542 30 50
964 936 46 32
1020 824 42 32
706 906 44 32
1080 536 56 36
408 860 34 38
1178 768 60 66
1234 442 40 32
764 688 44 30
538 558 40 36
712 722 32 40
1694 154 88 72
280 924 36 40
886 698 40 40
744 754 46 32
396 912 48 28
210 24 64 46
1244 134 50 44
1018 358 46 34
338 902 52 26
850 862 44 32
26 162 78 60
818 218 38 38
752 640 38 40
1184 1014 38 38
1226 62 46 20
1338 408 32 42
1104 852 34 42
1488 438 64 48
1124 234 40 30
850 776 46 26
1070 932 36 42
1772 808 54 36
1036 846 50 30
1782 854 60 42
232 484 42 32
814 870 46 34
800 154 60 64
1212 162 30 36
1022 334 38 40
48 648 60 40
1800 708 52 52
922 664 38 38
754 670 40 36
208 122 56 20
1480 414 66 40
804 944 40 32
970 124 52 20
