1084 246 64 44
1596 156 64 40
190 298 80 32
680 340 66 36
1510 554 70 42
140 176 54 62
1178 288 96 44
1338 650 64 46
354 182 54 50
40 566 62 46
186 394 68 34
1634 756 74 42
1706 268 66 56
128 254 54 50
152 684 50 42
336 2 66 58
1046 196 54 54
860 244 38 66
1810 380 70 60
1506 744 68 36
788 428 68 30
202 142 58 38
692 810 36 46
764 602 52 40
68 518 56 52
760 148 48 48
880 920 38 38
242 884 52 38
752 812 46 36
1782 492 84 36
1216 718 36 36
108 648 50 44
432 294 58 30
1024 920 42 34
1780 868 62 48
854 852 38 42
432 334 48 54
770 938 38 36
1604 726 58 32
708 616 54 50
772 830 40 36
1530 788 56 38
1578 946 68 44
892 612 34 44
1186 504 52 32
1794 964 70 38
1076 508 40 52
924 432 34 40
824 946 40 34
934 556 54 36
860 500 58 34
876 368 32 48
202 834 62 34
800 596 20 40
1820 686 74 30
866 176 38 52
914 672 40 38
934 894 64 38
780 766 36 40
1074 148 34 44
692 728 36 42
698 972 36 40
268 170 48 64
1650 460 102 48
912 798 40 36
1796 588 84 34
1456 350 80 28
926 592 46 32
748 852 34 44
432 666 38 52
900 600 40 38
680 822 32 48
1080 450 40 38
1238 792 46 30
486 130 68 52
324 704 58 34
1028 708 68 36
800 710 38 36
1182 382 34 46
474 650 46 30
1208 124 74 56
1166 750 40 28
1578 968 60 54
222 768 64 38
1544 844 50 36
1272 764 46 28
848 650 42 36
776 870 34 48
804 754 40 36
638 250 60 38
590 542 58 48
86 888 68 36
1202 752 42 32
774 846 34 46
1046 774 48 28
842 668 42 34
418 604 36 38
396 638 40 40
1818 898 70 42
1744 162 50 54
132 822 52 40
594 678 58 40
474 944 44 60
496 882 36 40
1056 72 36 42
1224 946 46 30
92 906 66 38
448 952 30 46
1180 968 44 36
732 760 36 34
150 942 62 34
36 214 88 38
1310 780 46 34
324 920 56 34
776 672 36 40
460 590 30 38
94 278 52 46
1230 1010 46 30
480 596 46 36
162 850 54 44
1038 962 44 32
1158 690 38 36
