238 774 174 62
1050 430 128 60
710 342 102 68
1312 844 62 126
1038 480 90 92
796 324 112 66
1564 462 72 120
976 260 102 80
1128 494 92 78
1418 422 68 122
1394 152 106 58
1484 212 72 128
1040 738 70 90
966 564 70 110
22 780 92 108
84 884 132 78
1268 518 66 116
870 266 116 68
1366 60 72 68
1064 18 120 48
612 174 148 68
452 188 86 94
620 730 104 86
1340 542 68 114
710 594 110 78
250 208 158 78
1216 324 96 94
628 586 102 84
942 866 116 74
8 552 104 94
1092 314 82 100
1280 188 106 76
614 352 98 94
1024 162 94 92
1124 288 90 82
1008 70 62 124
1106 58 96 86
1274 70 84 106
1028 668 128 76
840 180 118 92
638 230 112 84
124 744 88 126
1100 556 100 70
956 468 94 90
828 766 74 112
788 240 108 82
630 914 66 128
1086 188 104 90
120 572 88 98
1308 342 96 100
650 658 116 98
1446 396 124 72
1240 406 86 100
1586 338 74 110
882 668 104 78
892 568 90 100
864 398 106 80
1728 624 104 90
794 504 94 102
176 684 108 86
20 112 104 78
940 936 130 74
1524 668 94 92
332 138 98 92
1726 308 102 88
102 504 98 74
766 370 102 86
874 488 82 106
928 22 104 62
1202 16 80 102
1708 230 130 80
400 820 88 92
1394 290 64 106
866 840 98 72
788 688 118 82
40 686 104 70
304 464 138 68
1734 8 106 78
202 314 102 92
912 798 124 60
150 68 94 98
1700 420 152 72
432 760 118 66
182 0 88 96
1528 18 84 74
408 262 110 86
800 890 156 82
456 548 132 68
968 366 94 78
1124 834 84 96
1588 18 132 66
1664 488 74 108
914 338 84 80
852 14 86 60
1430 826 102 68
1454 890 110 68
674 120 98 78
280 352 112 70
1226 202 70 124
772 444 94 66
400 634 44 88
1026 582 112 86
140 446 110 80
604 32 64 126
1090 744 82 96
726 490 108 64
598 120 76 50
1388 728 82 96
328 640 108 80
0 472 82 70
6 186 110 88
1416 60 106 88
1626 164 112 108
0 290 58 76
1634 298 120 84
204 156 124 86
232 634 100 84
1166 204 52 118
186 506 102 90
752 52 90 74
584 224 84 96
806 104 96 84
388 722 98 94
1492 958 102 70
256 934 128 78
448 896 138 76
634 468 122 58
288 32 92 96
740 154 116 76
472 368 118 86
864 76 116 74
1562 100 68 122
1654 946 108 86
1398 572 150 82
42 964 116 74
184 916 102 80
1380 198 104 86
392 952 132 82
468 814 92 98
106 202 146 64
1160 404 84 72
878 120 82 32
512 124 70 112
454 18 98 118
384 520 106 94
1658 812 110 62
1222 784 70 98
1358 956 98 76
434 120 90 58
354 60 96 78
1682 710 126 78
1554 874 64 56
1510 774 92 98
270 552 134 74
228 0 118 42
664 980 82 78
1446 708 70 120
514 634 94 108
286 830 112 68
1722 510 106 112
388 296 92 100
140 254 132 78
1610 736 94 110
1624 120 86 60
32 416 98 52
248 604 162 62
670 784 162 78
