362 52 114 88
1064 478 114 78
264 156 130 74
1230 458 118 56
938 120 82 88
1060 838 104 70
1218 300 66 106
1452 630 88 98
1028 138 114 76
486 876 106 82
818 622 90 108
1052 406 98 86
232 662 118 66
1596 380 118 74
1316 552 112 78
950 786 74 112
1488 318 82 94
994 246 118 88
1240 118 116 80
296 234 86 108
468 466 100 76
494 316 92 102
1008 614 146 70
1336 60 82 74
342 808 74 112
432 216 106 86
820 294 122 80
1530 626 108 68
802 180 102 84
660 746 104 84
436 580 134 74
686 610 116 74
736 328 62 132
714 186 100 88
40 788 108 100
1104 296 88 106
154 688 92 98
1232 498 66 90
706 544 104 70
612 574 112 58
504 798 96 86
76 574 112 92
1658 596 82 96
1356 196 138 78
176 616 124 68
846 84 74 116
1226 60 72 72
792 390 108 74
168 444 90 94
1330 380 114 84
848 444 90 78
274 758 104 74
14 112 116 76
720 106 120 84
98 258 74 112
38 682 108 76
1016 70 90 76
316 544 128 88
724 902 102 78
942 916 82 114
1510 820 90 82
1642 242 116 100
654 866 84 100
1482 60 152 74
72 42 120 82
1418 452 134 68
590 60 112 64
1072 682 78 112
390 344 122 80
1490 134 98 96
1098 60 74 106
8 220 114 80
626 174 80 102
818 718 90 104
58 954 88 72
0 494 78 76
84 0 128 78
654 280 110 84
256 484 100 96
992 22 98 46
1068 896 78 94
606 402 116 64
1538 422 80 98
1714 794 100 92
1432 356 82 104
650 498 118 78
1730 612 104 88
62 476 112 92
972 478 88 90
1390 832 86 98
758 718 76 108
816 918 84 110
1608 456 86 100
192 780 112 86
132 824 76 102
490 522 102 66
1636 866 106 80
1692 694 104 98
1574 132 86 94
592 756 72 82
394 860 98 88
1670 38 96 102
1656 178 132 82
1096 22 92 50
762 510 76 84
1724 500 86 106
598 490 74 76
868 516 82 76
1460 566 154 64
0 556 90 90
298 442 122 76
824 494 56 104
684 962 86 96
1226 736 112 88
598 132 64 98
970 542 98 66
652 14 84 56
346 970 110 80
1404 60 96 60
1148 836 58 86
1696 304 96 112
800 20 104 36
1178 22 46 86
1166 468 48 102
1742 120 118 54
526 120 58 52
886 568 96 66
504 406 82 64
400 546 32 84
664 462 110 48
1744 4 74 48
