1074 598 116 68
966 712 98 76
888 328 94 68
940 810 86 108
964 522 92 70
1616 556 140 54
778 278 78 96
440 674 126 60
966 350 92 78
1326 120 110 70
1078 438 96 96
262 74 100 92
646 236 84 94
186 880 116 80
1228 442 74 108
1482 18 112 70
758 596 76 94
1002 816 100 70
838 290 80 74
1298 510 96 98
850 14 76 92
1246 232 86 110
1056 740 106 76
1100 870 92 90
1308 312 86 84
1464 470 112 78
716 340 98 74
1378 610 86 80
922 902 104 78
972 584 74 106
990 120 84 70
1234 86 110 66
800 802 74 80
624 946 102 72
1064 122 116 76
460 728 122 70
894 20 92 78
828 108 66 120
1096 202 80 108
758 396 100 68
308 308 136 74
946 428 100 68
1002 14 98 88
1444 264 72 106
1454 666 126 58
1394 528 126 70
302 2 114 84
758 700 104 78
650 764 82 100
840 596 70 116
400 674 62 88
132 120 130 58
1610 474 96 58
1304 192 84 96
36 852 94 104
1230 958 96 54
854 404 94 66
64 768 100 90
656 586 110 84
354 514 118 64
0 484 108 78
754 22 112 66
642 890 76 64
342 252 120 70
266 666 90 72
1368 964 94 64
1136 758 82 106
1142 60 74 74
774 510 80 86
1460 590 108 76
96 470 110 90
1162 234 72 96
1632 390 176 62
1504 282 126 84
898 110 68 116
318 812 128 86
758 464 96 60
1364 288 90 66
600 188 78 88
150 164 148 78
448 16 120 56
490 226 76 110
384 912 72 102
80 0 162 66
940 224 94 88
276 514 100 68
720 742 68 110
114 880 84 92
714 898 72 104
852 482 108 66
178 662 96 98
44 964 102 68
1644 276 156 68
1560 832 96 62
20 194 120 86
628 492 90 88
1554 614 100 78
1212 776 80 88
510 578 86 96
606 854 70 82
1346 402 120 60
1604 322 84 98
12 568 78 88
648 156 84 64
46 688 96 66
1572 424 102 64
1646 754 86 104
1650 200 144 60
1218 16 70 104
1598 116 94 82
266 722 112 78
1546 918 114 52
1414 378 106 58
484 96 72 118
1752 298 98 90
1538 150 90 112
326 442 140 64
366 570 110 68
1756 524 76 64
170 724 80 102
400 738 86 76
12 116 120 70
464 460 74 92
1018 922 62 122
1692 60 94 100
248 416 76 76
834 512 88 98
400 812 38 90
602 752 56 96
1402 844 76 86
1140 950 72 66
372 100 102 84
1574 16 82 84
68 582 118 100
116 302 96 98
1778 74 82 76
728 140 62 108
1210 890 82 62
408 982 108 76
650 406 88 84
456 898 106 86
1304 848 92 92
332 154 80 106
1700 692 88 88
1154 682 72 74
1622 656 90 100
1674 898 78 58
1534 738 120 82
1492 824 78 80
132 956 118 62
1772 714 52 84
596 20 78 48
652 92 76 64
506 506 66 58
1420 808 82 64
32 406 100 64
1440 752 72 68
0 834 44 102
20 304 112 72
