1594 322 104 78
818 614 118 50
724 672 104 58
1328 308 94 62
720 252 88 70
982 282 62 72
1026 650 86 56
1330 208 100 60
1538 590 100 58
750 498 86 60
198 474 88 84
1102 742 68 68
720 918 94 64
1144 500 64 78
954 496 90 58
238 246 96 64
318 554 90 64
788 782 92 66
922 732 78 80
1490 238 108 62
1128 860 68 86
838 544 92 50
716 730 70 62
1120 618 52 74
1256 538 78 72
850 894 92 76
1058 440 78 56
1078 382 66 64
640 468 98 50
694 124 116 62
774 350 72 64
1294 848 86 52
134 728 114 56
1072 176 76 72
300 426 130 58
648 284 72 88
1106 332 94 56
988 718 76 60
794 116 110 60
644 694 82 56
1292 364 74 66
1550 454 106 46
324 344 112 70
872 252 86 66
214 614 104 76
1560 802 72 84
428 266 108 66
1458 892 86 56
1244 130 84 52
856 306 90 50
962 806 74 72
1432 456 70 76
1016 192 78 102
638 826 86 68
718 792 70 56
1268 722 70 82
1326 30 112 78
1046 296 82 66
468 330 106 74
986 558 88 72
500 500 74 72
1454 654 96 58
1022 136 72 56
726 20 102 70
1638 218 120 66
1432 830 86 52
1346 902 86 58
210 560 112 56
1678 738 118 58
874 800 102 74
944 362 52 84
420 546 74 82
868 344 96 46
122 58 116 76
616 182 106 76
616 336 66 74
1346 574 86 78
1318 424 64 86
694 386 88 64
1582 236 80 84
790 200 68 72
370 162 96 72
1520 60 82 64
602 534 116 58
632 394 84 64
400 668 84 72
392 110 108 64
1386 616 96 62
630 602 120 50
1398 776 110 44
860 70 80 76
490 248 92 46
36 772 116 70
1624 698 82 54
1332 726 84 64
704 328 82 52
1230 68 52 74
940 446 92 42
804 420 82 50
444 768 114 42
854 382 78 66
1420 948 82 62
1298 662 70 68
462 80 76 78
1236 932 92 52
328 194 68 98
826 478 68 56
1644 58 104 84
120 654 122 62
322 628 122 54
1530 402 82 54
1244 176 78 50
512 198 76 50
890 464 74 82
72 956 82 66
74 184 150 66
1660 868 84 76
1470 416 88 50
994 926 84 92
1370 438 64 64
838 180 68 80
1000 60 94 50
1566 92 96 70
478 608 110 50
602 744 68 52
272 784 96 78
1216 488 72 46
1696 620 82 88
1188 600 58 82
978 26 92 42
1512 306 52 82
1640 598 72 56
86 506 94 86
474 720 96 46
1724 232 86 90
46 592 106 82
432 812 102 52
266 714 100 50
1730 366 76 56
1640 792 66 70
984 396 60 66
1586 750 76 64
530 896 78 72
1046 840 74 72
336 678 76 78
272 158 90 60
78 316 120 74
44 122 92 64
1648 538 78 80
152 872 80 64
524 678 74 52
38 494 68 74
608 660 62 72
600 284 44 54
1190 26 44 88
604 124 52 76
516 32 68 68
1182 316 76 96
1220 204 48 88
1164 146 50 60
1210 776 52 58
6 546 102 60
14 310 74 64
1070 948 64 52
68 686 78 56
362 832 92 64
58 412 82 52
1078 22 62 44
402 900 84 56
1710 474 64 80
122 406 112 44
14 16 120 84
212 862 84 82
1456 276 56 78
1690 136 104 82
612 844 54 76
408 10 102 72
