938 274 82 104
1082 182 82 106
966 18 84 80
938 556 114 72
886 718 92 68
1030 86 118 66
1494 670 110 62
966 488 108 72
624 390 112 70
1626 212 122 62
1060 350 100 82
1238 318 126 68
976 738 88 78
848 650 94 70
1374 288 104 78
1540 276 118 72
814 238 108 78
966 616 106 76
1044 440 106 80
1068 612 112 78
886 406 64 120
1452 282 92 88
634 588 112 58
1380 562 100 76
1264 554 74 104
622 538 126 48
1042 508 68 100
852 798 90 90
322 44 114 80
1490 934 108 78
1002 670 102 78
714 186 102 96
1322 590 88 96
1054 810 120 90
794 138 106 94
1332 412 114 74
1588 36 70 116
1616 798 106 72
1374 722 98 80
628 60 90 80
1446 780 112 70
1058 918 88 74
434 816 132 70
1072 740 116 68
478 878 122 72
1628 150 118 62
1098 292 78 94
664 636 90 84
1728 142 78 86
800 296 108 86
194 602 114 78
20 110 108 80
1322 814 86 96
758 542 78 110
310 930 94 92
744 736 102 80
270 700 114 76
1152 314 64 84
400 760 140 70
42 580 102 106
1720 296 108 68
742 820 108 94
900 44 96 94
1344 762 96 90
872 868 110 92
1466 374 108 82
122 676 132 80
638 196 92 102
1160 60 66 62
1618 388 114 66
1610 522 112 76
140 548 130 80
640 130 126 84
1328 174 114 92
732 640 82 82
800 516 140 74
1494 832 138 72
1376 120 104 62
1476 20 104 62
1340 58 74 84
480 698 86 72
344 144 132 64
454 80 118 86
256 280 114 92
1386 232 106 70
1514 126 92 104
1276 106 92 88
1284 874 82 110
400 372 90 80
1220 742 80 82
1290 468 84 94
1630 314 112 80
396 900 84 102
592 266 98 76
444 178 98 62
310 0 120 62
1472 506 112 96
1432 676 82 108
656 770 98 90
1254 704 92 100
62 832 114 84
166 444 82 104
46 954 102 72
418 242 100 58
52 0 104 112
490 226 86 60
1400 28 98 42
1676 886 158 82
672 874 112 74
424 26 118 80
1476 592 120 84
508 380 82 90
156 340 98 90
1710 532 122 60
1250 388 78 88
718 412 116 78
1648 588 80 100
146 870 122 86
1236 234 116 84
482 340 106 58
350 666 142 58
652 926 90 92
1276 48 74 64
1580 704 102 68
610 650 62 94
470 936 124 82
1474 886 102 62
308 364 110 70
1676 702 92 94
274 626 108 76
1304 372 78 100
214 494 116 70
382 700 116 64
1588 970 100 84
1162 824 58 104
608 850 72 110
606 492 124 56
44 226 116 84
0 768 158 56
1222 468 80 80
122 244 144 66
652 706 108 72
1144 506 82 56
824 686 76 110
400 614 88 58
428 296 102 66
346 292 118 68
0 248 60 90
1470 76 110 82
1722 788 90 88
256 176 106 78
750 950 94 70
150 120 96 60
240 746 86 106
262 446 104 60
18 298 106 84
400 62 44 64
1430 944 82 110
48 688 92 68
514 628 114 48
174 144 126 70
1664 956 116 88
1724 654 92 70
508 130 82 90
200 226 134 74
1164 406 62 74
1410 846 104 66
1364 928 76 70
592 24 48 78
232 0 106 92
332 202 86 76
512 278 72 70
728 702 86 78
1706 48 94 102
1706 344 92 94
1714 120 80 34
1744 206 104 72
132 184 116 66
354 496 96 66
1226 584 72 118
170 754 80 110
424 490 102 54
1638 60 98 50
1452 208 88 84
