1318 662 76 44
202 200 74 50
1678 128 78 80
1118 238 92 46
1090 736 68 54
404 458 72 54
1064 406 50 72
1122 614 66 46
1216 386 102 46
286 62 104 78
806 928 104 54
912 460 78 48
974 486 50 64
504 60 74 64
886 314 70 62
622 80 82 68
48 118 96 72
1228 436 74 58
1676 272 94 64
616 212 94 60
1104 462 60 52
146 64 82 48
428 694 78 58
282 166 82 66
1140 54 52 86
1088 170 84 46
1476 954 72 64
1166 564 40 72
4 486 110 74
496 284 70 72
1120 866 62 92
326 502 64 62
108 762 94 54
1516 60 70 44
1414 60 72 68
72 684 88 58
442 650 62 42
1672 510 106 58
1472 20 62 52
1070 74 66 62
76 950 84 60
1678 708 84 74
508 908 94 98
458 308 64 70
50 770 64 46
1622 338 114 60
1736 60 92 52
1100 910 56 68
