920 296 106 62
1018 284 114 60
762 570 80 88
1222 662 112 54
1050 828 96 76
1396 254 102 78
52 482 110 88
1018 428 80 88
458 276 98 74
1502 712 110 74
858 474 96 84
996 580 106 64
1234 348 74 84
820 548 112 50
814 140 110 76
586 158 88 84
900 634 68 72
988 328 84 94
844 770 78 102
184 148 80 116
1040 502 80 88
1094 220 112 76
482 198 108 78
1122 298 72 112
1368 618 86 98
614 532 124 70
908 736 94 76
1718 562 102 70
920 542 64 102
1048 124 106 84
418 336 122 66
774 24 116 80
1240 116 132 64
950 532 98 60
826 590 76 84
1378 398 92 90
400 254 80 98
1548 336 82 88
1574 648 104 72
926 360 76 116
444 586 112 64
426 112 88 94
1374 166 96 72
1076 900 66 120
1230 438 138 60
350 864 118 70
1608 368 76 68
1482 336 82 122
1460 616 118 90
746 800 86 90
316 794 90 104
1602 110 100 76
230 554 116 66
392 10 100 76
508 716 88 94
462 50 76 72
210 884 122 80
442 820 92 96
936 866 80 114
350 428 114 52
724 498 112 60
226 620 118 74
1070 658 70 72
848 860 106 76
1220 474 90 66
1542 468 96 74
774 108 102 78
1390 740 108 80
308 662 126 76
1158 588 54 92
226 734 104 86
428 504 114 68
618 266 102 86
1382 814 68 114
16 116 110 68
1108 60 110 76
448 648 102 92
732 884 82 106
1196 302 70 106
986 60 94 40
590 60 90 64
1256 788 94 72
1596 542 72 100
1238 172 96 76
1430 492 80 98
1242 846 94 64
382 752 118 80
602 88 64 82
784 916 98 80
1722 314 118 106
802 694 100 62
614 918 142 84
1336 910 78 88
1432 854 84 90
1508 20 98 60
1104 592 66 92
1626 306 110 74
642 450 98 88
628 646 106 96
1256 30 90 108
312 580 100 74
1520 496 80 96
1150 468 62 120
1234 922 96 84
684 140 110 86
1402 52 120 78
462 906 110 68
252 414 88 90
814 404 76 78
1212 600 84 68
250 204 124 62
1590 206 82 100
1516 82 84 100
1722 740 94 78
1224 712 108 62
1676 32 82 94
522 70 58 100
356 928 90 88
314 110 138 80
214 490 98 80
1216 878 74 82
1220 728 62 124
116 622 104 92
508 840 80 106
14 182 114 94
42 952 108 80
106 286 142 82
1632 780 106 74
82 66 132 76
814 730 98 62
314 478 126 76
240 0 84 104
678 818 82 100
412 958 110 82
314 250 98 60
996 928 104 88
1674 428 114 76
1204 202 64 98
1670 240 142 82
400 486 40 74
258 292 102 56
1540 186 80 102
1698 202 128 70
0 58 124 46
1668 162 116 60
1760 60 102 66
234 60 84 30
40 692 100 66
0 260 136 72
