254 152 106 88
444 626 98 96
950 318 82 90
724 98 128 84
1414 124 96 94
1112 494 102 88
878 194 68 120
818 682 100 116
1006 20 116 64
1218 422 136 76
236 320 106 86
620 528 134 60
1428 500 90 108
1294 542 72 112
1072 80 98 72
766 306 94 104
1704 702 118 68
1576 546 78 100
1486 22 110 82
1210 580 78 106
656 132 70 114
1552 212 76 108
1210 744 68 132
54 276 86 114
606 576 124 68
124 206 112 86
486 768 108 82
920 616 142 78
1098 232 114 66
860 308 90 96
1340 742 76 106
232 210 74 110
1222 172 118 96
1312 124 72 112
634 60 112 58
664 726 102 84
1354 594 102 88
944 684 88 104
1212 352 150 76
1050 142 76 106
912 538 100 84
804 16 100 74
1656 506 84 96
282 270 110 84
868 124 120 74
830 882 102 92
1232 70 108 88
1618 730 114 70
422 798 80 104
672 334 104 70
838 798 94 106
1508 342 108 80
138 294 88 106
668 242 76 106
1306 222 78 112
946 188 76 100
214 0 86 104
196 674 108 80
1598 312 116 90
754 230 88 104
424 546 82 98
698 804 74 104
1048 676 90 86
1352 306 110 88
888 626 88 106
822 510 84 102
1338 680 130 76
1248 830 100 104
446 230 124 78
252 860 112 88
908 18 104 72
146 446 86 108
1012 394 98 100
956 98 108 88
1718 174 100 98
1004 292 102 88
912 772 106 74
1064 594 108 94
376 162 122 82
1226 914 112 84
1466 558 92 96
1062 352 116 70
730 886 106 92
480 106 94 90
1420 750 104 92
652 376 98 88
1616 392 110 66
1310 478 130 78
1138 288 74 96
960 872 104 84
908 842 82 106
1644 448 140 66
320 900 86 108
834 388 116 76
982 796 108 82
1558 456 88 92
1400 968 96 90
1514 150 116 82
474 924 98 100
864 444 106 92
792 594 94 102
1248 276 114 88
1494 822 70 110
962 446 90 98
300 610 128 80
1450 306 68 110
1158 20 62 90
1068 258 82 100
1554 66 100 92
616 820 92 114
1018 502 84 102
466 458 82 94
646 892 96 100
1106 768 88 128
1716 306 118 102
744 406 98 80
108 712 110 100
1434 642 118 78
1614 666 122 70
1064 876 82 96
800 446 78 60
106 112 136 82
1678 624 108 88
208 518 92 92
642 470 100 60
228 450 114 82
1468 418 142 74
280 512 84 108
4 0 96 100
1460 708 108 88
620 652 114 90
1710 572 102 86
16 594 124 88
1710 250 140 64
146 614 104 96
1466 954 98 66
350 528 90 90
800 120 64 72
582 188 92 58
1314 60 156 66
1714 60 136 64
288 0 134 54
1558 810 96 90
1478 246 78 102
1216 294 62 104
1144 540 68 100
96 0 126 62
602 276 82 88
390 952 90 94
290 754 136 78
1036 952 102 70
338 816 94 98
474 372 94 92
1762 94 84 94
1538 698 82 102
604 664 66 112
8 112 120 78
70 778 108 82
108 564 114 78
1596 798 112 66
1734 516 106 82
714 946 78 114
1734 800 88 112
0 320 66 78
