1566 196 80 42
972 286 56 60
812 180 72 54
670 236 54 54
1194 596 70 50
768 792 56 52
296 814 62 48
434 722 72 50
736 256 54 66
830 334 46 66
1674 194 84 42
622 100 76 44
650 572 72 38
688 802 66 52
984 676 46 60
776 582 42 60
1030 438 68 52
1312 192 50 64
1236 212 66 52
712 640 48 62
918 596 58 62
1698 276 82 42
752 362 64 48
1296 848 64 54
1060 132 56 52
462 520 66 44
442 414 76 42
444 214 78 48
102 680 94 40
1590 246 66 46
896 710 66 38
162 598 76 50
814 434 54 44
830 480 74 40
974 598 74 38
838 534 56 44
118 238 78 48
1206 722 68 52
586 708 80 70
736 488 52 42
1012 802 44 62
1114 368 44 70
1680 248 76 42
112 934 102 52
176 760 84 36
1080 360 46 68
1806 560 92 46
1200 154 62 40
922 946 58 50
634 372 68 44
1102 528 48 62
592 8 58 68
496 92 66 58
1040 916 66 36
584 148 70 46
398 568 56 40
166 406 66 48
820 846 72 34
1042 768 60 38
602 286 54 64
586 840 96 44
218 394 50 56
766 892 76 52
292 2 54 62
468 648 72 38
12 154 82 72
468 148 76 34
1782 914 78 44
1682 554 86 58
1178 494 48 64
680 336 42 58
34 458 76 38
44 712 82 56
1098 190 42 68
1162 1000 80 38
0 516 84 56
1716 394 68 48
1114 72 46 62
1800 724 80 46
412 632 62 38
150 806 68 48
470 282 96 48
614 332 62 44
580 590 50 40
800 502 24 40
468 178 78 40
1082 782 50 66
34 642 72 36
1798 464 88 50
1164 268 54 44
1660 60 78 48
408 692 58 36
354 34 60 58
1754 152 50 64
1242 0 70 30
808 874 62 50
900 592 44 52
400 0 64 54
1662 964 62 50
368 62 40 26
900 990 64 64
1804 776 80 42
