924 630 44 30
844 272 38 36
1018 760 40 34
1112 530 40 40
844 152 40 38
950 256 42 40
1062 852 44 34
1228 350 40 38
866 308 46 32
252 132 84 36
1352 144 46 28
1618 172 82 36
1032 210 38 40
1304 600 32 38
902 240 46 30
804 182 38 42
1246 538 38 40
938 200 42 32
948 282 36 36
1054 630 42 34
1286 756 36 38
674 736 38 32
908 124 40 34
906 146 40 36
972 254 50 36
1094 902 46 34
1056 532 44 30
956 734 40 42
1296 316 38 36
1002 940 40 36
1188 620 34 46
910 210 48 32
760 158 46 28
944 126 44 32
272 948 42 32
138 898 42 34
1090 210 40 36
1064 600 48 32
1114 60 38 36
1120 100 36 34
1168 666 42 32
920 328 38 46
198 856 46 28
1166 700 30 46
1442 318 48 28
1094 338 50 34
880 966 42 32
602 66 38 28
982 322 48 32
950 104 42 40
1014 458 42 34
1084 192 44 32
820 120 58 20
252 860 36 34
1626 836 82 42
136 944 48 28
596 264 36 36
76 334 30 44
1088 758 46 32
1804 474 38 38
1680 470 52 44
850 764 38 34
228 416 38 34
1100 498 42 34
930 942 48 30
140 566 42 36
1106 226 46 34
910 994 36 34
1224 4 32 40
144 696 44 32
1010 106 50 34
1026 380 42 40
1606 624 44 28
1070 926 34 38
922 312 40 34
834 100 50 34
1142 2 38 32
1064 434 32 38
950 430 54 26
444 814 44 30
802 812 48 28
1632 894 76 40
1124 644 34 36
600 308 32 38
1188 178 34 44
1256 206 52 38
122 70 60 38
952 70 44 34
1160 760 36 34
136 612 44 32
972 334 44 34
956 790 42 36
58 554 44 30
968 60 50 20
1166 954 38 36
1606 932 48 32
54 570 36 34
794 166 32 38
1062 138 40 40
1614 998 74 46
692 1004 44 30
1002 72 40 34
598 366 40 26
92 586 40 32
886 720 42 34
518 104 48 30
868 842 34 34
964 292 36 32
