1004 162 44 30
860 738 34 42
1052 272 46 34
1026 518 40 36
232 506 40 38
950 730 38 34
1252 438 34 38
1260 486 42 32
916 880 36 38
1128 538 30 46
1004 246 38 40
950 706 42 30
1308 380 44 32
800 724 34 46
988 104 44 34
1176 438 48 30
1014 396 46 34
1076 548 36 42
1312 418 44 32
884 704 46 30
1696 158 74 58
1422 644 46 28
1094 662 42 36
200 728 40 30
210 342 52 28
1054 140 44 30
850 890 42 34
138 526 44 30
1264 290 50 28
662 838 36 38
1246 200 40 30
1030 908 40 34
1656 364 82 34
1042 390 44 34
712 868 46 30
116 352 34 36
1098 430 50 28
1068 86 36 42
162 612 38 34
884 408 46 30
754 198 56 34
758 932 44 30
644 902 42 32
1658 470 38 34
214 586 40 34
870 670 48 30
922 102 44 36
1208 202 38 36
1798 352 38 32
1826 308 68 38
310 194 48 40
94 588 42 32
386 578 42 30
868 176 48 28
966 956 38 36
1090 918 34 50
266 580 42 34
952 60 52 22
878 622 48 34
1210 224 42 28
784 132 48 28
1116 340 38 46
1634 840 76 40
1122 378 34 42
1668 330 68 40
270 122 48 30
1812 212 66 32
1756 922 40 34
958 464 44 32
130 590 46 30
1004 456 48 34
1114 492 40 32
1508 448 42 32
1078 934 32 42
1816 378 40 32
1186 184 36 36
1286 2 40 28
970 750 46 34
1180 470 36 36
240 306 44 30
1046 126 44 26
1650 772 44 50
682 36 46 60
990 734 54 32
244 30 38 34
990 66 44 38
1194 774 42 32
1158 890 42 30
1178 164 30 40
850 98 38 34
84 878 56 44
1796 810 62 30
596 86 70 58
