922 374 38 38
958 252 46 30
984 412 44 30
1050 386 44 30
938 302 48 30
1364 690 36 38
434 308 34 38
832 338 42 32
1436 692 44 30
1108 548 36 38
1008 676 44 32
434 770 50 28
186 544 42 34
1056 500 38 34
416 196 40 38
1046 250 44 38
1316 730 46 28
474 160 40 36
994 274 40 34
464 352 48 26
1062 222 48 34
778 848 36 40
1492 344 46 30
984 616 38 38
1026 226 36 40
1186 496 46 32
496 954 36 40
1072 910 40 34
296 926 48 26
140 490 42 32
518 822 38 42
182 572 36 38
834 846 38 38
662 824 40 30
988 254 42 34
354 920 44 28
286 692 32 38
1106 388 42 34
1102 264 46 30
1108 338 48 30
642 272 36 32
1362 412 44 30
72 640 46 26
1164 394 38 34
1110 24 38 38
492 396 46 32
160 454 32 38
88 530 38 34
534 180 36 40
420 958 38 32
390 728 40 38
1370 452 40 32
1090 84 42 32
1088 184 44 30
656 738 40 32
1472 672 38 32
1378 110 48 26
794 872 42 34
96 380 46 34
170 648 46 26
420 366 38 32
1076 208 46 34
722 738 44 34
454 396 48 30
1048 442 40 30
1640 426 56 38
156 354 38 34
98 892 42 32
114 318 42 30
600 856 44 28
1498 658 46 26
188 154 36 34
1098 164 42 30
684 382 36 32
1094 870 36 42
1694 136 54 40
38 372 44 30
1168 936 34 32
494 990 32 42
1102 684 36 32
1108 194 40 40
1680 254 60 36
526 546 42 34
446 372 38 32
1830 698 60 36
498 668 34 36
160 406 48 26
94 256 44 30
84 358 44 28
78 286 46 32
36 256 52 28
1110 224 36 34
88 328 40 34
518 666 54 30
