928 138 42 34
974 574 42 32
980 638 44 32
992 174 38 38
952 504 42 36
1474 360 36 38
168 644 54 24
856 72 46 30
1064 230 52 30
696 264 44 30
286 130 36 38
1124 98 42 32
920 334 52 30
1056 534 46 34
286 268 36 36
122 384 42 34
204 470 40 30
1196 532 40 34
970 224 42 34
598 262 34 36
914 86 36 44
1630 228 40 36
1116 268 40 34
1028 732 40 38
416 136 42 30
1044 60 48 20
942 48 38 34
1106 644 44 38
1072 888 46 26
232 44 36 42
1032 204 48 30
260 0 44 26
52 594 44 30
1020 248 44 30
1206 882 36 38
136 316 48 28
1036 594 42 36
592 122 34 32
78 562 44 28
1164 734 30 42
988 104 44 36
1060 102 46 28
1666 522 54 40
598 214 36 34
80 382 36 34
1052 186 50 26
930 394 44 32
1636 362 40 32
94 204 42 32
1782 690 72 36
200 160 32 36
962 314 48 30
1068 394 42 36
956 384 38 34
170 520 50 32
72 298 50 30
1672 572 40 30
1058 142 44 36
244 532 34 34
1060 262 42 42
1056 346 52 28
1054 382 44 28
1686 374 48 40
1698 272 54 52
158 340 40 34
940 322 50 28
40 614 48 24
1030 100 48 32
186 102 40 38
912 120 38 24
1158 864 24 48
920 380 44 30
1018 488 48 34
1782 800 80 32
600 312 40 32
174 60 50 24
38 628 48 26
1056 166 46 30
1056 432 42 36
370 534 38 28
980 336 42 34
1012 324 52 28
1102 364 44 34
1066 604 42 38
986 236 42 28
938 410 40 30
1110 200 40 34
1070 558 46 34
1110 410 46 28
936 344 46 34
952 458 44 30
1058 120 48 22
