900 116 74 74
882 348 108 52
982 348 76 68
1028 228 92 58
852 204 56 80
964 222 62 100
894 256 62 78
990 72 64 78
1018 946 72 60
724 102 92 56
696 548 76 66
1362 76 56 70
652 74 74 96
1716 24 90 64
1468 248 106 58
224 482 98 70
182 230 90 52
1092 98 86 62
890 62 92 54
1640 344 116 60
468 658 76 86
1630 726 90 48
784 576 72 62
182 950 104 58
298 778 140 58
1082 460 104 56
1038 322 96 46
628 212 70 60
1642 204 88 62
1508 926 70 58
706 320 84 58
1122 600 76 50
712 30 96 58
92 94 138 54
932 604 76 44
1592 124 74 42
60 500 102 56
986 540 84 48
204 884 100 68
756 284 80 54
1224 712 102 46
446 482 90 42
172 292 98 62
1550 812 80 38
182 156 78 72
714 254 68 46
66 956 92 64
1676 476 92 48
118 248 82 88
320 594 82 64
1522 614 88 50
1484 540 82 62
404 574 116 56
718 702 70 70
1228 470 78 64
28 116 104 80
1578 162 74 90
1216 642 100 60
638 694 88 80
1236 432 86 40
1232 70 58 62
1114 892 46 74
632 814 112 56
638 900 80 64
104 842 88 62
100 758 128 52
1578 22 66 52
1162 202 54 94
520 918 86 60
748 444 96 52
1642 626 58 66
26 596 110 76
1730 286 78 64
66 690 86 62
1240 888 88 46
1718 538 66 64
1506 738 108 42
1766 128 54 56
180 650 76 86
530 206 62 58
1720 628 72 68
520 368 78 60
126 0 106 58
466 846 76 54
1232 742 54 78
124 558 90 78
1444 52 82 62
1708 904 86 62
1694 154 92 60
516 830 98 78
1538 472 68 44
1076 990 64 54
1096 720 58 48
1234 932 96 64
