1368 628 106 58
1026 682 82 72
1250 734 114 64
1104 750 80 70
1422 406 100 62
968 228 112 60
1084 462 72 64
1672 512 92 74
838 168 100 72
1578 244 88 82
1280 836 96 62
1246 76 100 78
1354 200 78 92
1634 22 104 86
1650 170 94 98
482 132 86 78
1126 590 86 68
378 96 88 76
1496 648 76 60
1564 94 102 98
1072 100 90 80
1684 86 106 76
1522 748 82 102
1086 656 84 56
1474 334 80 70
702 132 94 80
1152 478 58 94
1260 234 106 84
990 450 94 64
598 142 66 60
1552 678 66 52
1230 146 118 74
1562 340 100 84
604 18 130 60
1452 270 90 86
1412 60 114 82
1226 308 96 58
1136 868 64 74
4 6 106 96
292 136 94 100
482 62 94 72
1682 810 110 46
1678 748 88 52
1390 432 70 94
742 46 100 78
1084 890 82 70
408 16 104 88
1726 606 92 62
1654 430 88 72
0 198 86 90
918 18 76 76
452 360 98 74
1720 904 92 72
1290 972 70 46
1166 750 48 80
1230 26 64 106
1560 898 110 76
448 424 126 52
618 296 132 64
66 200 110 80
1728 670 70 64
1228 490 56 94
24 114 112 80
400 416 58 78
1168 684 58 62
