154 80 84 116
1430 270 74 112
1362 514 68 120
1324 334 74 114
266 186 112 82
1570 256 86 94
774 132 106 112
890 734 74 112
224 34 86 110
1498 366 116 82
1014 714 132 70
930 108 86 94
1628 626 98 98
812 504 96 92
950 270 88 94
756 50 100 94
1716 302 112 94
1716 850 110 66
1016 160 140 84
296 138 130 78
718 310 82 104
14 488 114 110
936 558 122 68
782 870 78 104
1410 506 114 82
1086 20 90 80
354 550 138 82
1020 120 126 52
1222 60 86 88
310 264 92 108
1406 772 88 98
1230 356 98 74
1568 534 94 92
790 300 108 88
778 242 110 78
354 74 108 82
912 16 100 94
310 618 120 76
1222 772 138 64
414 352 114 82
236 634 98 96
878 312 88 94
934 598 74 110
1238 646 96 98
1588 748 106 86
980 670 96 86
1634 480 108 86
1062 626 120 80
1744 496 90 106
1014 232 104 88
1478 922 130 76
1338 850 62 130
1668 378 88 96
1068 352 80 102
312 752 140 70
1244 508 94 88
1626 130 64 120
478 770 106 88
1554 650 84 102
1240 142 120 82
1640 950 90 102
940 498 132 70
1134 308 88 86
1344 72 82 118
484 16 84 88
1504 60 96 46
268 704 92 102
78 278 84 108
1472 614 112 76
906 848 140 86
974 764 94 102
440 704 134 74
314 488 104 86
336 680 146 72
636 250 112 80
468 254 90 100
460 572 84 110
1414 122 78 88
1386 410 96 90
846 434 78 106
692 204 110 80
1754 14 118 70
1556 66 104 98
1754 98 90 66
1130 766 82 92
892 918 94 88
1376 900 82 100
606 322 70 124
446 446 112 100
1534 450 76 118
470 96 80 106
174 274 96 110
1680 772 98 94
1134 228 86 92
8 108 104 80
140 474 136 72
1244 430 92 86
122 200 104 94
1106 860 88 96
1050 924 82 100
620 114 124 80
168 580 130 76
1538 834 88 100
1652 712 120 78
32 682 96 80
1224 868 98 94
778 586 106 88
800 648 70 100
984 374 102 80
310 928 114 84
120 734 114 90
626 550 88 100
40 0 116 110
1222 732 108 62
612 452 108 92
838 630 76 116
60 588 124 80
26 200 100 86
702 582 114 74
1712 906 100 86
1040 762 86 106
686 514 120 82
994 432 96 94
502 610 82 112
1428 20 98 92
1726 606 108 84
198 816 128 84
1496 148 128 82
38 962 104 76
710 638 74 108
642 640 70 128
970 942 74 110
898 422 86 110
1124 496 96 88
1726 982 82 76
428 854 78 106
624 916 80 116
370 4 116 80
112 532 108 78
480 944 104 96
400 120 68 56
8 316 98 78
400 60 80 38
0 170 40 98
1724 156 148 78
748 408 66 116
130 864 110 80
924 348 74 104
330 0 68 52
1750 388 78 108
1316 924 64 70
992 20 100 40
478 904 108 80
