1380 346 62 80
412 806 50 80
156 226 98 60
460 830 68 68
1092 238 62 74
148 170 92 50
1046 358 80 50
948 356 52 62
1490 300 60 68
208 854 62 70
1492 376 96 48
716 364 70 48
112 346 106 64
956 278 56 74
1586 274 86 56
1044 472 72 40
896 272 56 66
1078 520 68 50
1556 12 98 56
820 856 66 58
592 388 78 42
1214 328 82 54
310 862 52 70
1030 168 88 44
420 1002 64 54
146 984 100 48
1212 414 68 78
1034 764 78 54
784 338 50 74
1384 612 56 56
108 512 96 46
850 262 46 66
738 214 72 44
748 922 52 66
1048 684 58 62
842 506 74 38
1336 384 56 66
332 994 60 60
252 246 86 44
1194 214 62 56
928 930 62 66
560 120 64 64
600 184 92 84
1010 204 60 56
150 0 112 60
1212 272 68 46
914 988 64 50
588 70 80 54
282 112 84 56
1276 422 68 58
1104 650 42 66
624 828 60 70
18 154 86 66
764 264 70 42
864 726 62 50
150 590 82 38
6 582 96 64
1534 156 68 90
1050 918 50 66
608 434 74 70
1420 88 96 54
830 312 50 74
584 650 102 46
1052 114 72 44
1186 122 72 56
1574 98 68 82
334 910 78 40
1358 0 90 62
338 814 78 42
148 680 78 60
906 602 66 48
488 306 58 70
1260 238 58 80
862 624 56 54
1204 554 52 84
418 528 106 40
1056 22 58 60
1016 1016 56 44
1198 80 70 44
1062 62 52 22
930 590 62 38
30 516 96 72
678 828 62 52
1166 374 48 50
1350 852 62 50
1004 756 50 46
52 978 78 50
674 898 46 62
380 310 78 44
34 898 100 56
1236 524 54 56
412 372 52 52
40 708 88 52
34 458 86 42
516 388 40 32
0 232 70 52
818 552 56 52
166 640 68 40
118 460 80 42
1256 710 58 42
802 246 26 48
1276 490 72 38
718 500 66 54
578 302 32 44
