1026 716 128 68
1434 408 176 74
1026 662 120 64
796 270 82 110
732 488 110 72
1328 570 86 102
734 194 92 94
876 462 62 130
936 556 104 82
1468 468 76 114
870 654 104 66
950 624 104 62
816 606 122 68
960 166 72 116
1316 480 140 64
1312 34 76 122
1510 170 94 102
744 112 102 90
1458 74 76 112
1026 520 98 86
456 102 102 90
1634 456 90 100
718 708 92 84
1034 590 96 72
1332 338 80 114
472 282 86 94
952 458 100 80
20 200 108 96
340 66 102 102
1334 218 124 90
348 344 112 82
186 804 78 116
342 162 102 102
1266 692 102 66
460 200 108 82
1358 708 74 112
718 634 114 80
44 958 102 76
1244 262 68 114
250 924 76 112
1714 490 96 100
1082 346 82 98
926 878 126 70
330 638 82 112
1158 60 64 60
1472 346 140 74
674 298 110 76
1268 136 66 112
972 792 94 86
1048 272 116 82
622 170 116 78
1224 60 86 78
1274 808 114 80
644 346 84 100
1558 72 78 104
1026 198 90 86
600 648 80 114
806 512 82 108
288 850 134 76
992 336 82 108
786 56 102 70
854 720 126 72
1150 766 64 94
506 916 88 92
110 24 78 110
1030 132 104 80
752 438 124 58
1702 726 118 92
678 594 74 108
242 292 86 100
1414 934 92 66
792 396 118 70
1534 912 112 66
18 768 106 108
1368 120 100 62
1284 952 106 86
640 518 86 108
1628 16 114 66
1498 14 98 88
1462 274 132 80
384 886 120 84
122 750 160 84
948 272 64 118
404 944 104 90
1532 704 132 66
1452 618 92 90
1348 420 130 64
248 0 146 80
1132 224 82 104
1394 320 106 82
654 686 80 96
826 754 106 82
590 466 86 90
358 258 110 82
1360 158 104 90
800 940 58 100
1636 928 68 90
412 562 108 82
1016 394 84 92
1542 470 96 90
1084 848 88 114
1598 748 92 94
4 26 114 62
488 44 82 92
1222 542 124 78
1552 856 114 70
798 892 92 80
236 114 104 90
614 60 84 94
930 936 106 84
624 14 110 52
1530 628 112 84
958 74 96 84
830 318 116 82
484 452 90 96
800 830 86 90
638 116 120 66
14 112 102 78
1236 732 78 106
1548 776 70 96
1448 698 118 74
1676 868 86 104
1060 434 102 92
282 792 142 70
884 56 100 92
1614 380 108 80
288 222 100 96
400 492 84 60
1624 66 146 62
880 256 76 114
1108 574 104 92
1592 262 84 102
180 60 130 76
86 824 94 98
682 850 90 66
1698 810 126 80
1374 970 96 84
276 552 78 116
112 510 92 102
676 48 92 76
388 818 112 76
1432 824 80 100
676 246 94 72
736 18 76 66
1362 836 88 82
1300 120 76 42
1232 502 126 56
470 776 72 110
26 406 98 78
1636 112 124 90
146 622 158 70
1664 280 114 64
1680 550 104 84
32 684 102 72
154 680 98 78
1520 556 164 72
1016 18 78 94
1772 302 78 96
1648 594 78 114
610 234 80 104
70 0 92 38
650 780 72 108
352 564 82 74
1622 230 128 58
602 766 66 82
246 456 128 76
456 700 86 98
194 528 114 68
690 896 74 112
1234 444 90 78
626 906 80 86
800 200 36 94
1724 238 88 88
580 38 50 88
244 650 84 104
398 718 72 108
518 530 80 78
1144 852 134 70
534 704 52 118
158 958 106 86
1738 128 80 110
322 426 104 74
588 398 94 60
