934 530 104 64
1110 190 78 92
1116 502 80 84
702 668 90 60
856 958 92 78
832 280 74 86
624 170 80 88
1042 198 86 82
1234 366 86 76
1020 652 68 96
1316 536 82 90
490 790 82 80
1074 358 106 62
982 852 84 56
614 628 144 56
864 518 98 78
1594 134 104 84
1330 468 128 50
756 226 94 70
1054 502 70 82
1246 96 88 76
1228 442 100 80
1052 598 92 50
1460 186 104 70
720 316 108 60
756 576 110 54
1112 742 70 92
1506 302 102 76
680 822 94 72
1466 830 86 78
1000 740 92 82
1262 158 70 108
716 726 86 70
976 906 78 76
1718 324 100 84
648 276 84 84
428 60 98 70
1580 334 114 80
1076 660 72 80
338 466 134 58
874 144 66 108
1442 422 70 62
226 660 104 66
944 158 122 64
788 516 78 58
1574 508 80 86
358 616 110 64
1476 256 78 72
432 806 70 94
844 834 102 52
1324 24 108 82
932 754 70 98
1572 714 74 102
602 718 92 74
1370 948 78 100
1296 968 84 90
1082 888 60 72
774 60 84 76
1070 454 114 60
1222 726 90 68
228 120 96 56
1086 86 60 90
142 796 114 70
130 0 76 50
1218 300 80 74
1052 936 72 86
1128 34 60 92
1478 502 92 100
294 494 82 92
322 676 72 94
1376 138 82 74
1390 330 106 72
934 62 72 106
102 468 122 62
1032 438 88 60
1232 672 122 60
884 638 74 76
1634 478 124 50
860 876 76 82
672 888 86 88
1674 72 102 68
434 642 102 64
1312 210 126 70
588 120 118 56
1496 676 70 94
1028 120 86 66
1516 422 110 60
246 732 98 92
794 404 92 68
66 578 88 102
1686 234 118 72
266 274 102 86
24 118 96 68
318 974 106 68
430 534 124 68
1382 664 68 88
478 188 112 64
0 0 132 78
328 846 106 82
1606 616 88 62
1414 744 98 68
894 706 74 88
180 606 94 94
1666 638 84 70
1620 406 112 62
1592 822 90 64
1646 568 104 60
1220 604 58 74
492 310 98 56
400 682 88 84
322 776 90 80
1712 440 94 62
482 926 80 60
278 0 90 36
482 870 92 62
1386 252 114 66
106 172 110 74
86 878 126 80
1226 930 90 58
400 362 114 70
1732 620 80 78
206 286 88 102
610 14 130 74
490 988 90 70
502 138 92 58
220 476 108 92
8 306 122 78
1714 714 98 74
1610 196 102 108
1634 770 92 90
1652 518 96 50
1148 938 62 76
1386 588 98 96
516 452 78 76
716 930 100 86
142 938 122 78
46 690 104 68
1422 54 96 78
448 448 78 84
1718 788 94 80
50 834 132 66
1248 24 94 32
276 76 98 76
598 338 70 66
400 848 38 70
1166 140 52 62
756 424 72 86
1232 978 68 82
1276 644 80 64
674 410 88 80
58 956 92 74
1184 34 46 84
418 952 106 62
64 196 88 90
626 886 48 78
680 524 104 96
1774 120 68 62
