1396 554 94 66
854 600 88 76
1626 532 92 72
784 384 80 76
1320 438 98 74
1078 632 72 98
1054 462 66 104
660 234 106 68
810 252 76 92
906 866 96 76
1070 908 84 68
170 248 146 60
436 644 134 56
826 330 108 66
1106 336 86 80
626 792 100 80
1086 196 96 76
766 806 78 102
952 506 84 68
936 958 84 68
708 414 78 62
742 284 92 94
910 334 114 68
748 56 94 72
862 474 102 76
1068 410 100 52
1650 770 86 68
344 718 98 54
1222 650 92 74
714 692 106 66
700 16 92 52
224 482 86 80
884 702 108 66
1154 782 54 64
320 960 104 68
216 188 134 66
1696 688 76 102
1526 420 86 70
918 16 80 84
1220 776 78 64
294 236 92 104
264 376 116 54
674 862 76 98
462 836 108 76
650 566 94 88
1126 520 88 80
936 380 116 74
510 706 94 96
728 562 82 102
1256 194 96 66
1324 374 100 58
234 880 108 68
684 508 90 68
1436 386 72 86
1244 466 84 68
1248 864 104 74
184 360 110 60
1370 252 122 76
426 746 98 82
184 810 128 78
1674 14 102 68
1590 198 88 98
764 962 98 74
322 632 92 84
1236 114 96 68
1150 840 54 82
214 936 106 88
96 568 128 76
390 222 130 74
22 116 104 68
1524 76 120 74
506 338 98 72
362 334 82 102
356 552 86 76
244 548 106 64
1270 378 72 88
1218 842 56 94
418 120 110 44
798 138 112 82
88 172 124 72
450 358 92 92
592 172 88 68
214 302 116 66
56 318 130 78
480 914 106 76
1662 198 100 86
26 14 106 88
1610 472 118 60
1734 276 86 68
1408 24 102 56
1692 594 100 66
1450 868 96 60
48 194 92 104
46 564 92 66
610 336 62 82
1386 802 102 64
1222 486 44 82
240 652 96 94
354 448 94 50
1218 318 58 84
400 878 94 80
1486 712 112 64
258 74 106 90
430 566 76 90
492 60 90 44
1634 890 84 64
132 904 114 78
602 60 60 94
62 956 92 70
660 708 76 88
1226 60 64 76
92 752 114 86
612 650 66 108
442 524 106 72
1696 60 132 70
442 466 88 68
620 440 82 42
1512 906 86 64
1450 654 114 54
1698 950 90 54
1602 830 136 68
522 564 82 70
1408 854 62 54
598 258 60 80
514 98 82 78
46 680 104 80
64 862 116 88
672 482 90 34
1720 638 96 62
1226 208 50 84
1574 930 72 84
1756 154 78 74
1758 120 74 56
1662 386 82 82
1156 282 80 58
548 958 72 72
1688 328 110 76
1146 430 48 62
