850 278 42 36
910 262 46 36
860 320 36 42
1124 254 32 44
780 262 44 32
980 468 44 34
982 254 46 30
986 192 42 36
854 632 40 32
882 170 46 36
1014 224 44 34
1060 596 48 32
864 94 38 34
1036 532 36 38
824 132 46 32
1250 498 48 26
910 180 48 32
918 216 40 40
792 188 52 30
912 198 46 34
952 736 44 32
928 392 44 30
980 814 46 32
1172 352 36 36
428 334 40 34
1190 480 42 30
1050 188 40 34
980 386 44 40
1032 276 46 32
974 320 50 32
998 600 34 44
1188 240 38 42
982 510 44 38
956 166 40 40
1544 50 50 40
1698 60 86 60
1004 202 46 34
1212 354 34 40
212 920 34 42
918 634 42 34
1078 368 42 30
1054 288 44 42
1480 258 42 32
998 138 54 36
1050 458 44 32
1786 814 80 34
972 96 46 32
960 522 44 32
906 158 42 30
1036 386 36 42
916 546 44 34
1072 350 44 32
1002 294 42 40
1032 832 40 38
1656 566 64 36
938 334 44 36
986 582 38 40
230 180 44 34
1090 74 40 40
1090 302 44 36
962 572 44 40
1634 812 82 44
1064 328 42 30
850 222 42 32
1638 652 82 38
1206 196 38 32
934 570 40 38
1828 468 60 34
992 372 42 36
974 366 38 40
1092 866 38 38
968 298 44 40
936 372 40 34
1794 744 68 34
132 358 36 42
1016 370 46 36
980 152 36 36
928 164 44 36
1466 344 54 40
420 380 36 34
948 548 40 36
218 30 38 36
372 246 32 36
980 120 52 20
990 240 50 30
934 658 46 38
1012 102 48 30
956 350 38 38
112 596 40 28
966 838 40 38
168 72 54 44
992 274 44 32
116 512 48 26
1048 62 52 26
1102 208 42 38
1066 468 46 30
1114 20 38 32
468 868 48 32
980 348 42 32
800 60 36 20
1662 432 78 38
1846 736 42 30
668 742 40 32
1646 842 60 40
