1104 200 92 80
934 724 104 80
1332 742 82 90
410 120 104 64
962 480 82 84
974 670 106 76
1080 478 94 62
918 278 110 80
1498 954 104 84
1064 414 96 70
450 540 110 74
1224 682 116 68
1078 342 110 70
330 314 80 104
976 424 100 66
1432 388 94 90
1126 588 78 96
858 614 84 82
1356 806 112 80
1060 834 114 64
520 950 88 84
194 164 100 100
616 320 108 86
166 714 88 102
860 526 90 100
128 836 142 76
1044 200 80 100
1068 162 106 58
898 804 118 86
766 876 88 92
1414 28 82 110
1456 818 82 94
870 442 124 78
382 608 78 106
732 400 138 68
440 896 110 70
1516 812 94 96
478 214 120 86
1064 634 118 80
1616 852 116 64
1246 530 90 70
1428 722 106 92
1240 310 84 102
1116 756 94 106
20 860 104 96
112 962 160 70
402 330 88 92
840 324 78 124
1056 120 120 54
1026 912 88 86
874 934 94 116
1214 738 68 110
1430 534 144 66
846 134 88 96
350 2 102 88
1406 222 106 62
656 514 130 66
260 714 94 94
1572 366 102 90
434 836 146 72
894 60 80 92
1510 86 144 84
1320 446 102 80
1238 894 114 78
1226 204 108 84
648 900 120 70
1328 524 70 106
476 352 118 72
1026 462 70 96
816 34 92 102
1384 524 72 106
1074 890 98 86
1246 466 84 70
518 126 74 94
644 60 74 46
798 520 80 104
936 126 100 90
1472 608 142 66
1604 570 78 104
400 742 96 94
1390 278 128 74
1556 666 82 82
646 644 120 54
1104 20 112 64
1716 114 112 116
968 930 78 116
626 808 90 102
684 228 98 82
1300 60 116 56
704 810 118 84
1652 780 88 86
1378 640 90 66
1624 144 100 70
100 146 108 84
734 474 114 62
604 410 104 60
16 110 110 76
498 476 110 56
46 682 98 72
1634 712 84 80
1220 622 88 66
1710 14 124 66
624 716 96 98
400 824 76 72
132 120 144 60
266 886 122 76
668 692 124 66
1228 592 114 52
1522 746 120 66
1608 446 90 92
614 220 104 68
454 14 128 54
638 568 100 86
150 278 98 94
1234 68 100 90
1524 294 84 86
438 648 114 80
238 60 114 74
108 654 172 70
1302 938 66 122
1762 234 88 68
86 324 114 82
1540 254 86 66
10 310 98 78
1470 320 80 84
82 232 108 86
1524 468 98 82
1482 666 94 106
508 614 94 80
1160 842 46 106
234 0 90 40
1616 238 80 106
728 560 66 94
1650 552 152 66
400 946 62 98
1480 222 84 88
1676 300 102 90
1648 652 128 82
1112 60 84 36
42 958 108 60
134 42 104 82
1560 168 96 88
1566 802 98 68
112 904 130 84
20 216 96 98
1588 16 114 72
774 592 70 84
16 568 100 96
1740 812 76 88
1676 244 92 62
16 14 112 86
1222 284 62 96
1184 60 54 66
1674 64 136 82
1222 490 58 70
1734 692 88 70
