1446 922 70 36
342 80 74 46
1548 756 66 36
432 178 64 40
1592 294 68 36
166 128 76 54
672 192 68 38
1530 200 58 44
134 156 52 48
442 676 60 42
1268 72 64 48
168 194 70 46
1458 706 54 52
1662 280 46 56
1410 108 44 64
1262 168 68 38
104 476 78 44
510 192 46 62
1440 102 60 46
978 114 50 44
638 104 58 56
88 658 72 38
770 542 58 32
1358 724 64 42
138 212 50 50
1066 294 44 58
1426 448 60 38
1682 512 68 36
688 872 56 38
854 624 40 34
1570 496 52 44
1772 720 70 42
722 588 60 32
1822 700 78 36
1590 0 72 38
1240 236 60 36
328 572 42 52
850 714 34 40
782 690 38 42
812 388 46 30
992 974 46 48
844 670 42 32
778 168 36 40
968 760 36 44
1114 256 34 40
1240 934 64 34
870 274 58 34
1052 816 44 32
872 788 42 32
222 652 48 30
686 398 40 58
792 202 40 32
830 222 36 44
1180 342 52 52
1282 660 40 34
1194 678 34 36
972 726 48 28
706 356 34 38
938 658 40 38
582 148 50 46
766 874 28 48
58 372 76 46
872 734 44 34
828 176 38 36
444 900 50 40
1594 190 54 38
384 748 34 44
1686 556 68 64
924 772 42 38
1484 472 76 32
868 770 44 32
1286 592 48 48
1622 226 58 42
1020 910 54 34
1186 400 44 44
1096 358 58 42
226 772 46 52
162 808 66 34
1072 440 46 28
800 326 26 38
1786 830 74 52
890 364 40 34
1070 148 32 48
54 802 50 50
936 356 46 28
400 96 20 38
916 722 44 32
904 620 66 32
420 354 60 38
1170 120 36 34
712 792 42 34
436 20 64 42
282 954 62 32
736 816 38 44
1194 562 54 38
460 740 64 46
834 864 34 52
1650 566 76 44
588 286 78 40
894 664 36 44
1218 146 34 42
1288 700 32 44
762 320 44 30
892 830 34 42
822 318 46 30
922 388 62 32
236 682 38 36
1042 852 38 38
336 652 62 38
308 740 40 38
1574 240 58 38
30 164 70 54
800 288 38 32
118 798 42 30
1208 226 32 44
328 708 44 30
1594 474 58 32
432 306 68 44
778 348 38 36
662 472 34 38
876 752 42 34
878 814 34 46
224 732 46 30
1262 600 36 42
1044 968 46 30
1092 536 58 52
1122 300 38 38
1170 786 44 28
800 308 28 34
402 262 60 44
744 360 40 36
1212 610 46 30
334 314 50 28
406 398 42 30
284 768 30 42
308 682 42 30
1808 344 70 42
330 782 42 32
1212 658 40 34
816 296 40 36
802 750 24 40
1728 292 60 38
824 194 38 38
