972 418 78 68
786 794 88 86
1482 718 76 82
786 378 80 68
684 386 100 66
1464 796 104 58
1588 812 114 60
860 516 92 78
1006 168 74 100
940 564 62 102
830 438 72 86
756 576 76 82
1504 190 86 74
830 208 68 108
682 254 76 82
1294 198 106 78
1538 584 88 80
680 826 92 82
746 510 126 66
986 564 74 102
1372 612 104 72
758 322 80 64
1380 676 110 64
1446 312 114 66
1056 504 80 82
266 172 114 68
1120 592 68 110
796 614 92 80
1298 410 96 74
1274 536 94 74
184 782 130 68
960 340 70 82
894 664 110 64
1038 912 86 80
614 650 80 78
1274 90 78 94
908 252 104 74
904 728 102 76
988 702 94 80
948 60 92 62
644 478 76 80
894 976 110 78
1228 372 100 50
424 566 88 96
1072 300 68 114
1372 132 98 76
354 104 120 76
682 558 96 88
1162 20 58 98
1300 604 90 68
1000 780 92 64
446 240 102 76
1334 788 78 96
782 20 82 68
908 326 70 82
1558 442 102 78
412 888 88 86
488 352 102 76
244 0 82 66
596 168 104 84
1346 544 112 62
724 442 96 50
1144 232 74 82
1724 922 90 58
1704 700 112 66
498 836 88 82
604 748 88 100
608 240 82 78
1430 468 76 88
1714 824 90 70
648 120 88 84
742 120 68 112
1718 642 92 66
1070 134 70 106
1290 688 78 94
1598 498 94 84
1228 210 80 76
348 950 112 80
1662 14 112 82
776 920 84 78
1216 586 58 102
1700 546 90 96
430 148 86 82
1348 864 140 80
1718 120 76 100
370 226 74 106
504 162 78 82
1442 12 78 116
1612 642 86 90
1536 340 96 96
408 704 96 94
1292 964 100 64
158 134 90 98
60 26 114 90
1458 588 100 82
1214 752 60 90
620 550 82 76
488 972 104 84
314 846 88 94
622 834 72 114
1472 446 104 78
892 22 80 46
814 976 64 80
10 198 104 88
1284 24 114 70
1306 896 86 66
1732 456 102 66
1548 916 90 66
14 110 108 86
662 972 76 86
84 470 132 80
1602 746 114 66
674 900 84 78
1506 854 64 102
172 680 92 106
508 96 72 68
262 490 94 94
228 306 90 90
1520 120 76 62
620 60 116 76
372 370 90 74
1536 660 92 96
1254 418 62 82
258 956 104 86
450 26 106 66
150 58 76 80
348 796 94 84
532 762 66 92
1454 102 82 88
256 682 86 94
322 28 122 80
1420 974 102 58
1650 140 82 100
198 120 90 60
1066 686 76 82
162 240 100 82
1248 692 64 86
480 476 104 52
444 120 74 50
22 532 92 80
44 690 92 66
1072 662 92 62
970 828 100 60
4 804 84 104
1484 944 84 76
1150 824 60 68
444 396 66 72
372 712 68 98
744 894 58 82
1246 924 72 64
44 960 100 74
1542 512 80 66
50 848 90 82
1214 868 48 92
600 316 62 66
210 560 92 92
1228 72 62 68
550 880 56 106
610 944 62 84
1646 322 142 64
82 552 82 66
0 744 56 72
400 500 114 74
494 542 98 60
1756 204 84 92
92 890 116 82
624 16 110 64
748 16 60 56
1160 680 70 68
370 460 80 94
1198 532 82 60
