1014 588 36 42
1176 696 44 32
1050 358 38 42
372 278 38 34
930 684 40 32
1092 110 36 40
1114 252 36 36
480 766 40 40
814 146 36 36
1098 368 40 38
1124 108 36 42
1164 538 40 32
494 400 38 42
1102 658 46 28
1038 728 42 32
744 72 38 40
1682 154 80 48
374 684 36 38
470 404 44 34
1192 230 34 42
116 768 42 34
1252 646 38 32
1118 304 36 40
1068 404 38 38
1224 468 34 38
1420 530 42 32
256 92 34 38
916 40 36 40
1090 494 44 32
486 818 44 32
416 656 38 30
1240 132 34 44
1654 574 74 38
348 122 44 30
652 238 28 42
598 182 42 34
976 976 42 30
138 750 48 28
634 348 36 32
1662 248 96 36
1250 492 42 30
462 784 36 36
1140 104 40 38
134 212 36 44
598 218 30 38
102 790 32 42
906 92 32 40
1168 730 30 42
1092 406 44 34
1692 176 66 62
758 286 48 42
1184 168 34 44
1444 564 50 26
710 22 40 32
1054 752 46 30
594 120 46 24
1416 548 38 30
1088 768 42 32
1688 48 94 66
120 344 40 32
1098 210 42 32
142 666 46 32
600 288 46 24
222 74 42 30
1180 482 44 30
1272 504 50 22
1650 462 86 42
1156 920 40 32
94 394 60 34
36 526 52 24
602 742 44 32
1180 108 32 36
464 810 40 30
594 2 28 52
800 62 40 18
1062 160 38 40
