828 654 42 30
956 772 38 32
670 400 40 34
822 322 44 32
914 140 40 36
890 386 44 30
1006 168 44 36
936 598 48 26
718 384 38 30
848 384 42 32
936 648 40 36
980 682 46 32
1586 106 40 36
598 176 42 32
1062 658 46 32
702 666 46 30
602 462 44 32
1192 142 40 34
1066 216 46 34
1098 256 40 36
1076 240 40 36
954 136 42 38
1060 200 40 36
726 212 46 28
1250 718 36 32
122 508 46 32
1164 664 40 32
948 104 36 38
1530 128 40 34
1050 562 42 32
912 178 42 34
478 436 50 26
852 260 44 34
1542 162 42 34
224 722 38 36
1006 694 48 34
388 298 44 30
128 490 50 28
32 610 46 30
1002 228 38 38
608 218 40 36
130 314 54 26
1078 800 54 26
276 550 42 32
212 194 34 38
1156 748 38 40
1088 658 48 32
84 642 54 26
1380 700 40 32
1064 920 46 34
1100 88 38 40
928 300 44 32
1066 266 34 40
606 274 42 30
1020 894 52 30
608 188 42 36
52 372 44 28
1674 536 50 30
1046 160 34 42
158 964 34 38
52 320 40 36
156 142 46 30
600 100 44 28
710 684 44 28
1216 70 36 38
118 788 44 34
1676 84 40 34
1032 28 40 34
1090 374 44 28
800 62 38 22
1002 200 40 34
52 268 40 36
684 584 48 26
1682 156 82 36
904 246 38 38
1114 206 40 38
1084 474 44 30
526 74 34 46
1114 120 48 26
1030 394 42 30
1102 804 44 36
154 738 46 28
128 810 42 30
148 668 46 26
1694 502 40 32
1168 788 38 32
1654 632 64 38
1828 550 50 24
1096 692 40 40
1088 436 46 30
1102 164 46 34
98 754 46 26
1680 324 36 38
540 208 34 38
1062 154 38 36
1062 178 44 36
1044 188 36 38
1066 6 38 30
68 834 40 30
1128 82 32 40
