1352 830 72 70
872 658 96 68
870 318 70 94
944 868 84 82
1468 540 98 78
1036 808 82 66
778 308 82 82
1432 324 90 58
1298 746 100 62
1122 614 82 74
1544 332 112 62
846 614 82 60
954 202 82 88
1034 518 76 100
1126 878 66 72
1594 384 112 78
922 316 68 90
764 730 104 60
382 132 122 66
750 656 80 74
1468 644 104 64
1354 234 102 72
692 502 78 76
862 802 96 82
1214 758 64 78
880 482 70 80
1018 302 72 90
362 44 110 74
696 16 86 68
922 530 82 104
1070 684 98 46
1396 544 78 100
1080 200 114 68
1580 460 98 88
1076 726 100 56
1430 778 100 74
1150 750 56 108
618 812 136 58
948 692 78 90
1626 182 126 60
726 578 102 76
990 410 78 76
1506 276 92 64
632 166 110 68
1170 312 52 90
1244 696 96 60
1238 614 74 80
302 692 116 58
1360 430 76 78
978 52 84 98
1238 404 98 46
852 404 78 92
636 646 92 78
618 354 100 70
88 440 146 60
784 22 106 76
994 914 82 68
612 752 102 62
222 188 106 80
656 248 102 76
702 310 96 64
1380 120 90 64
1404 642 84 54
922 752 68 66
1542 872 92 80
1104 500 92 78
1064 878 68 80
1596 226 84 90
970 472 98 76
818 514 78 92
1232 906 64 68
1234 838 94 64
708 842 94 56
1240 148 88 68
1314 356 74 92
1376 698 84 70
1228 552 88 58
482 320 78 106
594 60 100 76
1368 60 96 56
1230 318 54 88
306 746 94 90
1502 166 76 86
1436 282 74 54
1226 496 76 56
1242 108 88 46
1456 108 94 72
96 832 104 88
370 472 96 76
708 370 82 74
252 60 90 46
514 894 88 92
400 732 126 76
738 898 78 86
1572 638 70 96
1272 580 72 74
270 544 110 74
1616 588 98 60
1228 988 86 72
788 376 76 94
918 402 104 60
386 182 76 108
1094 428 86 74
1498 426 90 60
982 990 80 68
1418 388 86 60
1236 60 80 58
1616 768 86 88
16 300 124 84
162 770 152 64
386 332 112 72
616 424 112 54
518 292 78 74
1556 810 88 84
98 142 124 70
1534 700 66 100
1450 908 102 60
1462 706 94 56
598 180 74 106
348 276 112 72
1672 494 116 82
528 158 60 100
230 450 122 76
78 58 150 74
1062 22 78 48
1730 222 100 82
1444 858 106 48
336 364 100 78
620 920 114 72
1664 718 100 66
1602 118 104 86
6 204 106 68
1736 298 68 92
4 0 102 58
28 112 102 74
1442 468 94 68
1738 162 86 64
616 18 74 54
1718 36 104 96
328 176 86 76
188 944 84 74
120 906 116 72
1522 54 96 52
226 626 142 76
1494 374 88 50
604 476 66 66
1482 962 114 76
1300 464 66 74
86 750 118 88
0 544 84 76
332 600 106 84
442 916 88 84
326 446 110 58
78 184 90 102
400 942 72 68
50 960 102 60
1532 104 72 78
1618 660 64 100
222 258 112 86
232 692 98 88
448 830 96 70
1716 588 76 88
282 0 90 36
1666 288 84 88
1248 450 72 56
400 852 84 74
146 684 122 78
520 728 78 76
278 228 96 88
82 488 106 72
1560 18 84 44
480 680 86 60
