836 508 70 40
1422 232 58 56
812 454 54 54
976 326 48 74
860 394 68 40
642 120 82 50
418 720 72 40
786 232 46 64
1468 286 60 62
34 790 78 48
990 176 66 54
650 840 50 60
12 154 88 70
710 626 50 56
936 126 66 54
100 334 92 58
836 204 68 42
216 516 68 54
1292 172 64 42
776 326 46 66
670 408 74 42
820 332 54 60
1536 164 72 58
604 692 70 46
722 368 48 54
424 880 50 66
168 500 58 44
664 320 66 44
170 956 70 44
610 358 64 50
1502 354 78 46
226 372 80 44
640 266 58 48
1176 474 82 36
1366 106 62 54
1102 640 42 60
106 852 72 44
586 176 76 66
1040 422 72 50
1570 236 60 38
210 466 72 42
604 408 56 58
196 690 62 48
904 890 48 70
1054 862 64 36
728 568 54 52
992 556 34 38
36 452 82 42
888 658 50 66
234 946 64 48
70 578 68 34
766 428 56 48
1348 804 64 48
974 60 42 30
608 790 48 54
1532 12 66 60
866 592 50 58
8 236 82 64
400 694 24 46
658 774 62 40
878 732 52 52
1324 746 58 44
18 366 76 42
1038 674 50 60
744 482 56 48
810 766 36 44
902 622 60 42
1722 646 38 28
1180 382 50 54
1050 136 44 62
46 710 76 46
1082 906 52 56
1168 678 66 44
360 776 48 58
160 64 72 52
1042 482 60 38
1284 510 60 36
1446 558 36 40
938 884 48 62
1210 106 62 46
592 60 78 48
778 716 52 44
1118 88 40 64
986 822 66 38
1368 60 56 46
1006 284 48 48
1330 556 50 28
1604 76 62 48
116 804 58 40
0 534 62 52
1574 680 58 54
1086 318 36 42
1124 366 44 60
862 732 32 46
568 60 50 20
850 696 40 36
386 584 74 32
1048 326 30 48
54 534 76 32
1186 798 34 44
988 868 56 42
