1410 582 58 54
1100 238 86 44
268 918 82 80
1084 624 50 70
988 936 96 46
1464 420 76 56
942 670 64 62
456 352 76 58
1590 324 74 58
1042 836 64 54
926 820 60 60
812 704 92 62
1408 156 84 66
408 958 74 68
1438 322 70 66
1224 372 90 60
876 650 56 58
674 706 74 50
1594 480 64 66
1150 600 42 78
1132 868 52 106
1692 60 90 58
144 920 94 66
1222 440 78 62
1508 474 56 58
146 692 90 44
1412 642 52 60
74 950 90 66
226 58 102 78
1394 794 54 48
1324 704 64 62
1132 346 62 64
978 558 70 44
44 318 66 64
92 320 102 54
1694 526 66 52
918 630 56 44
740 514 64 48
1300 780 68 40
466 844 80 60
536 798 84 56
888 932 54 76
46 120 96 70
1228 82 80 62
1230 910 60 50
98 508 74 64
674 508 68 46
1484 786 70 40
96 188 112 66
122 740 94 78
66 684 86 60
1312 22 60 64
1636 778 72 48
70 882 90 38
110 564 102 56
8 478 100 54
96 620 72 64
1692 808 64 52
784 434 50 60
1684 434 52 54
82 816 80 66
1158 142 52 68
56 208 100 72
1228 960 88 34
1096 978 58 54
