1096 282 84 86
712 242 100 64
1542 586 94 78
1312 196 82 88
1236 168 96 68
772 756 76 104
1372 310 86 106
1012 422 70 102
668 684 100 60
1472 298 86 98
1362 626 118 60
454 306 106 70
850 396 88 90
426 200 112 70
604 242 68 104
828 540 112 66
672 278 70 76
1372 146 94 68
1046 570 104 58
484 726 112 50
1426 484 112 80
1510 194 88 108
1010 164 96 72
1054 500 72 82
1600 726 102 66
280 208 78 98
314 196 108 66
1232 462 98 70
1230 358 84 68
1562 438 90 60
1330 672 94 70
630 550 72 74
458 628 136 66
1498 690 128 68
1104 186 88 70
774 418 98 82
680 834 102 62
1434 124 90 66
1344 940 70 70
480 92 74 102
626 120 92 52
466 860 102 82
64 0 106 66
618 830 66 92
504 772 92 76
48 226 108 74
640 904 102 68
208 562 118 86
1060 218 66 74
1240 52 78 84
1534 494 96 64
360 268 110 70
1156 842 56 100
1260 664 76 54
308 352 114 64
800 902 88 84
1718 702 104 100
156 202 108 80
514 368 72 84
674 746 84 54
1600 188 112 96
224 888 132 76
1694 878 76 88
1238 624 88 68
1516 770 90 104
346 80 64 90
616 484 90 84
30 304 140 84
1022 788 78 118
1142 60 72 48
278 774 150 74
282 626 110 82
1006 902 88 66
1208 234 78 66
384 148 118 56
1414 828 90 78
256 54 120 56
1690 442 78 68
1348 778 80 88
474 478 114 58
1228 712 78 86
1386 58 94 72
54 952 104 70
734 990 78 66
652 786 76 70
310 504 108 78
106 744 102 88
1070 124 100 60
1106 780 96 58
400 842 50 76
278 104 88 78
72 596 136 80
96 834 128 68
1582 48 100 78
906 880 70 110
0 0 88 46
28 120 106 68
1660 514 80 74
48 680 104 74
1464 896 76 82
1066 60 76 46
262 442 76 104
1658 380 102 62
608 682 58 78
400 408 74 56
0 38 72 52
1482 38 62 102
234 286 86 64
1540 66 64 108
180 666 104 88
1212 740 58 96
1682 78 122 82
1230 958 108 64
614 328 46 56
634 988 76 62
1688 210 138 58
0 182 100 84
1646 558 92 80
680 22 94 58
1728 542 74 82
1752 160 86 54
1594 808 110 76
1412 22 82 44
1628 846 98 60
