768 544 84 86
1020 250 80 92
948 816 76 98
1230 382 98 72
968 550 82 102
1048 692 116 58
854 670 102 66
868 268 78 104
1036 20 92 80
718 386 108 88
652 506 104 76
1344 270 110 66
990 492 96 80
1144 312 74 96
840 482 76 104
1108 476 92 106
1292 60 94 78
1072 418 70 90
762 210 74 106
1504 168 78 96
900 470 100 80
1234 614 78 88
838 834 76 100
392 176 136 58
838 380 74 100
1582 16 100 68
1370 342 88 96
1070 736 110 78
1326 676 84 90
1252 182 114 78
838 50 86 100
1082 336 86 94
1104 882 76 92
1228 60 76 98
428 326 128 62
600 336 74 96
204 218 144 74
1446 296 120 76
1038 528 72 96
1238 694 100 56
1036 338 66 112
1388 544 102 90
622 404 130 78
202 538 144 78
736 666 112 60
1648 22 82 80
1258 248 86 104
1112 598 82 90
826 928 76 94
1300 612 116 66
690 540 92 94
1070 188 124 70
1456 816 106 64
272 0 124 58
832 120 94 34
736 798 98 74
614 122 108 62
278 38 108 84
640 722 92 72
776 862 80 94
702 132 90 72
1392 686 88 90
1218 740 100 56
238 152 118 74
420 388 164 68
910 358 102 102
1030 892 82 92
620 188 84 56
856 724 68 80
1586 458 102 96
1442 640 66 92
1626 390 128 60
1716 690 92 80
160 626 120 76
1236 904 84 90
714 60 130 62
1254 496 126 76
1228 834 94 82
84 600 96 96
1060 618 68 76
1616 660 110 68
20 108 104 84
360 688 108 92
912 718 84 78
670 922 88 72
1456 90 122 58
982 722 90 74
508 750 86 94
518 60 72 70
46 952 102 76
1558 202 104 74
1380 926 78 62
478 672 106 58
362 224 124 78
332 874 102 78
1424 124 76 90
1560 660 74 96
260 668 104 88
1404 754 98 80
162 692 130 70
50 224 142 82
430 250 96 94
1562 328 100 78
1366 126 68 92
762 948 72 74
1134 60 76 70
478 220 112 68
1518 408 132 66
186 466 136 80
1550 790 78 80
1658 444 114 60
42 690 92 64
1464 20 96 74
1228 458 80 72
1388 486 128 60
212 940 130 72
1372 60 122 70
134 466 86 98
784 714 80 64
1640 202 94 74
90 70 140 82
368 590 84 106
664 224 86 82
698 192 74 70
1654 498 86 98
102 182 162 74
1674 140 122 78
172 430 116 50
1640 722 84 78
292 754 124 76
1722 492 100 68
22 478 104 86
1606 88 94 64
1224 226 54 108
1560 124 84 80
714 724 92 72
612 926 60 98
130 0 138 64
1628 268 122 64
452 480 98 74
1162 588 52 90
624 654 130 84
632 292 92 74
1424 982 80 76
1306 774 64 130
596 18 68 56
438 40 94 106
1752 622 70 86
958 690 96 70
434 888 106 82
648 858 102 58
1588 758 92 66
490 108 72 86
604 250 66 94
238 856 108 72
40 760 170 70
422 624 78 78
142 902 128 56
184 780 94 90
1540 262 92 92
720 880 72 82
1374 970 58 86
720 20 112 52
1502 982 88 70
1202 748 64 110
68 838 144 80
512 176 66 52
1540 868 54 96
608 786 140 80
498 620 92 76
1068 936 64 76
202 304 88 88
1460 604 186 68
1716 64 108 74
