1224 348 104 60
934 424 100 70
1240 414 116 58
952 374 112 62
814 366 132 62
1366 252 102 80
1360 356 100 64
952 248 110 74
750 266 88 74
1032 552 80 82
1078 350 128 70
1376 192 102 58
1272 272 96 78
1048 626 108 70
1070 694 98 66
1298 508 98 76
932 632 114 74
1230 712 120 76
802 592 94 90
926 294 96 86
814 670 94 86
666 378 110 70
760 764 96 84
632 26 78 106
1030 302 100 82
1468 510 100 80
1312 450 130 72
420 150 80 106
728 666 90 100
918 922 104 66
628 280 98 110
1348 818 110 74
764 324 80 94
1036 806 88 78
1322 688 122 66
976 158 82 100
138 0 128 56
756 204 112 76
20 112 102 78
956 486 68 82
1426 450 108 78
716 746 74 98
1012 692 68 104
1132 572 74 120
1136 766 74 102
854 256 78 112
998 16 80 80
392 816 102 72
1228 600 66 98
1218 752 70 102
730 10 88 104
356 368 106 70
1100 198 86 120
1238 94 102 66
1140 60 72 66
1456 268 90 74
490 152 96 76
38 284 118 90
1126 512 80 90
440 632 106 70
600 160 70 110
682 918 76 98
56 760 112 96
1074 494 92 54
1298 570 68 100
1396 396 116 68
692 512 80 96
894 706 90 94
782 912 78 98
1080 738 94 88
1536 748 138 62
750 846 84 94
1024 878 108 92
750 562 74 94
1122 864 74 96
1540 802 112 54
1226 60 64 62
912 790 88 100
388 722 144 70
772 124 82 96
816 966 74 92
406 334 128 66
640 740 96 100
480 918 106 84
858 448 100 64
804 532 86 74
300 684 80 100
1504 704 110 70
616 600 88 66
176 768 130 68
142 608 104 86
1222 874 114 80
1536 524 108 74
1070 94 96 70
1382 38 84 104
66 586 96 106
734 488 122 62
1250 154 76 118
1634 314 120 66
1486 644 120 72
1396 636 84 102
1326 154 88 60
898 506 86 90
1650 490 132 60
1270 782 82 86
826 804 106 90
1338 586 72 98
112 122 100 88
244 834 98 90
492 802 90 114
1562 858 106 78
246 426 122 74
628 510 82 80
492 212 94 90
1066 396 104 66
1222 500 66 86
1500 218 110 68
444 474 118 78
630 658 96 90
1692 124 132 98
386 878 104 76
154 812 94 94
172 240 82 106
1044 166 54 136
926 26 84 50
1620 834 148 68
520 654 74 74
522 60 66 98
388 980 118 66
1236 956 106 92
732 924 62 98
216 66 82 94
372 254 94 76
506 282 76 96
332 886 80 90
322 290 96 92
1038 60 92 78
188 170 126 84
1240 472 70 70
1046 436 102 58
1584 254 102 80
1520 348 76 100
278 202 94 82
236 302 106 78
1446 60 68 84
800 404 74 80
186 504 104 90
1516 60 88 70
346 632 100 68
66 850 106 86
296 514 134 74
1686 228 118 84
328 772 142 74
1500 120 128 58
520 708 78 88
0 182 96 94
1460 162 138 70
222 362 122 64
108 912 142 76
164 686 124 94
1604 16 84 70
242 60 104 60
346 166 92 102
860 950 94 100
1406 890 82 82
210 550 130 66
1540 586 102 70
1540 408 96 86
94 440 128 68
1054 942 108 96
1676 898 100 96
1082 130 76 74
444 256 86 78
80 496 86 98
400 530 72 98
934 984 60 76
434 46 78 92
1638 982 100 70
484 60 62 56
1160 686 78 70
38 954 114 72
1728 788 84 74
1728 722 88 78
1640 760 148 74
1660 570 112 86
42 688 92 62
1326 86 80 66
1566 322 70 92
1550 916 96 68
