1082 250 32 42
1034 372 46 28
436 222 44 32
970 306 36 40
514 148 34 40
1066 864 42 34
870 216 40 34
800 136 32 36
212 218 38 38
1830 644 42 30
1168 646 40 32
600 174 38 38
302 348 40 34
188 324 48 32
844 130 42 32
1784 570 46 26
892 178 44 32
128 370 36 42
268 128 38 42
600 204 42 32
1516 316 54 38
1090 368 48 32
226 148 38 36
1092 214 40 36
948 274 42 36
890 268 40 34
1004 516 50 30
1778 792 42 28
1008 218 48 32
156 678 48 30
1792 670 46 28
174 402 44 32
88 350 40 36
1178 392 50 28
236 286 38 36
154 474 50 36
174 234 44 32
1128 60 50 24
1172 792 40 28
1770 740 58 38
1100 794 40 34
1646 800 52 48
1796 476 54 24
904 136 38 36
950 528 46 28
186 352 42 38
180 288 46 30
886 194 38 32
1108 412 42 32
1128 120 44 26
1688 476 42 32
1032 446 42 32
1112 500 40 28
156 168 34 36
1836 524 54 24
136 226 48 30
1120 232 40 32
1800 604 50 26
890 78 40 36
1826 814 46 28
