852 176 70 124
856 492 74 116
978 698 84 108
1468 580 78 114
1130 484 76 110
840 604 114 84
878 86 72 124
1076 178 98 90
754 604 80 122
948 488 68 120
874 924 70 112
1710 454 108 62
1448 292 94 96
1376 780 86 98
206 690 114 94
946 36 70 126
854 392 90 94
360 210 94 98
452 624 106 92
1590 442 90 108
1256 258 130 74
776 480 94 88
1382 166 74 122
1550 544 104 96
280 514 92 102
486 748 78 116
370 150 128 80
332 306 126 78
1234 358 126 82
282 102 98 88
1236 180 148 70
724 192 104 92
1510 152 102 90
1092 314 66 120
780 694 104 82
796 98 82 114
616 302 86 106
1074 626 104 86
1530 666 96 102
940 924 88 96
1466 432 84 104
1232 614 92 90
616 12 102 72
404 74 112 92
42 588 106 86
956 438 122 76
1000 268 100 84
906 848 100 88
1676 678 106 126
1638 534 88 76
1046 16 102 86
816 764 132 76
634 250 98 92
976 600 116 82
1130 60 92 62
636 550 132 74
1424 232 156 72
1118 756 76 108
584 772 108 78
228 180 104 100
166 506 122 78
808 18 140 68
1304 24 110 60
1338 62 70 134
1016 108 140 84
1228 438 124 80
472 880 96 104
776 828 98 92
1620 368 120 80
90 306 112 84
1590 874 90 94
1162 570 58 104
1222 472 76 114
1244 886 92 94
1578 204 96 66
670 354 82 102
158 118 104 96
346 594 132 78
1240 708 140 78
286 666 184 70
334 746 142 86
952 328 104 86
1224 770 74 118
192 50 140 82
1318 452 100 84
1724 292 116 66
1422 112 94 94
26 686 112 76
1468 952 104 82
678 804 96 78
800 610 50 98
1140 286 76 118
1256 86 92 92
1214 60 68 62
228 270 124 84
156 624 126 84
616 904 146 62
1566 296 156 64
1106 856 84 110
178 440 114 72
416 494 106 94
600 164 102 88
348 8 116 86
656 688 116 68
330 920 124 80
650 620 108 82
456 16 96 64
14 110 104 80
26 410 98 68
660 42 118 80
0 812 88 96
470 44 92 86
662 126 108 66
400 826 64 68
588 70 86 90
944 120 82 38
0 890 120 92
1738 112 126 86
1480 818 118 96
1684 202 146 90
1622 16 120 48
1670 44 102 102
114 842 96 94
706 726 94 100
400 672 60 66
1662 576 108 94
1646 164 82 110
1290 820 94 80
1478 18 130 68
204 924 128 78
1632 776 96 90
602 836 108 68
1656 856 112 90
1544 748 106 86
170 242 78 106
4 774 126 70
970 24 94 62
644 458 90 92
474 238 100 80
262 802 92 94
6 496 126 72
38 960 106 84
1140 244 130 68
60 218 158 88
1720 344 122 80
0 600 54 98
