802 758 102 70
788 614 78 98
826 686 96 82
1088 70 72 92
1048 636 106 84
1228 700 110 62
820 204 82 106
1586 88 108 72
1220 560 58 94
1070 732 126 64
1060 286 100 76
1248 160 100 70
1340 168 90 90
852 318 106 56
1128 566 80 104
1498 64 92 106
780 280 82 78
1016 144 122 62
1276 372 80 80
1396 382 84 102
1284 24 82 80
1430 578 84 96
92 168 116 90
914 728 84 92
1552 686 94 62
626 516 104 64
1090 454 80 92
972 198 90 102
1076 196 70 88
400 814 156 70
1350 286 78 90
1422 290 108 64
962 366 114 60
1262 260 80 96
716 326 94 74
1226 640 88 62
736 150 106 86
1064 394 70 90
498 644 102 68
1122 204 92 96
1416 780 100 70
890 254 82 86
1074 792 82 80
1414 152 102 74
1714 204 132 68
1468 346 94 54
1238 102 80 58
828 350 68 120
1490 232 106 66
302 554 146 74
920 578 90 106
1386 662 80 102
816 848 78 106
1494 172 98 76
1306 540 96 54
622 14 100 92
868 142 106 90
704 282 78 70
1140 476 66 106
1214 750 50 98
1254 804 98 68
720 66 86 92
1378 484 104 68
412 16 90 102
892 60 116 76
1298 724 92 78
754 60 96 68
1492 532 88 102
906 454 68 90
1624 700 102 66
1554 310 106 68
1502 770 108 58
1392 222 76 102
400 752 80 88
1332 100 110 82
1078 24 86 38
972 468 98 60
1302 632 88 58
80 468 88 102
1580 458 100 96
1632 582 168 70
1660 760 124 68
1004 582 104 72
20 110 104 76
1594 346 104 58
146 120 110 76
1724 710 92 74
1748 118 104 70
1684 148 84 104
620 118 96 90
632 674 102 70
986 524 92 82
612 282 96 64
740 404 114 86
514 724 88 104
1220 308 72 114
688 698 72 92
1590 258 120 68
442 520 120 56
48 958 100 66
712 826 102 88
1658 488 106 88
136 846 96 106
358 122 94 90
868 400 78 84
250 740 144 82
486 320 104 74
590 60 50 74
512 484 80 68
1488 394 106 72
294 314 118 62
444 168 100 86
1152 778 56 104
262 480 112 84
780 968 98 84
1568 878 68 94
134 586 140 86
1578 156 90 72
332 360 94 82
138 752 112 88
102 424 130 60
632 902 118 82
1334 792 96 92
216 190 80 106
1656 832 80 90
34 410 84 60
160 272 120 80
860 478 78 86
616 568 62 98
630 782 74 74
646 316 84 98
400 662 56 88
1330 974 66 80
1340 406 74 94
1338 876 82 92
908 816 78 92
1568 398 124 72
1228 28 54 86
1498 930 94 72
1638 392 184 70
1652 652 128 68
1722 260 114 60
266 806 128 78
172 654 116 78
504 114 66 104
0 542 66 102
836 514 74 112
534 60 58 84
286 194 64 76
310 452 144 66
110 696 148 64
440 652 80 94
476 572 126 54
1306 476 70 72
1236 966 58 88
1714 528 112 80
374 66 96 86
250 68 140 70
282 888 112 88
76 234 120 78
1694 50 116 84
58 562 100 92
318 214 66 62
310 632 96 104
4 486 100 72
1226 880 56 82
1582 796 84 84
512 392 60 64
602 336 66 98
1252 442 102 72
920 18 98 46
596 172 72 66
34 294 90 94
22 18 82 72
1680 306 124 86
1034 420 52 80
40 806 142 68
1768 14 88 62
40 856 116 68
1282 584 78 62
