958 660 76 70
1012 338 80 50
826 772 74 54
1024 550 64 66
936 376 84 48
830 288 66 80
926 440 52 80
1582 456 62 68
930 52 98 56
1528 320 64 72
514 668 82 90
1020 252 58 80
400 350 88 52
1046 430 80 46
1624 638 88 42
972 494 62 80
648 762 60 66
934 196 78 52
1250 592 74 68
1568 570 90 44
1396 780 80 68
1118 280 60 80
744 812 58 68
1444 566 76 60
878 172 54 76
1320 214 94 50
838 546 54 70
698 386 64 78
462 598 92 46
956 732 54 70
256 230 100 70
1128 190 60 78
1002 778 86 56
876 282 60 88
1276 740 56 92
1340 654 74 74
1612 260 78 46
1392 502 76 56
162 310 90 78
644 706 80 56
630 230 82 64
768 932 60 56
1480 470 72 58
402 52 104 54
1082 700 86 42
256 466 74 70
1372 284 84 42
1130 550 70 50
486 924 54 68
492 830 86 46
618 334 66 96
1026 150 54 88
712 554 90 52
1370 932 68 56
98 96 116 48
1094 848 52 68
1544 220 72 54
1252 148 82 48
1642 528 76 46
820 496 72 48
1478 782 76 54
1674 940 80 70
1508 190 76 44
626 830 100 52
1560 766 66 66
232 716 88 58
488 240 82 56
910 792 64 56
404 996 78 48
1104 86 70 58
428 712 80 54
1492 652 60 56
202 176 86 68
1260 92 62 58
54 28 102 60
766 426 76 52
730 206 86 48
242 942 92 58
1720 452 80 52
954 826 64 48
294 518 82 66
1362 818 52 72
1526 926 66 50
1724 714 68 70
1236 670 80 58
924 968 76 52
1448 662 60 62
1490 850 56 58
1074 762 66 54
1268 950 72 50
1310 318 78 42
482 474 78 52
612 124 108 42
404 872 68 66
1128 610 56 82
132 558 72 68
1552 144 90 42
154 42 74 70
98 186 100 62
664 164 94 52
840 104 64 58
378 186 114 58
766 486 56 66
992 124 50 70
1588 878 64 58
1518 704 68 50
1450 906 64 96
1136 872 48 78
816 60 74 40
680 96 68 56
1088 158 82 54
1058 112 64 56
1328 390 80 44
1700 250 84 60
522 896 76 52
60 204 74 78
1662 732 76 58
1230 382 62 44
1218 748 68 70
134 146 104 50
864 902 64 58
1226 440 80 40
1272 184 58 60
50 864 96 82
418 454 68 62
400 650 80 58
92 500 82 72
138 916 94 64
250 772 82 56
634 596 84 54
840 156 48 70
1340 474 58 46
1638 788 76 42
1458 398 94 58
1226 470 58 64
1308 802 74 54
432 792 82 50
168 262 112 48
28 110 110 84
638 892 108 56
1234 902 54 64
116 718 106 48
754 158 70 42
1376 60 64 52
1126 756 60 56
1610 748 64 48
1062 26 76 50
444 534 84 40
1736 606 70 56
636 646 58 52
322 664 62 56
134 658 86 48
1178 322 42 78
238 640 88 66
1302 26 60 56
66 954 102 62
678 614 68 58
218 886 88 50
616 478 44 60
540 346 66 66
350 458 70 48
354 836 62 76
1470 122 46 56
1720 796 62 56
1580 26 80 74
1290 362 62 38
752 994 66 60
114 770 102 44
1210 590 42 88
1166 584 50 80
1676 198 108 44
1424 80 52 66
610 162 62 74
1750 154 58 50
544 266 62 56
380 812 78 36
1224 316 50 48
646 430 74 42
1034 1002 58 56
112 624 82 44
12 492 74 70
122 446 94 46
558 604 56 72
58 586 76 40
464 406 68 48
1826 634 72 56
1424 120 62 44
40 320 56 64
400 694 42 66
1234 26 62 62
124 414 112 40
