1344 272 56 58
470 164 58 64
748 114 70 50
332 360 70 44
852 538 54 54
744 366 56 44
912 550 66 38
1598 204 86 42
746 430 42 66
1240 704 60 52
868 276 58 44
1624 288 66 56
794 406 44 60
738 560 60 44
710 190 50 60
1628 620 108 40
1036 620 58 42
1108 368 42 68
880 444 70 34
922 304 44 58
1692 374 82 60
894 884 52 52
20 592 76 38
324 122 74 36
1066 664 42 54
402 844 64 40
1082 910 54 58
850 414 68 44
788 574 60 52
124 366 64 48
1044 470 60 42
346 168 70 44
712 672 62 36
18 310 68 40
590 306 68 48
358 756 68 38
148 188 58 58
664 606 48 50
940 278 62 42
68 908 80 48
156 476 60 38
1030 422 44 46
1076 496 40 72
1614 874 76 56
1348 124 60 56
150 662 62 38
1228 154 68 36
1678 336 62 58
944 228 60 44
614 790 50 58
712 284 62 42
1048 150 82 36
74 538 80 34
1254 222 56 52
714 910 66 36
246 900 64 34
602 586 62 36
1128 86 40 60
470 950 56 50
1074 810 48 52
344 78 66 42
602 982 48 68
728 244 64 38
110 780 60 44
434 544 72 40
1176 502 68 34
172 772 58 40
674 986 58 50
1056 296 58 48
1226 102 58 48
254 416 70 28
1030 962 46 50
844 642 62 36
398 924 50 60
1340 1020 68 40
1606 690 70 74
500 610 64 38
1028 272 72 34
780 918 44 54
622 526 54 48
824 728 56 44
1188 722 56 36
106 692 78 34
906 618 52 48
1070 338 46 50
1274 114 62 42
718 34 62 44
658 524 54 44
1212 196 40 60
518 534 56 46
596 76 60 50
658 286 58 64
760 1004 58 38
892 764 54 42
302 36 74 38
744 722 76 42
1392 62 78 46
1168 600 54 46
1038 732 52 38
122 516 72 34
1040 1014 50 40
1360 32 44 54
1690 164 122 78
408 592 58 38
412 112 52 50
400 760 24 42
948 756 44 66
372 806 60 38
328 588 50 48
212 700 50 54
578 38 66 44
800 704 26 42
142 946 80 50
1836 882 64 60
1304 74 50 42
1344 84 68 42
400 36 28 44
46 712 70 44
1180 750 60 38
74 140 100 38
412 976 48 46
1008 720 50 48
1196 70 48 66
848 698 52 48
1166 800 28 42
280 710 52 40
1168 944 80 44
