958 524 100 74
1126 200 86 96
866 318 110 60
766 618 92 68
268 732 126 68
748 688 118 54
1624 298 102 64
1060 150 98 66
1710 248 128 52
872 898 94 82
706 340 96 88
968 810 90 74
638 16 108 64
666 80 90 74
856 248 102 80
1072 628 96 86
796 304 86 84
718 542 94 76
1152 478 66 106
1386 278 92 82
1598 218 100 78
438 644 98 82
678 664 78 88
1348 600 108 62
1226 326 62 92
682 476 106 64
612 560 90 80
828 16 116 72
1050 522 96 66
404 960 116 60
958 912 80 70
1374 382 80 90
402 832 126 68
878 480 102 72
302 856 112 84
1708 628 116 58
1022 680 80 96
1308 516 106 58
1218 610 84 82
862 88 114 82
1644 364 102 62
1056 338 66 114
372 536 94 88
172 0 126 54
680 772 126 64
1218 738 88 92
962 60 70 100
492 722 106 66
1586 20 116 60
988 972 66 84
1248 350 76 94
322 120 98 60
1096 856 96 74
346 332 132 80
354 692 116 66
1654 526 92 94
1468 276 86 88
1138 318 74 104
258 462 100 88
1490 668 98 84
740 72 102 74
1638 108 94 96
1446 354 80 90
1524 802 90 76
1376 776 96 54
1518 240 96 64
768 742 94 60
8 190 98 104
308 788 134 60
1358 190 76 110
1480 184 80 70
94 764 124 78
1626 766 94 70
490 246 76 92
484 532 102 76
1232 430 92 64
336 630 118 64
264 980 126 56
622 152 96 78
110 594 118 80
1512 120 96 72
390 168 98 88
676 236 82 78
428 514 114 66
800 414 72 76
64 956 94 70
1232 58 88 88
650 932 100 60
196 544 114 86
2 556 124 74
1478 858 82 72
454 160 108 74
610 280 62 102
468 342 104 82
152 652 142 66
1728 522 86 90
340 252 120 76
172 240 118 70
1700 38 102 82
1348 120 72 50
946 372 94 62
1638 426 92 76
1438 216 94 74
964 432 98 84
1292 894 76 58
16 824 118 66
1070 84 74 76
1234 838 86 52
1756 290 86 94
32 114 102 76
1718 802 88 72
96 288 114 72
176 58 92 92
610 192 72 104
58 860 112 90
56 690 96 66
208 860 92 84
1030 896 106 64
994 392 80 68
216 152 106 80
90 36 110 82
506 16 74 64
176 120 104 36
1248 956 68 50
0 316 118 74
1108 20 86 98
326 8 104 88
498 940 90 66
628 732 66 84
1748 124 92 88
840 60 84 30
1710 156 70 84
74 478 102 90
