1044 332 56 94
1026 234 100 78
768 62 62 86
1014 176 92 58
454 162 104 66
352 156 98 68
940 344 106 54
858 388 112 50
924 90 70 64
470 232 98 70
982 84 82 76
262 608 100 52
858 610 72 56
630 22 108 62
406 60 94 70
232 678 94 80
76 222 128 60
626 324 96 76
1108 862 86 56
324 544 96 60
198 900 84 80
760 338 78 54
104 844 94 72
1514 134 90 66
482 640 96 72
52 520 114 60
1258 478 68 94
990 446 72 54
1080 648 58 70
1070 462 90 46
234 180 88 78
280 444 92 48
292 962 94 76
680 508 84 42
56 314 110 68
906 728 62 76
1472 376 72 60
752 508 88 64
1538 408 90 48
1238 22 70 78
658 912 88 76
414 614 82 60
422 520 80 84
1262 186 78 102
80 792 132 48
990 402 74 50
668 864 86 50
1666 112 72 52
1390 74 62 82
62 952 96 70
132 968 130 68
716 290 74 54
652 542 90 42
96 600 110 64
10 288 96 56
654 142 96 62
1036 814 68 60
644 660 54 56
218 752 70 86
94 740 140 62
660 394 60 84
0 194 90 66
0 0 66 54
1068 784 84 44
482 504 86 54
1640 874 70 52
52 688 106 62
26 112 114 88
952 960 54 66
522 902 74 56
76 34 106 92
618 554 70 96
1166 242 46 68
