1562 94 62 130
400 194 74 112
914 54 60 132
970 86 72 124
756 772 74 114
486 200 74 116
620 680 104 98
314 202 90 92
168 864 84 100
1520 742 70 108
616 600 100 90
948 372 118 68
250 650 84 114
430 308 112 82
1368 154 124 78
802 252 122 82
1320 378 98 92
768 126 124 74
1342 842 140 68
874 468 80 114
966 658 118 68
724 698 80 98
946 728 106 84
1234 20 114 82
1542 18 88 94
1118 484 78 106
1230 218 132 74
938 540 76 108
1652 618 118 92
584 250 98 90
814 648 106 88
1654 198 120 80
1564 302 86 76
44 178 106 112
890 910 90 92
204 752 100 90
1716 120 100 50
1396 258 94 94
324 530 84 104
400 378 142 72
1354 42 64 116
1594 464 82 110
1276 278 118 82
822 932 64 112
352 88 108 84
1518 268 62 126
40 856 148 66
1058 650 74 110
164 700 86 96
1036 742 72 114
1032 162 76 104
452 542 84 104
824 320 136 88
1100 200 68 102
760 320 76 76
1066 312 80 104
974 582 112 82
54 778 124 78
1618 92 104 88
726 580 90 102
402 458 104 88
228 542 92 96
244 868 82 116
316 720 118 84
1160 230 60 102
1010 910 108 82
770 382 90 92
510 662 80 108
662 480 88 100
1628 946 116 84
590 928 104 98
428 732 108 86
1528 658 128 72
1416 392 112 80
758 900 66 124
422 824 88 112
702 324 68 112
680 186 106 84
804 824 108 94
1022 38 80 96
144 236 106 90
206 270 160 64
1584 884 142 72
954 448 114 84
228 430 82 102
1662 270 136 66
508 866 74 110
202 0 92 64
1374 622 92 98
614 346 90 98
1404 60 104 44
830 594 116 66
878 410 104 86
590 54 102 76
1040 406 110 78
400 628 98 88
274 334 108 78
1252 128 106 94
294 786 118 78
1678 712 80 102
170 152 84 96
1224 662 128 78
760 488 88 98
1448 208 104 86
1130 28 68 106
312 462 120 74
600 832 88 118
508 748 82 106
158 616 96 92
1430 590 84 106
664 822 96 76
1048 120 96 58
1634 526 102 88
1716 560 100 88
694 538 84 88
1384 726 120 72
32 684 102 72
118 498 130 64
576 170 96 80
594 752 96 88
1704 486 104 74
178 318 128 68
592 536 96 88
610 110 142 80
406 940 104 90
1134 580 90 74
1608 760 114 78
1748 202 108 78
260 60 150 50
504 16 64 86
1580 382 114 80
1668 12 146 72
1748 708 94 88
236 120 104 74
1726 892 112 92
1348 120 64 50
2 110 118 78
62 316 158 70
28 410 98 70
400 718 42 80
350 856 108 84
1672 344 86 86
22 26 150 78
1714 308 118 68
614 432 128 60
1776 136 78 68
148 0 84 80
170 120 122 60
34 514 94 94
492 510 86 86
132 550 108 92
