1080 204 70 98
1062 660 92 98
884 490 122 64
714 604 110 76
838 694 76 100
1054 412 122 62
852 414 118 70
774 308 72 96
898 752 90 84
706 320 92 68
1120 476 84 112
948 436 122 72
1136 208 80 114
1326 652 84 90
842 120 122 60
1370 292 110 68
466 106 110 78
886 910 102 76
1328 242 98 86
1384 650 108 68
748 244 138 66
880 836 110 74
1138 758 72 106
1004 854 76 100
1280 548 118 74
1486 588 112 64
404 536 120 64
1332 872 78 96
1020 770 92 84
1552 176 98 76
992 604 154 74
124 86 130 64
1726 602 98 74
1238 646 102 88
482 464 120 52
1576 508 106 66
464 742 88 92
1594 442 118 74
800 412 72 82
824 16 92 68
1292 798 92 90
622 522 106 88
1586 766 108 60
1388 458 112 76
394 828 104 86
1242 114 116 84
1574 384 144 58
1214 744 96 102
420 354 90 98
620 744 94 86
760 706 80 106
1608 818 94 88
1474 718 76 86
922 982 106 76
276 284 106 96
1520 132 80 74
1624 160 116 66
1084 860 102 68
1424 162 116 78
124 832 124 74
1276 316 92 74
400 312 56 106
128 908 124 80
748 848 60 118
644 12 82 86
282 778 110 76
1562 314 80 90
164 150 118 70
1066 902 72 84
322 120 104 86
450 266 132 76
190 290 102 88
1250 410 82 72
250 918 86 92
346 522 92 68
1490 796 114 62
350 892 92 98
18 860 110 106
1666 212 106 68
1322 66 82 108
74 332 126 70
1732 674 82 78
618 46 70 112
1634 330 90 66
178 680 110 84
1460 508 84 102
1498 294 104 82
1038 120 74 68
1590 698 98 76
20 110 100 76
128 488 84 92
0 548 120 78
1232 336 76 104
1460 20 98 50
1256 190 92 96
624 120 68 50
1330 350 102 82
106 270 118 76
400 12 96 68
1236 472 74 92
1376 942 84 78
1418 224 94 86
1288 470 108 66
632 810 84 96
138 754 106 90
114 204 108 72
1000 60 70 80
726 16 92 60
1560 60 88 68
1628 46 76 110
488 354 104 66
412 596 102 88
510 20 76 78
400 454 98 68
1356 784 72 94
0 278 80 68
512 178 76 72
148 616 120 78
1420 66 98 82
1312 414 108 66
1664 496 68 96
1490 222 128 78
1584 266 100 60
50 958 92 70
210 618 144 70
1360 742 86 68
274 702 88 80
400 66 68 94
1484 844 80 98
1654 596 92 106
1674 802 108 78
1222 226 60 92
658 864 96 82
492 596 60 106
40 688 98 64
1762 12 82 92
1744 120 80 66
1508 62 66 76
600 144 60 104
82 416 170 72
1690 428 102 72
184 554 134 72
1468 950 118 72
256 38 70 112
210 750 90 106
1388 842 76 88
1428 706 66 78
1660 684 80 106
670 666 124 82
1618 120 76 40
24 220 138 70
1434 824 68 108
1664 270 144 68
1726 892 78 68
656 918 110 90
0 38 146 54
