336 782 94 92
776 94 62 130
802 210 96 98
180 668 108 96
758 706 72 116
832 720 136 68
786 892 100 96
1352 774 86 104
962 316 80 102
766 574 80 102
918 66 78 112
312 664 94 94
320 64 122 80
658 270 130 76
836 120 96 88
222 522 112 84
1634 616 86 96
1132 228 102 68
1414 532 124 66
1092 484 116 90
1254 406 92 78
290 264 118 84
400 686 86 102
174 152 120 76
842 468 64 138
976 150 102 96
1096 298 92 100
1006 58 90 92
126 186 84 118
1044 642 134 76
624 842 132 84
1216 746 96 86
900 182 86 98
1228 480 104 70
1246 214 112 76
472 790 94 100
1268 552 104 86
1332 460 102 84
668 526 94 92
1614 108 126 80
640 694 120 74
1070 120 100 70
842 652 132 84
1374 666 108 82
1050 442 110 80
958 654 96 92
1564 320 86 106
1062 188 122 80
1114 42 108 76
336 180 110 90
868 828 104 78
1630 770 112 82
984 498 116 98
1482 628 124 84
978 752 110 80
46 2 112 104
1292 262 110 70
1504 552 122 84
1488 912 106 90
1034 564 132 84
800 802 88 94
964 824 84 104
1058 364 92 92
8 590 118 88
690 222 124 68
420 136 134 88
1132 776 82 90
1428 358 86 80
30 686 102 74
1222 810 98 96
1516 778 102 88
200 282 96 94
864 768 114 68
1428 588 90 102
1618 190 106 94
278 116 122 78
1248 678 114 86
1356 220 128 74
1710 904 100 78
818 394 124 76
620 188 106 82
1450 164 88 100
1068 704 102 86
748 18 126 78
644 378 118 86
1622 394 88 100
1538 124 70 116
876 450 106 86
1302 888 88 92
158 72 104 94
1446 846 122 82
600 560 72 96
24 772 156 70
1670 238 84 112
622 612 124 80
406 292 66 122
596 470 72 82
10 186 100 130
998 120 88 36
366 6 134 80
1212 596 98 84
1584 658 66 108
1772 232 92 78
670 762 102 86
1376 148 94 84
164 612 86 90
160 762 102 90
1636 880 88 92
926 14 94 88
414 568 124 78
1580 60 114 68
244 842 106 88
1432 260 106 88
582 46 116 74
1286 120 78 44
14 506 148 82
1312 964 144 76
1040 896 134 76
204 936 102 88
164 876 88 90
1148 842 62 122
300 490 102 90
1238 328 78 90
468 328 86 94
1346 120 96 60
1694 502 98 98
1712 318 70 110
1088 814 76 96
1450 734 80 112
1698 566 88 104
470 236 110 78
1362 306 108 84
1428 120 100 62
1714 724 110 90
0 790 80 102
340 922 106 104
248 438 118 74
604 108 116 86
876 920 102 90
1564 488 100 86
672 926 98 92
1282 326 110 78
400 70 56 86
6 102 114 80
1676 60 74 58
508 846 84 112
120 816 80 102
40 964 100 72
664 466 98 68
218 334 150 76
1232 56 80 80
1164 282 62 100
1502 240 140 84
424 434 128 68
0 8 70 74
504 60 72 62
992 952 88 98
1404 910 94 94
1688 818 110 94
1466 20 98 46
1240 902 88 88
404 60 84 34
1742 60 126 60
1776 494 66 110
494 614 92 86
800 60 70 40
1398 474 104 76
