1064 380 110 62
912 876 80 72
614 544 128 54
950 166 66 80
630 598 112 72
788 750 108 60
652 372 126 62
984 240 64 90
982 542 102 74
212 786 130 56
758 306 96 80
1060 798 80 76
344 106 76 114
1090 512 92 88
788 536 104 72
1762 132 76 90
1240 136 106 72
794 638 100 82
460 646 128 80
1294 192 96 84
290 716 142 66
1078 106 90 62
978 422 88 116
622 16 124 64
780 452 100 78
1466 800 78 82
1440 738 118 56
1546 246 72 112
1338 118 82 88
320 46 116 72
1476 16 126 78
166 696 118 74
648 120 86 42
1228 730 100 54
1282 60 98 58
1410 198 82 78
1592 120 86 94
444 332 112 78
1634 616 94 82
312 550 106 82
240 838 96 80
184 470 120 82
592 260 108 86
44 490 120 82
780 822 102 80
470 422 122 62
1604 356 108 100
1110 60 78 60
1440 260 84 100
26 586 98 96
850 396 76 110
366 772 74 112
402 318 72 88
46 772 132 80
1362 264 94 78
1134 858 72 108
624 744 84 106
1746 226 96 86
1498 598 106 56
612 846 74 106
1722 606 76 82
240 128 86 98
1482 60 88 30
386 856 106 84
1462 646 124 62
612 160 96 92
1682 144 92 98
14 114 104 70
1198 238 100 66
1700 300 110 70
152 576 110 74
234 284 98 86
24 302 112 96
654 60 80 30
16 184 98 110
42 688 102 64
1290 894 82 66
498 490 88 74
140 642 136 58
98 148 128 84
150 60 102 110
26 0 80 34
1684 58 116 70
1656 78 80 84
624 456 86 86
1716 406 106 66
1176 22 46 92
410 934 122 92
208 0 142 60
1346 24 86 42
1746 16 110 62
1160 142 60 66
1756 884 56 82
