972 832 104 64
976 400 86 84
988 466 90 76
910 610 102 72
624 192 126 80
1122 866 82 96
970 332 94 72
852 612 64 106
1510 146 108 80
946 234 118 90
1004 890 110 66
182 178 126 74
1068 232 84 78
1216 604 74 88
1224 666 136 76
1084 354 72 88
1470 616 114 78
1138 580 72 98
496 318 88 84
56 10 96 100
888 518 70 104
1472 336 136 72
986 730 80 110
814 280 90 110
784 588 66 104
1012 120 106 64
922 162 96 90
262 792 112 68
886 304 80 106
1222 732 118 66
592 128 94 106
416 766 80 108
128 288 82 110
724 324 82 108
1384 290 86 128
676 238 88 100
1252 74 74 86
498 910 98 76
22 116 104 70
130 894 112 88
890 60 68 78
720 562 60 106
244 860 90 94
1464 20 104 94
606 370 104 78
1120 474 80 122
1236 350 112 70
818 376 74 106
1022 524 108 72
1232 466 102 66
1236 422 120 58
1146 14 76 108
940 542 92 72
180 668 130 78
400 544 126 68
254 724 146 68
1628 240 86 92
1412 184 76 110
270 586 136 82
102 210 112 72
476 208 98 78
632 556 90 82
1054 286 56 104
138 776 134 82
1400 520 76 84
0 20 84 70
448 958 90 88
400 700 88 66
316 108 72 122
330 814 104 98
1074 786 124 82
1252 164 70 120
1524 464 130 70
1006 16 84 58
400 634 56 70
874 390 70 138
0 240 72 64
304 956 116 76
1316 782 70 102
374 894 128 70
172 94 80 98
1226 864 68 74
1370 772 82 68
112 532 104 98
400 432 64 88
1248 950 102 62
1606 376 96 94
426 108 116 82
86 836 94 86
430 606 112 80
816 514 90 108
1684 424 82 80
66 478 100 100
478 60 64 70
1626 108 122 68
596 60 86 100
1566 218 118 82
658 488 98 64
46 958 108 78
228 494 106 88
672 626 76 78
484 846 96 68
1416 470 90 86
356 74 80 88
1304 68 76 90
140 720 140 72
1424 110 138 76
50 770 108 86
1606 158 98 74
1074 426 82 86
630 748 108 90
1714 932 104 58
1720 232 90 98
202 0 158 58
210 254 126 90
308 280 102 88
1656 802 150 74
1716 152 104 86
662 868 96 90
504 764 82 96
740 434 84 74
412 238 86 92
356 170 136 80
482 568 116 70
1310 18 70 56
636 694 130 68
1616 990 60 68
164 610 112 76
246 42 132 76
412 384 124 70
1050 942 92 56
400 818 34 84
4 888 100 78
308 358 116 70
694 60 78 86
662 424 92 60
0 152 40 96
1728 898 94 60
760 62 78 98
1176 300 48 112
1680 328 108 70
0 310 62 64
602 16 104 46
932 14 60 70
1244 796 82 82
1546 22 92 44
1606 468 80 82
602 464 68 74
1636 614 88 64
1550 66 66 98
