1640 294 102 62
918 844 64 72
1104 468 58 90
362 510 96 72
1086 360 66 70
1502 650 82 60
1022 554 92 56
1028 452 82 66
758 626 62 84
974 724 70 88
922 662 90 66
1010 212 70 78
944 526 66 76
474 252 116 72
944 246 76 72
1552 316 96 58
854 244 60 80
1542 240 106 56
1158 324 56 80
1640 384 82 46
900 304 74 76
1588 746 92 52
1108 62 70 78
790 284 62 76
936 126 100 68
392 908 96 64
1246 364 64 68
1042 612 72 54
812 372 64 74
830 484 72 68
742 316 58 76
472 802 86 60
884 410 80 68
1150 252 66 74
1492 464 66 80
630 848 94 72
756 948 94 64
1512 174 102 62
1240 438 80 48
1270 812 64 84
396 350 122 76
936 382 78 66
624 576 120 46
1092 188 74 60
1438 782 70 78
1224 484 60 56
1428 390 90 62
610 208 88 52
612 292 76 70
1348 902 82 70
1172 482 42 92
1558 820 72 52
648 492 82 66
874 904 70 94
676 98 88 80
1334 398 88 44
1256 140 86 54
1442 534 70 76
750 212 64 74
756 570 68 60
1384 284 62 82
1454 72 104 64
1314 150 64 78
1104 742 58 64
788 544 80 46
482 904 92 74
1602 72 88 100
1594 692 84 44
668 60 98 48
400 760 76 88
1496 882 92 80
1228 646 78 56
1674 806 96 56
1516 20 80 60
1430 288 64 84
1506 394 66 64
1360 468 74 50
1326 336 82 54
94 292 120 88
120 660 120 48
1112 598 62 72
1394 618 80 58
1422 654 80 52
306 138 108 80
226 810 106 80
1434 714 80 60
1616 446 86 48
152 536 114 72
1732 116 84 100
996 658 74 50
1226 196 60 70
406 644 112 78
1432 946 72 84
1496 726 52 72
1358 760 74 86
1158 598 56 72
996 948 64 56
172 940 140 70
188 156 116 90
1554 476 70 46
1028 768 68 62
622 916 110 48
292 814 88 78
456 852 72 70
1674 632 92 64
662 334 76 44
96 176 106 84
1222 598 50 80
724 476 84 46
1078 654 58 64
1594 642 84 44
1622 552 76 54
642 372 84 60
282 256 122 88
1232 60 88 72
56 870 88 78
622 616 126 48
1070 160 72 50
1704 514 68 88
1552 1002 76 54
686 188 80 64
1222 312 52 84
972 892 60 62
994 844 82 52
1312 554 82 56
1582 880 62 78
94 450 144 54
1334 518 82 36
16 302 100 82
112 86 102 82
1672 972 110 60
1132 868 60 70
1754 208 62 86
610 742 62 102
252 700 80 102
68 478 102 94
1808 922 80 68
128 716 114 50
624 646 116 56
1044 862 76 58
1462 18 64 52
1096 810 82 58
1670 128 76 106
28 116 110 76
76 764 144 58
76 950 82 72
1682 60 84 48
16 6 106 90
1182 60 52 72
1382 962 54 80
1736 432 74 58
184 600 104 64
128 876 110 84
210 20 114 74
1752 60 70 54
1154 942 46 62
1826 528 70 74
0 194 46 82
1222 752 52 76
26 184 100 104
10 478 84 74
464 20 84 54
606 490 56 56
544 344 64 54
