1088 592 78 86
688 592 106 60
880 592 94 82
1126 462 74 120
92 166 108 90
1222 342 92 82
1070 694 68 106
1714 558 94 66
1048 428 110 72
1634 766 110 66
878 222 106 80
784 594 100 78
468 630 108 86
616 712 118 58
820 788 102 86
786 366 90 86
386 6 114 70
1084 350 96 80
652 60 88 80
786 514 84 76
1412 502 80 110
774 60 96 56
1214 468 68 100
1216 224 96 86
910 840 96 88
1058 132 116 66
768 110 102 88
836 282 78 100
946 530 86 80
1012 894 122 88
670 474 116 58
680 152 72 112
922 310 100 94
728 192 118 80
724 704 88 102
1568 492 86 98
1640 648 74 108
592 190 88 108
1238 120 116 78
1010 534 80 82
836 950 106 82
636 984 82 76
1412 630 100 86
730 892 70 92
400 698 90 76
760 430 92 82
1246 48 100 88
1636 828 94 80
270 580 110 80
102 300 112 76
84 68 120 76
488 196 94 100
1298 168 102 104
190 320 106 82
820 884 110 74
622 764 90 68
1260 364 88 114
684 788 92 82
1462 992 126 68
478 906 100 96
1356 764 126 72
966 90 102 88
182 726 84 104
854 496 94 102
724 842 102 60
916 688 114 86
1644 324 102 84
14 2 120 102
1484 886 114 70
448 758 90 80
400 212 62 86
1152 756 58 118
1464 704 134 76
1658 422 124 54
1540 134 104 66
1758 92 80 112
0 802 76 78
1594 842 64 120
1708 12 148 54
1214 726 62 114
1066 22 96 46
1072 64 100 64
1160 282 52 122
500 24 76 110
36 198 112 102
1620 928 132 78
448 824 124 80
664 862 78 84
268 428 120 66
1574 274 102 86
274 342 98 70
476 502 118 84
510 370 82 70
184 150 120 76
592 346 96 110
4 292 104 98
196 68 88 88
598 60 68 106
278 760 92 90
400 454 46 88
330 134 126 78
362 292 130 84
308 234 94 104
24 492 138 78
666 408 110 72
1662 472 96 86
80 760 106 100
30 404 102 70
626 930 84 62
226 874 90 96
608 880 52 76
1228 806 96 78
18 862 116 84
602 544 72 102
196 580 98 78
270 64 82 102
1424 158 92 94
46 686 92 74
400 934 66 82
1162 412 80 62
706 524 82 64
118 948 134 70
452 328 86 96
496 714 88 64
52 954 100 74
800 194 36 80
16 116 108 72
1224 858 64 106
206 802 98 78
278 0 124 78
600 12 82 52
588 460 100 76
360 360 86 80
136 516 140 78
92 366 128 66
126 590 114 86
