1722 182 64 74
1520 434 48 52
224 182 50 56
202 966 52 52
128 948 74 44
1068 236 54 46
718 82 52 56
1396 140 46 54
592 154 58 46
1380 546 64 44
1640 242 58 44
936 202 42 62
1656 172 62 44
1446 440 76 40
432 332 50 50
268 374 46 52
1292 700 54 38
800 480 58 32
144 114 64 42
778 114 54 46
1276 18 52 58
382 812 66 34
60 368 78 48
862 128 56 40
442 894 46 52
1290 808 62 38
596 644 58 46
592 724 52 56
1372 0 50 62
628 440 42 58
962 50 56 60
192 826 58 36
1618 710 120 52
772 872 38 38
800 238 44 48
468 198 70 42
1108 522 44 58
880 400 38 60
1314 114 62 44
426 210 68 42
726 740 32 48
1502 532 52 48
48 794 60 38
1190 226 58 48
386 280 58 40
130 60 56 52
1444 586 64 32
1646 480 72 36
846 648 34 38
1618 532 58 34
854 532 52 54
1222 846 50 50
232 334 44 50
1024 384 38 42
162 610 60 36
1204 192 66 34
812 750 40 36
816 332 30 48
604 384 64 38
1188 420 54 46
1624 0 54 58
306 412 66 32
1790 572 80 50
1022 662 30 50
42 492 74 30
1626 850 102 56
400 670 22 48
138 280 48 56
660 546 36 38
346 354 48 44
672 812 42 56
130 396 70 38
1654 432 64 38
1102 912 34 46
962 528 30 48
858 822 36 40
800 196 22 40
588 262 70 36
1172 636 42 30
736 498 54 36
1108 646 42 34
738 690 40 40
980 442 34 42
990 892 56 42
306 240 56 38
590 594 64 30
764 206 58 38
894 930 52 46
38 642 54 42
690 200 76 42
1178 668 32 44
810 918 34 40
418 948 42 50
466 300 58 38
780 756 34 46
858 358 48 44
1092 756 38 40
1076 126 62 36
992 516 56 36
904 742 46 34
16 164 96 58
1038 460 54 46
254 776 54 32
706 688 38 40
856 1020 54 36
396 92 60 36
892 666 46 34
816 576 44 56
368 666 58 38
296 690 50 40
1076 394 56 32
874 710 32 40
1262 100 42 56
594 812 30 44
16 230 122 74
590 292 54 52
1834 628 66 46
160 244 52 40
920 568 58 36
684 564 44 52
762 736 32 48
1074 656 38 42
1204 766 62 36
350 252 48 42
1040 972 42 34
802 690 28 38
900 764 44 36
106 352 54 36
802 740 30 36
1672 572 78 46
822 830 36 42
1116 368 42 32
400 202 24 40
932 438 44 34
954 1010 54 40
836 752 42 34
1180 122 52 18
1718 268 70 38
860 180 58 38
530 296 36 36
1086 844 44 50
1186 540 54 42
686 618 54 44
86 656 66 38
112 802 44 46
1050 878 44 36
1050 704 48 28
180 782 44 32
860 626 44 34
1224 4 42 30
340 142 64 44
728 828 44 36
400 160 58 62
878 970 58 40
304 300 36 40
1208 728 36 34
1698 514 64 38
1192 482 60 38
606 342 50 46
204 288 58 36
816 692 40 36
778 728 40 36
298 988 46 58
590 876 38 78
1198 502 38 38
1692 78 70 44
356 888 44 50
126 710 66 34
946 390 42 36
1120 84 52 46
144 666 38 34
848 688 38 40
1222 146 36 34
1028 684 50 48
864 786 44 32
1488 632 54 38
1150 380 52 54
400 890 58 46
1092 176 50 46
182 324 52 40
866 606 62 36
1218 900 42 32
784 700 40 44
1262 924 40 36
800 766 28 40
364 746 54 36
952 412 40 36
1808 326 70 44
802 716 28 36
854 736 40 32
1182 256 28 48
