626 252 118 88
768 174 76 120
864 166 66 134
720 88 64 142
1560 310 92 102
852 286 78 114
628 130 94 102
84 764 114 92
1664 312 70 130
1266 164 60 122
800 60 138 54
340 110 120 82
410 230 86 120
1026 186 80 106
1056 386 130 66
1580 824 90 104
1448 124 72 112
590 692 98 84
1746 318 106 100
926 312 124 68
268 176 96 114
938 640 126 78
1672 486 104 100
162 516 90 96
1048 550 118 90
1216 326 98 84
1244 384 120 76
458 800 78 108
1106 192 104 88
606 342 82 100
1476 930 98 98
1100 486 90 94
78 174 126 92
1600 584 70 124
1266 760 64 128
1156 278 70 112
380 546 78 106
1246 48 74 98
1064 620 90 88
982 714 110 82
274 712 102 90
952 516 108 72
976 878 96 92
1338 852 82 116
740 410 96 82
734 306 94 86
646 578 72 108
1322 276 66 118
474 628 112 72
102 580 100 90
1454 704 128 74
1524 140 74 124
166 60 112 104
868 714 102 102
432 688 112 82
1084 308 100 88
786 620 106 84
982 806 118 78
400 356 68 82
588 498 96 76
1106 750 92 92
1344 748 70 110
1404 384 92 94
682 354 110 74
948 228 98 94
756 808 74 116
862 802 108 86
1030 24 110 52
1086 866 108 82
1656 108 90 110
330 434 104 96
202 658 120 86
918 558 78 116
72 486 96 94
800 742 104 96
1256 454 78 106
0 538 62 92
1356 472 132 74
586 44 90 96
796 530 106 90
1596 702 106 84
478 914 108 86
1400 230 104 88
1572 94 102 94
996 360 88 88
828 848 60 116
968 448 122 76
1672 598 140 74
362 722 106 92
328 794 108 96
1696 424 116 84
1330 542 104 84
1716 812 118 86
162 458 120 74
1528 16 114 76
1014 74 72 112
872 446 122 74
1382 304 98 78
1532 424 106 82
1330 702 132 56
1648 196 130 80
68 852 134 74
688 676 104 88
472 176 86 98
592 16 158 72
1236 894 94 90
306 16 98 100
444 76 86 98
1320 26 100 56
24 412 106 62
688 480 96 92
26 0 112 112
1674 264 136 72
1406 818 96 92
818 410 110 72
1356 618 94 78
1220 468 72 126
1716 648 90 98
294 522 108 86
236 890 116 82
32 682 102 84
4 880 94 112
664 736 88 102
762 480 124 82
590 564 70 82
1760 120 106 94
1424 534 86 88
84 326 152 70
1058 122 102 86
164 910 94 92
98 130 142 88
0 606 104 90
0 108 118 80
1402 60 138 76
444 514 88 96
1506 650 150 86
1132 14 84 102
1476 544 74 110
26 284 110 82
206 570 120 84
320 176 126 78
588 768 80 62
602 898 72 82
206 12 102 92
1558 492 138 74
1622 60 122 58
368 878 96 120
1530 550 98 80
614 938 82 106
614 846 120 92
1482 842 108 80
400 792 48 90
0 764 102 98
248 960 124 70
