756 482 116 54
910 556 150 58
952 194 92 82
926 270 112 50
1020 190 94 92
778 522 88 98
1274 16 82 88
934 604 148 52
1130 552 88 112
800 14 80 92
448 452 128 60
1588 532 116 66
1310 884 86 96
1060 644 124 60
1434 870 90 86
748 206 94 98
686 290 92 94
864 428 110 76
96 160 110 84
432 702 86 96
430 226 136 66
862 18 94 76
1380 70 82 90
1250 114 92 56
1692 886 96 78
32 478 100 110
1092 328 86 100
964 658 122 76
594 472 108 82
1106 244 92 90
1504 456 128 84
1310 664 106 86
366 60 110 70
800 790 144 74
714 648 102 74
632 208 140 88
940 738 74 126
664 382 104 74
1208 868 108 80
1514 250 80 110
418 552 92 98
1728 598 90 110
1578 596 140 62
1326 220 100 90
1224 616 116 84
748 330 106 78
1214 538 100 90
1498 726 104 88
876 84 92 96
1598 392 116 82
1498 528 110 74
590 86 90 72
124 596 134 70
1094 176 80 108
230 60 120 62
194 102 118 84
648 588 78 114
1684 786 104 82
1002 848 96 84
962 74 108 86
1370 948 104 78
1358 482 92 96
1370 584 110 80
696 524 88 104
1430 120 102 80
992 24 100 58
446 394 148 60
1236 728 98 88
1214 796 78 84
1548 976 92 72
1024 366 84 82
808 264 118 82
1022 742 122 56
1100 68 104 60
422 94 108 84
356 644 72 118
1058 108 86 98
844 720 142 72
1372 766 112 98
1430 198 88 98
632 910 90 96
648 16 90 58
620 314 82 100
380 158 114 84
424 788 150 74
1158 772 54 102
782 944 98 84
1302 370 88 92
1102 848 78 106
1234 162 118 88
856 362 76 98
1536 54 116 74
788 852 90 106
1014 758 96 96
464 502 118 86
1266 402 78 108
168 672 80 108
1694 502 118 94
14 298 116 88
658 702 100 74
1542 118 90 102
808 146 110 82
972 426 88 80
1650 646 136 72
332 204 92 86
404 334 140 80
1618 800 94 70
1046 686 124 70
1228 264 106 80
722 762 78 104
1016 486 104 64
1230 60 60 72
936 966 86 88
668 842 112 92
1380 258 98 68
1364 336 96 76
1454 804 100 76
20 110 100 74
232 686 92 98
90 92 116 84
948 378 84 62
42 952 108 72
400 264 130 86
436 862 126 80
1544 808 96 86
494 604 100 96
1668 106 80 102
42 684 98 70
1434 292 100 80
1402 662 96 96
656 764 74 78
840 510 92 70
1054 432 100 64
500 166 90 74
94 446 144 66
610 658 62 104
1600 144 74 118
400 650 40 100
1304 314 118 66
330 316 100 88
1594 676 90 112
20 0 84 100
142 506 96 86
1586 18 106 78
1680 344 82 88
1396 24 154 72
242 308 86 94
230 782 100 90
1642 280 84 102
686 442 110 48
1714 712 112 80
788 404 100 78
1762 212 102 92
1698 6 112 94
1536 906 90 80
262 546 142 72
950 318 106 74
1072 24 92 36
1166 136 56 68
614 566 68 86
232 468 126 78
1584 248 76 104
164 290 156 68
626 534 84 56
96 816 130 80
134 0 110 92
596 378 86 78
376 768 78 134
150 868 182 76
1728 126 100 84
1702 442 152 70
184 522 130 76
626 810 76 82
