1304 314 74 42
1534 278 64 38
972 612 48 62
1404 364 66 44
192 962 60 48
254 126 68 52
1032 322 74 36
1264 118 60 50
1606 92 80 56
652 22 56 64
1434 44 84 54
694 166 80 40
598 246 64 46
1412 130 46 66
1096 642 50 56
1330 132 48 64
700 782 66 40
1554 344 46 60
854 280 70 40
1348 444 44 50
446 128 54 58
58 972 74 50
1480 410 72 38
58 538 72 34
632 174 66 50
246 858 68 44
818 622 56 40
872 494 42 50
400 120 30 28
1292 66 68 40
686 638 60 42
908 422 44 52
172 802 74 34
132 666 64 34
1450 164 58 68
604 80 54 62
1734 266 56 46
944 62 54 58
130 80 78 64
1354 232 70 38
820 524 44 48
82 858 80 36
340 84 50 68
414 640 68 36
30 370 86 40
690 694 62 44
500 128 52 70
868 596 60 34
666 234 46 48
186 338 74 30
246 772 56 52
662 60 50 20
120 756 66 42
1386 270 58 48
1208 112 54 44
1024 684 52 40
1620 762 60 46
384 86 48 60
480 246 66 44
610 120 52 20
594 730 70 44
1044 208 56 44
142 30 74 48
734 572 54 38
1806 818 70 40
1192 0 58 74
862 398 48 48
488 374 54 54
834 346 32 50
788 330 42 54
1404 624 34 46
74 96 76 44
1540 452 64 50
772 588 42 50
748 410 54 50
340 48 54 40
38 450 84 46
14 156 92 70
586 716 30 42
676 836 58 48
688 600 36 36
1134 106 28 46
324 394 96 36
714 370 42 56
1322 646 64 46
100 896 72 40
884 640 42 34
800 384 24 34
1660 468 50 44
180 0 48 20
180 542 60 48
1330 2 46 24
44 710 80 52
1782 746 74 36
386 930 64 32
1738 354 40 32
656 550 42 34
1088 920 34 44
660 522 38 40
1626 564 62 40
516 336 44 30
86 180 34 40
1626 288 64 38
314 790 58 40
1088 518 34 44
1496 738 64 50
1608 614 66 38
1666 758 60 44
400 396 20 40
