1360 140 50 70
986 218 76 44
844 374 50 56
1562 496 64 48
644 436 70 38
210 208 52 60
970 388 62 38
1344 72 70 44
172 814 74 36
82 528 66 52
710 730 44 56
924 518 68 32
136 128 60 78
854 896 48 54
650 654 48 54
368 142 64 48
276 650 58 42
672 224 48 54
800 318 62 36
1252 710 52 50
326 490 52 48
204 496 58 44
890 628 42 54
152 914 94 60
750 276 44 60
1196 118 56 46
450 110 62 54
224 298 58 52
250 562 62 40
1198 212 66 46
474 522 54 58
922 432 52 48
738 366 66 38
494 728 58 42
1236 372 68 40
1060 334 46 64
694 376 46 56
978 636 56 44
1034 712 66 38
1072 260 66 40
1638 348 154 62
1086 600 44 64
1190 506 64 40
818 738 68 38
388 852 70 42
790 548 44 54
1046 442 60 42
788 604 56 42
70 794 66 46
374 746 62 32
502 776 60 38
346 382 58 44
638 378 62 42
1022 156 54 50
96 848 52 48
18 156 82 62
44 644 56 46
1188 420 66 36
1474 306 46 50
762 18 54 66
136 860 52 52
1078 122 64 38
1090 324 54 44
42 446 68 46
796 712 40 56
1066 786 50 48
14 374 76 38
56 266 70 34
1110 516 38 52
714 226 52 50
704 638 42 56
1080 564 62 36
76 902 66 56
1058 578 42 56
1178 764 48 48
1044 174 50 62
1202 458 62 38
1028 548 44 46
1046 90 56 44
310 760 48 48
1134 96 42 60
1052 514 52 44
746 484 52 46
1166 674 50 40
496 604 44 54
1136 36 40 34
1206 314 42 54
1732 156 74 56
734 630 48 50
1486 242 68 46
1026 754 42 50
830 60 60 20
1184 74 58 46
1084 810 58 40
474 990 96 58
1232 28 38 58
1134 286 42 56
212 414 58 34
712 478 50 46
1166 350 52 44
1004 612 54 40
974 892 36 44
1454 226 48 42
584 586 32 46
1188 298 48 46
986 806 68 34
400 786 60 46
1020 930 32 40
418 626 64 40
1422 298 62 42
1102 698 40 30
1100 182 46 58
