708 590 108 66
784 646 100 68
848 130 90 70
1050 482 102 68
810 532 102 68
1066 168 108 78
890 886 94 90
1124 764 90 84
992 180 88 112
1514 278 108 64
1226 436 126 62
1378 470 104 84
906 674 90 88
1282 174 132 62
1322 542 78 90
1590 304 90 86
1024 734 90 76
1044 370 98 80
768 854 98 94
1354 322 110 78
1378 212 116 80
1212 732 76 116
1036 660 102 84
640 632 84 112
856 708 80 116
302 262 94 96
906 328 70 88
826 602 136 58
1316 396 98 66
940 610 112 84
844 832 92 70
1318 782 88 74
768 764 116 82
916 242 102 80
1474 354 92 92
1042 114 160 70
1078 596 110 80
210 290 90 92
1446 816 78 100
1012 300 78 104
740 494 114 64
440 286 94 80
610 516 146 68
350 120 92 88
674 288 110 92
960 350 82 106
940 526 88 70
808 376 70 88
1528 662 164 66
906 768 120 84
1340 44 76 112
1024 806 114 80
8 190 86 108
162 152 120 72
816 252 76 106
664 758 108 80
1000 536 92 80
1078 264 76 112
1404 372 100 82
1736 844 82 70
262 898 92 96
18 110 108 80
1632 812 98 80
464 726 92 82
464 916 88 86
396 628 90 94
354 904 92 74
600 644 52 104
786 934 88 86
1512 600 146 66
244 196 170 70
1458 554 100 88
1468 174 116 80
1690 266 94 100
1622 202 96 96
1320 710 110 80
986 20 94 58
1246 102 92 96
1474 678 96 98
1352 822 100 76
598 358 108 98
1704 652 78 106
688 34 72 102
1568 60 86 66
258 40 86 88
228 460 102 96
390 54 90 98
172 74 114 84
710 670 82 92
468 88 96 82
1508 804 96 96
1610 556 130 68
1276 486 92 92
1128 18 78 94
902 22 102 60
1546 204 112 78
4 0 86 108
1512 912 104 86
1228 316 78 114
228 790 122 74
80 36 112 84
1284 220 116 72
252 122 108 82
800 710 68 78
694 366 76 104
620 462 104 54
1242 206 70 96
670 912 88 96
1222 876 128 72
1446 466 154 74
1644 60 98 42
718 152 96 60
388 832 110 84
1404 894 102 90
1242 622 94 100
50 0 140 48
468 60 98 44
536 680 60 90
222 672 124 76
664 828 84 100
264 560 114 76
840 18 76 70
1072 70 106 54
1746 158 102 58
1724 902 96 44
180 484 88 100
240 840 102 88
1146 514 126 68
1712 738 124 68
1686 948 90 84
1506 120 90 44
1286 294 74 104
390 722 98 68
616 794 68 92
32 410 98 60
0 318 174 70
50 956 102 78
38 510 126 74
1080 876 66 94
754 20 88 64
120 936 154 72
1168 296 58 102
400 516 76 92
594 20 78 52
896 442 102 70
1132 838 58 106
1244 30 88 102
1552 412 98 70
470 842 84 90
728 208 92 84
624 168 102 92
250 732 128 70
1396 76 80 100
914 554 64 88
802 52 80 96
50 692 86 60
1576 488 114 62
100 420 162 64
1552 744 92 68
74 186 116 104
1590 142 126 72
406 932 78 110
318 502 98 90
1444 956 150 80
1334 652 86 70
1338 120 64 42
336 688 76 110
126 836 102 90
1186 576 72 114
1768 266 86 86
506 228 80 84
984 920 80 94
1654 428 92 90
600 120 70 52
1356 960 94 86
1350 598 118 84
712 120 96 46
514 310 78 88
1422 122 100 80
840 446 82 80
538 944 78 70
384 12 112 56
38 578 154 64
1384 688 118 74
0 474 70 82
1646 98 96 60
1206 20 56 124
