1382 400 66 72
614 288 70 88
886 314 62 92
1098 332 70 68
950 548 82 58
1148 476 56 92
794 746 82 54
912 688 70 96
1082 450 82 48
1052 268 84 66
730 622 72 82
714 348 94 46
698 280 74 66
956 400 74 70
998 670 84 52
1098 640 70 62
868 528 66 50
1090 102 68 72
736 480 106 46
682 882 66 64
776 802 80 70
270 748 94 60
608 528 130 50
1000 346 72 66
952 278 72 66
764 202 78 88
912 142 70 78
842 130 72 82
1120 204 84 56
1224 748 82 50
878 858 76 72
1104 794 60 72
1336 800 64 68
654 136 92 60
1420 262 66 72
618 590 110 62
426 570 120 48
834 474 84 50
1484 18 82 80
830 214 74 80
1592 288 86 64
886 50 74 82
1250 946 70 52
1004 178 88 58
604 202 72 66
1106 902 62 64
132 690 118 56
1362 288 64 74
966 88 74 58
632 724 100 52
828 550 60 60
856 776 72 82
442 476 102 70
870 416 68 62
1304 856 58 78
422 804 124 68
1084 704 78 44
744 424 100 44
1256 124 72 86
1242 394 84 48
774 954 72 78
1584 446 96 60
1108 748 78 46
1450 192 66 72
1298 602 58 70
360 92 96 60
1650 964 138 66
272 938 86 56
1652 788 90 58
1486 702 62 64
1686 520 84 58
1560 558 86 60
654 66 58 78
678 396 82 50
1058 396 76 52
1224 494 46 66
1460 584 64 78
1242 642 72 66
800 288 84 62
458 240 76 70
1656 280 152 56
1514 640 66 62
1654 120 94 58
1310 66 82 60
1442 54 70 96
1230 72 68 62
1232 1004 56 52
1034 856 62 70
1600 216 80 66
1216 880 60 68
1048 748 62 56
56 858 92 64
1484 142 88 72
1220 340 60 56
1318 138 66 66
1396 708 84 70
1062 24 84 44
1364 200 74 54
316 886 122 54
1464 418 84 66
1672 466 78 56
1148 596 58 78
400 578 78 84
108 744 110 76
1646 858 100 60
1442 818 52 80
380 960 86 66
612 658 76 104
1348 878 60 78
828 918 84 48
942 320 52 70
1638 370 170 68
1524 298 66 72
972 704 78 66
620 802 114 60
836 962 60 68
446 310 88 58
214 818 86 76
1232 454 68 54
264 580 126 78
146 866 88 58
1392 828 58 74
1620 582 70 52
1568 150 66 70
1290 28 72 60
306 106 84 92
1720 616 82 62
1576 914 76 62
1572 636 66 62
1546 718 70 64
482 370 72 58
1534 424 58 78
1294 462 56 72
1600 66 92 60
452 726 126 72
1000 944 60 58
1484 896 56 62
1746 160 70 60
1316 388 46 64
1660 16 70 48
1004 20 62 52
226 256 96 94
1232 214 72 58
1668 210 80 78
508 266 66 62
654 944 74 90
922 24 70 50
60 948 102 70
1426 932 54 82
1328 958 66 58
1558 106 84 44
184 918 86 76
1688 580 74 64
1496 264 90 52
224 194 108 86
1548 802 56 68
70 330 134 62
504 954 82 52
1364 988 62 50
1160 142 52 62
64 800 54 64
1476 772 80 42
14 196 96 70
1084 962 68 50
1468 960 70 50
46 118 90 70
962 986 80 40
618 462 88 44
164 588 116 62
1692 734 78 70
1198 60 48 66
1502 826 52 74
0 256 104 72
1822 494 74 62
64 190 114 86
1818 440 80 54
594 76 54 56
992 998 78 42
530 360 64 78
