970 298 96 84
802 798 74 92
874 708 88 72
694 578 74 82
782 608 78 76
1238 158 110 56
1064 300 122 70
840 638 76 76
1478 356 86 70
1294 760 84 78
1088 460 70 98
1028 512 68 96
1054 860 118 62
672 678 92 76
1468 794 96 68
796 182 100 80
1100 192 82 92
1394 352 80 42
472 736 102 74
1342 644 80 96
1086 708 58 94
1508 188 98 76
1630 214 100 68
1048 646 72 92
1226 342 92 82
1432 270 100 74
1254 658 94 84
918 582 64 92
1578 288 104 72
1238 88 106 68
1030 748 78 92
1606 616 92 82
1290 226 98 72
1418 120 68 72
1424 746 88 52
1636 80 94 74
1524 676 82 62
1434 666 92 80
1410 576 88 80
640 342 124 78
1602 806 108 88
400 474 86 82
1590 694 78 72
924 950 76 102
1708 166 110 70
1458 20 114 68
1624 488 98 80
1146 490 68 62
312 416 86 88
1296 530 70 98
1380 432 78 68
458 34 82 130
82 50 130 58
1718 290 90 70
646 454 84 104
1294 958 106 82
1426 494 116 78
1140 566 76 80
886 470 114 82
1258 462 82 76
466 604 96 82
244 462 98 88
734 60 128 80
476 434 82 90
1484 598 90 80
24 118 108 74
1502 880 72 72
1240 214 68 108
1128 812 76 72
630 734 64 116
370 730 112 88
400 292 84 100
1366 858 72 52
706 848 82 88
1336 464 80 88
1718 516 100 86
1664 692 104 64
1208 742 56 104
108 262 114 86
1538 72 92 76
1392 806 82 78
1212 486 80 58
266 570 92 84
278 830 108 82
446 910 108 94
176 824 140 76
1714 980 96 72
190 60 122 54
1508 408 98 60
216 660 102 86
1680 748 98 68
1336 550 60 90
464 232 84 94
468 120 82 38
1694 50 102 82
188 560 98 80
24 6 90 94
302 156 80 96
12 576 102 54
38 768 114 82
0 186 96 92
394 106 68 112
1246 870 96 56
1698 880 72 64
166 744 156 68
52 682 98 62
404 200 118 58
1608 362 84 94
1774 120 66 54
430 644 76 86
1778 40 66 78
1574 880 64 80
64 952 88 66
1744 608 74 102
300 906 82 98
1666 444 98 60
302 244 98 80
640 922 84 102
1684 368 96 64
138 462 134 66
1160 680 68 66
76 186 118 86
6 280 120 88
18 498 84 78
180 396 90 66
320 662 100 100
1648 582 146 56
600 348 50 94
1226 848 50 68
104 98 144 68
1744 418 78 72
