1062 354 38 36
1180 420 44 34
1586 658 40 34
620 564 40 42
930 138 34 46
1096 378 36 42
602 554 38 42
1222 500 34 36
1100 346 40 38
1112 562 38 40
1044 734 34 42
606 308 34 40
668 544 34 40
1098 422 50 30
928 814 38 40
606 392 46 38
1612 540 44 32
1042 656 36 40
1002 768 48 34
1060 450 36 40
598 260 36 30
1170 530 38 32
1602 400 36 36
984 778 46 32
608 334 40 38
1154 818 34 40
604 650 38 34
1096 486 42 38
612 458 42 34
674 414 32 42
938 70 34 40
1686 60 78 50
602 88 36 38
620 594 44 32
1042 84 40 32
988 24 34 40
692 68 44 30
734 188 38 28
604 210 40 36
1108 22 34 44
634 334 28 38
592 122 36 34
1106 896 38 36
464 448 40 32
1662 538 56 28
1086 456 42 40
1650 62 36 28
1162 840 34 38
196 368 48 36
1086 120 52 28
650 446 34 40
516 246 48 32
200 0 70 38
120 264 38 30
1634 556 44 28
690 322 46 26
1082 762 42 34
1654 624 74 36
1088 440 44 32
800 64 32 20
1716 202 44 32
