166 860 130 82
1356 738 80 110
366 6 96 108
412 860 94 92
464 930 106 92
928 350 112 62
280 614 80 108
142 316 128 78
240 942 146 78
624 930 100 94
1388 628 80 106
806 22 112 86
130 750 106 104
6 542 124 88
622 154 102 86
1448 670 94 104
368 940 92 98
932 284 102 78
446 770 108 98
688 318 102 84
960 398 116 72
300 264 132 108
800 370 164 78
730 212 92 100
1066 612 108 64
910 18 86 84
154 254 150 68
1244 152 124 76
1230 216 104 72
158 690 134 72
322 696 144 80
28 234 134 98
1386 314 72 118
1062 190 112 64
942 142 76 128
452 84 110 76
226 762 108 94
784 282 112 84
318 796 108 90
818 166 68 126
88 820 96 102
1104 60 94 68
1026 310 102 88
1098 236 124 70
114 526 106 92
878 458 96 88
686 526 104 74
752 630 110 70
1226 498 80 100
878 290 78 98
594 486 92 94
1338 132 96 80
1318 210 80 98
666 632 106 76
800 434 114 76
984 584 96 84
1316 588 112 84
920 578 76 100
142 472 200 76
638 268 86 94
850 514 86 86
404 162 92 98
966 502 70 114
1554 340 88 90
418 608 94 94
1658 698 80 104
1054 684 114 74
1034 250 108 74
1270 666 112 70
794 508 68 100
1420 882 116 86
0 0 160 68
1594 820 122 84
1430 236 92 116
32 688 92 70
1300 70 86 98
1580 884 84 108
1636 538 114 58
1428 114 86 96
782 100 118 82
364 508 126 92
876 738 88 80
1376 540 148 72
974 190 102 94
208 552 132 72
852 880 84 106
758 954 122 82
1226 276 130 76
1292 508 90 104
802 690 104 84
1066 368 92 92
1542 690 126 68
1552 756 98 88
1510 78 146 84
1250 368 70 84
748 874 128 76
1112 310 74 88
1042 112 138 76
1040 524 72 112
1302 332 82 78
1302 384 76 100
958 456 114 76
252 16 110 106
592 576 72 86
596 758 62 106
156 614 132 74
1652 82 158 58
1496 552 96 78
1026 852 72 84
1222 576 66 100
1250 92 86 68
394 750 102 84
1350 36 88 102
720 148 94 84
1706 302 114 86
846 806 102 82
726 582 110 70
1672 870 96 104
1496 458 122 78
926 660 124 74
274 168 128 88
1248 932 86 106
1708 662 114 76
844 602 88 104
1096 464 100 74
594 302 84 102
800 188 38 114
860 182 90 106
292 120 142 62
1636 946 94 64
1686 126 150 82
0 116 110 74
1102 516 88 98
434 350 138 88
856 118 104 84
1160 28 72 66
400 60 72 68
1046 60 68 90
624 14 74 72
584 210 120 82
1590 276 100 86
606 392 122 86
940 972 80 84
634 726 82 96
360 608 78 96
1760 904 72 78
656 812 110 76
680 18 94 74
988 60 68 92
1546 520 96 70
1006 692 76 90
1226 60 120 40
1420 472 106 80
1024 762 60 98
1156 844 60 92
1572 26 122 60
1402 820 116 72
582 68 72 84
400 280 44 96
742 770 74 86
1710 832 130 70
1440 24 90 92
1220 864 84 84
1288 724 76 84
