848 480 80 92
1380 608 108 64
808 704 90 82
786 326 106 66
1238 112 116 70
932 424 126 68
1556 642 96 88
994 666 80 88
108 202 84 108
900 604 104 76
814 648 100 62
1374 168 94 104
932 98 124 64
1114 190 66 110
1370 72 96 84
984 586 144 60
1716 156 116 68
294 164 82 100
998 534 120 58
754 390 104 82
1068 712 88 80
1358 724 110 72
1078 626 98 82
1510 268 108 90
1052 454 92 86
780 600 120 58
1550 950 104 76
926 672 76 102
800 776 112 64
104 878 110 86
1728 600 82 104
888 264 114 90
1054 772 96 72
1100 336 102 72
1420 296 92 92
470 276 96 88
872 20 90 64
1232 568 156 74
828 836 78 110
1594 306 110 68
414 564 120 88
340 80 82 104
1138 736 64 128
1404 534 114 68
474 680 132 74
1040 272 132 70
756 478 94 76
1358 794 114 74
1080 890 70 84
46 960 100 64
1722 218 124 76
664 706 84 90
1230 60 102 80
314 296 80 98
134 462 124 76
18 112 108 78
1250 380 86 76
714 258 134 86
668 510 106 86
216 734 148 64
1456 140 118 82
1458 366 82 72
1092 60 74 72
1538 60 114 80
1232 840 96 76
194 70 118 80
1326 826 90 94
1052 386 124 80
1212 754 74 104
612 330 118 80
1478 698 150 84
706 648 116 66
368 194 86 100
1046 18 82 66
938 160 110 84
960 60 92 56
430 98 114 80
1308 712 70 102
1500 830 96 84
624 838 102 74
258 540 118 78
124 756 90 92
440 850 128 84
776 190 118 84
1574 534 74 114
180 0 128 78
452 472 78 88
470 174 92 96
610 608 142 74
994 806 74 122
90 502 92 90
912 834 92 62
240 788 140 68
388 280 76 98
728 802 108 76
1158 18 68 100
390 10 114 78
0 14 110 78
0 766 114 88
1490 552 96 98
1646 238 110 88
590 60 98 86
1466 490 122 80
600 136 116 82
498 746 110 82
1018 134 110 70
30 576 106 100
1770 300 68 82
1178 328 136 68
1314 32 90 90
192 240 94 94
1242 932 74 128
1232 714 104 76
1618 62 130 84
1164 188 56 128
1566 362 130 74
1238 458 74 86
420 376 108 94
110 644 140 76
306 2 110 78
270 234 78 102
1532 886 104 70
184 906 114 72
400 484 84 90
660 788 110 76
630 216 124 88
1610 134 110 84
6 196 92 104
696 52 108 76
152 692 120 80
116 0 102 74
588 186 100 80
42 688 98 66
480 524 134 70
318 890 128 80
1624 490 152 86
728 118 112 82
1624 838 86 66
474 916 80 92
1680 14 88 72
1544 752 84 80
400 962 58 80
526 622 70 78
658 14 80 54
608 742 58 114
894 960 102 70
466 978 132 76
800 266 40 82
720 932 80 88
1722 844 82 80
596 344 64 92
1840 850 58 100
326 806 92 90
488 444 90 68
1738 60 90 70
596 272 66 68
1070 978 66 82
