1522 306 66 38
384 322 52 52
196 132 62 52
1260 282 58 40
1370 100 54 56
1394 644 50 56
168 398 58 42
244 238 58 40
258 402 64 34
1550 504 56 34
1692 90 56 54
924 416 60 36
1308 130 62 42
1392 358 56 40
1594 364 46 54
1582 774 58 34
174 216 48 46
678 788 66 32
66 574 66 36
388 710 44 52
888 332 48 44
94 892 82 38
1390 258 44 50
1342 568 58 36
80 646 64 42
800 542 22 46
592 384 68 32
734 660 32 42
20 332 60 50
596 626 40 32
858 120 40 30
792 294 56 36
892 626 38 36
978 314 46 32
700 548 36 44
1192 232 60 36
1038 430 42 34
322 798 64 28
462 856 66 38
1672 568 78 50
362 216 48 44
866 568 34 48
70 786 60 38
800 122 26 38
738 466 40 40
1038 972 52 48
872 788 50 46
1058 268 36 42
436 438 50 30
1056 188 42 36
858 258 44 32
668 384 38 40
1252 512 48 26
1086 124 40 38
492 460 40 38
744 368 42 34
640 600 44 28
674 626 36 32
744 604 46 32
588 410 26 48
1000 736 98 38
1236 150 46 56
1004 220 32 44
800 378 46 32
836 926 32 46
1054 472 40 32
206 794 52 36
264 996 52 48
1094 248 32 44
1180 60 48 20
1410 394 60 38
1082 324 44 54
840 890 46 30
1236 70 58 36
382 902 34 38
846 822 46 50
480 388 44 48
74 522 78 36
278 326 42 50
1070 668 62 34
1186 446 40 32
402 906 34 42
350 890 42 32
118 722 72 36
728 172 60 44
1558 2 52 42
114 684 74 36
264 840 36 42
380 552 46 32
894 938 64 36
696 4 38 30
596 556 40 32
226 964 70 34
806 228 50 30
798 934 40 38
436 516 54 30
1792 504 66 36
1666 474 74 38
1646 548 90 36
588 712 42 62
1078 922 32 50
476 932 36 48
926 216 38 34
772 166 40 32
1212 122 48 28
422 550 30 40
1794 468 68 42
1178 122 36 36
1056 82 46 32
1090 544 60 42
1212 772 48 30
1730 164 62 46
1180 712 60 40
328 1002 50 38
1196 788 38 38
1174 728 34 36
10 608 72 40
758 506 40 30
306 840 44 40
1094 486 40 38
96 750 42 26
780 66 58 42
420 2 52 44
1190 134 54 38
594 4 58 54
1166 654 40 28
954 236 42 30
494 934 40 58
1228 112 42 28
1108 434 36 34
1228 142 38 38
810 4 36 34
1690 418 70 46
406 934 42 32
592 664 68 42
890 4 42 22
778 532 38 36
