310 406 58 48
78 318 74 62
184 554 74 30
154 280 84 40
358 82 52 70
1420 366 70 38
640 816 66 44
1590 238 76 38
1734 172 70 74
100 180 92 40
1642 96 84 44
726 884 46 56
38 572 62 48
886 826 56 42
120 706 78 42
806 812 52 52
592 206 70 62
232 214 56 52
824 178 58 46
42 836 62 44
622 716 70 36
1438 756 62 44
1558 820 60 38
1702 278 80 60
1662 508 72 38
1624 556 62 38
806 726 56 46
966 624 60 42
1628 362 80 64
826 118 54 42
1666 240 92 54
1674 144 98 36
460 710 60 46
202 836 56 48
734 268 44 54
1282 336 56 48
814 644 56 42
710 572 56 42
1666 182 64 50
328 780 70 32
1304 128 40 58
656 422 60 36
584 32 50 72
782 286 56 44
1586 40 82 50
1812 552 84 42
1370 296 58 44
122 762 68 34
810 70 48 48
218 902 74 40
944 936 50 58
902 54 64 42
662 606 54 38
116 1006 88 38
1104 104 40 38
1272 192 46 54
374 730 64 32
914 536 48 50
276 658 62 36
978 556 68 32
1560 460 70 34
902 454 48 46
40 452 74 44
600 584 52 40
1384 254 62 36
1058 190 38 64
16 156 86 66
106 920 76 40
1260 282 54 44
510 728 58 42
976 216 40 58
48 234 74 66
848 362 52 44
1676 572 70 46
872 402 40 54
1258 644 54 42
776 542 52 36
662 1002 82 44
1584 630 72 32
1794 822 70 66
1570 662 54 36
1178 766 48 46
1180 382 32 44
1170 670 62 50
1214 496 34 44
1000 888 66 30
1190 996 38 36
524 420 42 58
786 582 36 62
1374 158 38 60
850 296 40 54
1054 424 42 42
838 536 64 46
944 580 42 50
720 410 54 40
1308 226 54 42
892 180 40 60
1042 468 54 36
1122 650 30 50
1304 266 52 46
818 504 58 36
1060 378 40 36
582 298 30 44
366 600 48 38
636 652 60 34
802 370 34 44
590 708 38 78
1048 944 44 54
1204 148 32 40
1010 972 46 52
1102 378 42 36
778 434 34 42
814 1004 64 32
46 714 72 50
482 592 60 32
804 424 32 42
1584 948 52 56
930 268 56 36
800 478 32 38
1422 202 44 50
1302 984 46 54
406 442 54 40
1124 192 36 38
688 510 56 34
1376 218 50 38
1036 762 56 50
1826 244 66 50
1182 522 38 40
1142 62 38 28
300 0 68 38
1250 692 38 36
724 628 40 28
928 0 46 52
752 384 38 40
740 662 60 42
114 84 82 58
496 1002 76 44
926 212 52 56
726 654 26 44
1714 74 50 60
1670 778 76 50
1778 854 70 52
1364 888 68 32
790 338 32 40
1040 804 36 38
1124 2 44 18
1106 496 40 32
