746 678 68 124
302 282 76 118
990 324 102 86
1234 646 108 62
1034 662 140 66
926 544 148 64
1086 322 102 94
426 300 104 88
1506 806 72 128
610 146 92 116
30 492 100 110
164 274 120 82
1238 702 112 62
612 16 104 94
800 378 88 96
1506 86 80 112
1070 594 120 78
1428 350 86 110
970 464 100 88
1324 482 74 118
426 146 80 106
1336 866 72 114
808 880 100 82
400 366 78 86
1728 802 92 102
846 272 72 110
832 496 110 78
1428 540 134 78
1308 320 130 76
818 624 90 92
1128 200 68 124
1242 50 116 84
868 118 104 70
1226 484 62 106
586 676 130 80
1536 274 112 84
1068 508 88 96
1038 442 130 74
406 476 114 88
1298 374 82 118
1350 648 84 104
640 736 96 110
1240 122 136 90
1592 820 120 78
1292 254 92 98
976 806 58 134
944 238 108 90
876 662 106 84
1110 758 88 90
896 824 90 106
1418 864 70 104
302 108 116 76
114 886 160 68
908 148 84 108
388 220 76 104
678 510 100 104
1226 964 116 66
1360 60 78 110
1582 134 106 92
76 768 156 80
190 206 126 80
1046 724 100 68
1490 618 76 106
740 574 116 86
970 702 104 98
892 20 108 76
838 428 142 82
802 704 114 76
604 238 98 98
658 114 106 82
1700 220 114 100
1618 422 120 80
622 892 84 100
754 484 110 76
1218 766 62 106
1536 334 70 114
1384 456 104 82
48 850 102 108
494 738 88 110
600 564 92 104
588 330 116 74
674 832 112 88
14 114 94 74
1634 210 88 94
598 396 124 78
920 920 120 84
380 60 80 70
1690 696 90 100
1436 80 74 112
618 478 102 82
1684 878 116 92
496 174 82 116
1536 656 96 96
1470 22 138 70
176 678 98 90
1154 502 68 92
1422 642 78 106
652 952 116 76
768 288 98 102
1530 746 136 74
592 60 74 100
400 802 122 78
146 500 118 82
436 50 104 98
338 830 118 84
1534 204 118 74
84 288 102 88
826 16 80 62
384 654 84 94
1580 584 96 90
692 18 116 60
488 836 110 86
1086 862 68 122
674 440 102 68
180 448 108 98
400 934 44 102
1660 612 80 98
104 610 98 96
242 52 148 72
1278 784 100 98
1358 180 86 100
1252 198 110 76
1016 132 108 66
1672 142 92 78
1030 814 80 132
122 956 126 86
196 0 96 108
1114 60 94 50
1230 212 58 106
2 598 100 84
134 832 154 70
144 342 108 86
34 960 118 72
1076 120 86 52
1554 470 74 110
1366 806 86 108
1222 902 90 72
746 908 90 110
982 16 108 60
422 704 118 82
1596 496 88 88
1078 182 68 90
1402 746 116 94
1218 848 84 88
1156 866 56 88
1474 714 68 118
38 684 88 68
400 592 44 88
820 762 84 112
318 520 124 84
1472 442 136 68
278 182 152 72
318 718 96 102
6 158 62 120
1678 14 80 68
4 286 98 90
1758 292 92 94
1164 302 78 80
78 60 84 46
