1290 294 92 58
934 554 68 64
1226 356 70 76
344 934 80 82
158 228 84 82
990 438 62 86
1250 168 98 70
782 596 62 58
420 230 138 58
644 186 68 96
1276 382 66 76
1490 22 106 44
1144 310 56 96
280 86 76 96
192 914 100 62
472 112 84 72
1572 160 82 66
842 490 82 72
720 714 68 68
1070 314 58 72
1090 462 80 48
1370 362 82 66
352 322 106 52
70 234 100 58
278 468 86 80
1140 602 74 80
344 106 80 106
1408 188 74 64
188 80 98 70
1652 112 90 60
852 952 62 64
1026 768 74 56
778 428 92 62
738 948 82 56
276 710 78 86
854 412 76 58
1676 16 66 80
1088 890 82 46
64 956 98 64
266 306 80 76
0 248 88 64
1350 438 68 54
338 730 68 98
772 294 80 68
1090 372 60 68
92 50 98 68
874 136 84 64
1046 932 56 56
646 670 76 54
494 742 86 58
1070 714 94 52
66 690 84 58
352 452 80 70
28 128 104 64
856 734 84 60
1636 454 92 56
28 486 106 72
1650 594 90 62
426 486 98 46
802 820 62 82
1216 732 96 64
640 922 66 120
1598 694 74 70
510 384 82 58
122 136 118 66
1566 54 56 78
608 154 42 92
1160 212 56 68
1134 60 74 74
1670 334 76 42
84 864 114 84
42 766 80 50
32 326 116 54
538 620 62 48
1316 772 62 48
602 26 46 84
1538 606 86 54
