978 540 64 98
1078 622 108 72
1374 694 78 106
910 636 70 100
982 366 88 82
964 668 78 98
728 16 102 82
1072 362 76 86
618 744 110 66
1222 384 130 58
958 442 100 70
1232 134 112 58
1420 670 96 78
1406 276 132 70
798 186 104 84
896 832 104 76
628 676 88 74
1148 752 62 124
1034 862 96 80
852 278 104 80
826 116 110 68
906 498 70 96
170 848 130 70
856 354 72 124
1012 798 104 74
724 778 100 74
1224 262 126 70
686 242 90 102
1108 480 88 76
632 540 108 78
1454 504 136 70
1144 584 72 102
1332 216 98 76
200 770 108 86
930 924 70 108
1456 420 112 54
1594 666 100 74
1058 450 98 86
852 470 100 66
844 16 84 100
1092 238 82 94
1592 510 90 94
772 620 82 118
1506 750 88 76
1146 292 74 96
1732 770 90 74
1122 866 74 86
600 116 144 68
782 716 108 82
1050 114 108 68
760 258 114 90
588 200 104 86
1408 378 84 66
1234 72 104 68
616 464 88 88
440 14 94 90
1210 334 108 78
224 444 126 74
1538 452 128 70
470 274 74 112
454 460 118 60
1388 446 84 94
370 344 100 82
592 60 112 76
1288 602 82 90
1530 178 140 66
1622 112 108 72
618 804 146 72
126 194 110 68
114 712 142 62
228 896 120 80
1338 908 78 108
594 356 98 106
122 962 142 72
1656 642 144 66
1640 948 86 74
1048 934 94 72
114 492 140 56
1240 716 102 64
20 110 102 76
1146 60 74 64
1398 26 124 58
990 22 92 46
6 584 90 114
0 272 148 60
416 126 108 82
1558 16 98 52
1220 474 62 100
1520 662 98 98
1240 184 88 84
466 650 134 46
326 582 90 82
1388 52 108 102
770 494 90 56
1674 704 98 94
352 170 98 106
510 186 82 76
1584 734 98 62
1342 374 74 104
624 946 98 92
1072 170 98 90
1642 252 74 106
1722 310 110 84
488 698 98 68
846 910 86 110
346 4 100 88
404 982 106 64
238 348 108 82
96 50 104 94
282 504 84 104
1316 60 100 60
184 552 124 84
1524 346 122 82
90 304 110 76
6 170 102 110
1258 760 96 56
1008 66 76 80
1514 106 82 86
1234 816 126 78
1068 54 86 64
34 0 118 96
304 120 128 54
1662 12 120 54
722 832 78 100
1724 466 116 78
1208 740 58 118
94 864 92 100
1686 250 114 66
1436 820 86 102
1222 20 70 94
1226 646 100 72
1226 890 76 88
1730 836 86 82
804 404 78 68
1224 436 102 54
1562 64 90 96
1598 886 108 72
1168 196 50 108
136 140 88 58
1226 948 116 58
1760 150 88 54
1654 390 162 66
110 436 140 68
922 176 84 142
1666 188 150 72
12 488 124 90
348 812 86 106
398 698 104 88
1662 590 102 64
800 540 82 84
1576 120 62 48
36 764 116 118
232 54 108 82
1490 188 80 102
1724 918 94 74
1208 610 80 88
90 564 114 80
742 60 76 32
496 952 96 56
412 920 126 64
44 954 96 74
178 90 110 64
1596 214 90 90
0 6 52 88
0 320 104 58
1672 50 108 84
252 0 108 90
416 780 78 94
150 378 112 74
740 386 96 68
1752 60 108 70
284 138 86 108
112 614 144 60
208 154 84 82
1584 786 58 74
1666 520 134 76
256 286 126 66
504 528 86 64
360 508 90 80
