1564 342 82 72
1324 374 66 76
976 542 62 88
774 702 70 88
1320 576 108 46
862 250 76 64
1352 124 72 70
1378 274 102 56
486 324 100 66
452 98 110 80
1578 546 98 48
1394 358 66 90
1260 512 70 58
702 240 88 56
1496 210 70 92
998 110 84 60
1002 856 76 76
1088 656 52 72
1354 764 76 64
1120 618 66 64
1258 452 66 56
440 596 80 64
1486 496 90 72
848 834 88 74
380 540 146 50
1044 810 70 64
928 266 66 86
680 668 80 68
606 518 128 52
376 650 68 72
230 334 84 82
824 520 100 74
658 606 98 54
1228 372 104 50
876 452 100 52
790 96 80 84
1544 712 102 46
1112 746 62 56
1228 258 88 48
158 256 102 66
1328 684 56 72
1098 192 92 70
232 692 98 74
1232 648 84 40
366 770 98 72
1282 114 74 48
1084 446 86 54
1458 826 94 60
792 900 90 60
1566 938 72 72
246 768 88 78
700 936 94 64
1104 64 78 80
1434 718 92 62
1678 484 82 68
354 120 92 56
666 326 74 76
368 188 84 64
376 250 76 72
142 970 116 58
640 734 90 56
842 408 48 86
330 14 84 80
1082 136 80 56
68 956 88 62
1240 728 72 48
1472 948 82 56
1142 870 62 62
1672 168 106 48
1482 96 70 76
1080 360 88 50
192 104 106 70
324 324 116 60
606 254 66 96
250 214 78 76
334 586 80 62
100 66 106 68
1720 20 94 86
1604 252 80 60
54 576 86 56
1012 990 64 70
1162 756 48 84
308 944 86 74
1662 120 118 50
102 616 94 60
1076 410 72 42
1248 692 80 36
1250 980 68 42
1254 800 60 68
608 442 124 42
1640 220 100 58
1712 452 88 44
1298 60 68 58
456 216 88 98
1174 496 42 60
608 110 112 84
1530 876 78 52
230 620 90 52
262 450 68 50
1668 272 108 76
1502 774 126 60
1400 940 58 70
504 952 98 66
1242 920 70 50
28 186 92 92
610 664 66 74
1676 914 94 82
202 174 76 52
1278 848 82 44
1082 950 66 52
332 230 60 68
1338 950 70 48
454 486 76 64
42 310 80 80
422 902 74 76
1828 512 72 70
26 492 62 72
1174 32 48 96
412 680 108 80
1156 196 54 84
1592 876 92 64
602 16 122 72
1376 722 68 40
1636 842 118 62
102 472 102 82
478 886 74 80
1816 730 84 76
106 376 120 46
614 764 64 70
1702 548 78 60
1224 24 40 94
1830 454 68 62
26 60 96 34
96 322 86 70
1714 716 74 74
506 714 80 86
44 122 92 68
108 772 84 58
608 358 48 78
1702 322 110 80
170 802 106 54
1086 910 76 48
608 588 46 78
1536 92 58 64
224 0 78 44
350 848 82 70
90 876 108 68
1638 748 104 50
