1060 666 110 66
1224 580 66 122
1496 844 106 76
1082 170 78 98
1542 160 122 80
1246 668 100 82
964 390 120 68
818 218 98 100
1660 180 80 110
1214 744 62 108
1298 302 84 88
1650 12 90 90
1232 330 76 114
946 620 110 78
1138 574 76 90
1450 232 68 118
494 456 106 82
762 222 66 122
976 540 134 84
1584 800 134 80
1130 500 84 88
1462 416 122 78
656 392 116 78
1518 482 106 92
1018 160 78 104
1368 184 98 86
888 54 156 64
740 90 100 88
1684 120 100 56
780 602 112 74
972 808 122 76
1632 692 114 68
1578 310 98 90
1234 454 98 82
698 180 82 94
850 370 90 94
1380 658 102 86
958 450 76 92
400 574 124 74
1254 246 120 66
1096 738 88 108
650 18 106 66
1578 620 108 78
734 316 68 122
800 386 64 86
1086 360 56 128
1444 114 120 84
1128 60 82 68
1636 870 86 86
890 110 140 78
610 260 108 86
1026 72 84 106
108 834 112 90
856 700 118 80
1514 288 68 118
502 846 94 100
426 648 120 76
1456 598 96 82
880 574 90 92
492 172 96 64
1266 858 92 86
1582 448 108 72
1500 60 100 64
988 734 128 88
1418 938 74 114
436 452 68 116
308 708 120 82
616 934 88 100
1376 738 72 114
448 718 146 66
818 128 66 112
900 228 100 84
304 576 100 84
214 180 76 108
1432 718 104 82
720 816 104 72
852 508 98 92
776 664 84 104
132 178 92 78
256 64 102 106
978 288 118 76
1726 582 84 86
32 308 130 70
692 910 86 100
734 766 134 68
814 786 98 92
1328 592 84 96
1330 514 96 92
676 700 96 104
1324 120 92 64
166 90 94 102
1482 774 112 80
1426 336 90 94
22 114 102 74
712 562 116 70
770 908 120 68
778 486 96 88
40 410 86 56
1696 304 114 106
1392 588 84 80
156 532 124 76
1604 508 98 72
376 194 136 74
626 524 82 98
1582 12 82 96
602 346 84 102
1020 454 72 102
316 472 96 94
1316 380 74 84
1148 236 76 66
676 496 108 80
634 624 88 110
1294 792 114 82
216 582 94 94
510 346 78 86
296 166 88 106
226 432 92 92
48 952 96 72
660 822 72 116
610 808 68 80
358 870 78 106
0 764 102 84
44 688 94 62
414 314 110 84
596 170 64 80
178 666 114 76
180 0 112 72
802 60 74 72
1212 848 68 106
276 654 82 98
1232 50 98 82
1718 230 98 90
1326 450 90 70
1378 390 80 80
0 510 58 100
400 750 46 92
1710 724 90 90
516 936 84 74
644 318 110 76
728 958 102 74
1404 24 110 42
1296 22 108 48
22 60 166 56
148 296 92 100
1276 938 84 68
432 806 90 94
408 0 116 60
896 22 134 54
516 632 76 90
400 506 56 94
20 548 114 90
444 770 104 70
0 22 74 62
200 316 96 90
282 306 114 68
1740 160 122 74
688 612 82 104
510 280 82 82
1668 436 92 88
348 350 102 66
1166 138 52 68
588 60 78 50
1676 536 66 70
1220 274 70 72
1388 64 80 96
400 398 100 52
490 558 104 76
416 938 110 84
1728 524 110 82
270 888 104 76
162 718 80 108
1776 120 84 40
222 246 148 82
