476 742 62 58
1394 676 74 62
1316 960 60 60
1476 394 76 52
1612 696 74 44
876 906 60 50
704 238 78 46
1474 610 74 40
176 318 70 62
950 790 52 64
1626 248 64 76
1398 444 50 52
1444 504 52 66
376 916 72 38
1682 798 72 56
742 900 64 58
818 194 52 72
1412 146 64 78
698 132 66 42
1294 430 62 54
596 786 70 40
216 876 64 48
1594 904 70 46
1554 796 56 56
578 324 70 68
1586 482 60 48
1556 312 74 50
1270 268 62 52
1566 60 74 50
918 338 62 40
412 418 72 48
1386 392 52 56
668 852 48 56
590 124 58 72
856 328 42 56
590 246 62 56
1680 468 92 80
608 540 66 46
634 408 60 64
1062 382 58 46
690 688 56 50
584 406 52 68
188 500 58 54
1186 382 74 50
710 466 64 40
1430 6 48 74
1086 514 54 58
1004 560 48 54
484 932 50 68
956 574 52 48
1182 478 74 38
922 490 60 40
1006 882 50 56
500 340 62 50
1478 266 56 68
1008 54 56 56
738 742 52 54
1340 88 52 58
306 182 70 72
984 134 48 70
1444 242 56 66
366 22 64 70
760 598 64 40
294 604 58 50
146 156 66 54
840 530 56 48
908 78 64 42
1086 606 56 50
118 980 76 36
1292 18 54 64
856 136 40 62
1660 278 116 76
306 248 58 60
1208 318 68 50
782 748 46 58
204 790 78 36
944 16 50 64
1214 588 58 42
32 526 72 46
1054 146 64 40
822 548 48 56
1010 670 50 46
1100 98 54 46
894 194 68 48
232 22 76 66
288 22 82 66
1044 196 64 46
778 154 44 58
180 742 76 44
906 628 44 56
50 888 78 38
1462 200 74 38
276 224 76 42
1010 518 58 38
1176 968 54 46
1212 524 64 42
842 490 62 40
404 750 56 50
244 604 62 42
1182 704 62 36
1052 498 62 40
1694 702 60 68
282 882 58 44
1682 602 84 58
836 440 68 42
1262 160 62 44
1128 244 38 64
428 516 66 46
694 634 76 48
576 696 54 78
1218 182 70 48
1096 898 44 72
1050 686 62 46
102 674 88 36
1382 54 56 52
818 714 48 48
1566 0 76 36
802 428 62 36
586 842 88 60
1186 760 54 34
1286 62 50 20
1804 580 74 52
498 296 62 42
1032 834 48 52
1072 792 58 40
374 498 70 32
484 536 66 52
986 714 52 50
746 562 70 42
888 592 48 42
858 644 46 58
768 536 66 42
40 448 72 50
1172 508 44 64
726 78 48 50
14 156 90 58
1644 950 60 60
1038 716 60 38
1304 740 52 50
832 384 56 38
388 616 62 36
1230 250 62 36
988 1008 54 48
1212 286 66 38
1694 144 100 90
1486 708 72 42
152 872 64 42
34 602 68 38
986 410 36 38
1224 994 60 54
878 46 60 40
756 688 50 44
1134 376 54 48
916 422 46 48
4 358 88 56
662 62 36 28
48 706 68 46
1802 744 78 36
112 392 72 38
64 644 72 42
1036 430 56 42
1524 752 58 46
1140 516 44 72
1162 860 38 36
400 442 26 36
568 286 50 82
1044 768 40 32
940 384 36 36
702 60 42 32
376 530 68 48
116 78 106 52
176 804 54 50
176 934 68 50
