1274 578 54 136
968 178 84 108
822 238 84 102
1454 922 124 78
50 188 94 106
1112 198 106 90
1042 378 124 70
1562 164 86 98
1096 494 86 100
898 338 92 84
1094 740 82 98
1638 34 82 102
94 490 110 68
1680 340 86 98
1058 162 116 72
636 216 120 80
1392 302 78 106
1334 588 68 120
1020 956 96 84
1354 122 122 78
922 256 92 88
800 114 64 92
1496 782 86 96
612 260 104 88
1478 60 80 98
670 642 76 122
1746 222 120 82
416 674 82 116
1024 832 106 76
932 766 128 82
680 76 74 108
644 810 74 94
1414 464 170 70
786 398 106 80
204 140 92 100
1250 144 96 88
974 642 114 82
396 588 128 62
1288 288 120 84
1420 806 82 98
762 550 90 112
630 348 84 104
728 166 64 120
146 52 94 94
248 862 116 82
1028 888 128 74
1236 380 94 84
700 336 94 96
1020 558 78 102
608 90 80 108
958 422 116 86
874 400 82 96
246 762 156 66
904 664 98 90
1230 716 104 80
486 266 98 76
1484 252 100 90
1260 456 128 74
820 44 102 88
408 262 96 94
450 524 138 72
874 482 80 100
1398 644 130 74
1738 28 116 82
602 20 142 76
160 268 106 86
788 910 84 98
1228 886 92 74
1526 494 106 82
804 754 78 102
1088 600 62 118
1602 848 104 92
0 530 108 78
1626 606 122 78
302 190 74 110
854 722 84 118
400 12 92 96
400 940 116 88
476 758 80 76
472 632 84 108
1366 218 86 92
400 192 88 84
696 528 96 86
292 640 122 64
1718 420 88 100
1544 764 126 80
1628 960 92 86
1122 592 88 94
956 912 56 140
1698 134 126 106
278 690 108 78
498 114 84 86
1494 598 158 90
598 524 104 94
432 786 78 104
1694 920 122 84
978 20 92 92
786 490 100 86
616 892 106 78
1654 548 152 70
728 60 86 82
1248 120 98 44
84 0 90 100
606 788 54 80
1282 730 130 74
356 868 110 84
1168 60 62 70
400 128 122 72
98 882 142 74
192 482 90 98
1084 92 82 62
780 806 82 94
44 688 102 72
1656 272 142 70
18 114 112 68
0 600 178 72
1574 336 100 110
476 194 116 78
84 558 136 68
246 528 126 76
1658 468 84 92
484 414 82 106
240 220 86 92
494 836 100 90
26 786 126 108
488 330 100 82
1060 18 88 72
160 636 100 86
642 952 140 74
1598 688 106 82
714 786 80 78
528 674 66 110
1368 22 126 70
140 206 130 84
620 618 56 134
228 56 80 94
1136 812 78 84
1704 800 86 92
156 348 90 104
286 574 126 80
976 124 130 62
44 950 100 82
480 32 86 102
330 932 100 96
1220 206 66 110
1222 834 74 74
400 434 88 82
606 964 54 92
0 312 124 74
