1088 382 46 32
136 694 44 34
950 486 34 36
420 630 36 38
208 718 46 28
150 656 38 32
1104 232 42 34
504 346 38 34
1172 378 34 36
500 248 36 38
472 398 36 36
1178 412 36 38
702 424 44 30
1046 258 36 38
676 290 42 34
504 684 44 30
188 602 40 34
1236 390 34 40
1222 538 46 30
970 556 36 34
692 332 38 34
598 296 40 36
186 808 42 34
190 776 36 38
1200 446 38 34
1192 466 42 30
118 618 34 38
1830 658 34 40
342 708 42 34
712 246 40 34
144 454 40 32
1626 736 80 34
58 608 44 28
842 694 42 32
602 646 36 38
726 204 32 42
1086 872 34 40
1070 770 36 42
360 716 38 36
474 140 46 38
1178 678 36 32
744 414 50 28
478 442 42 30
776 310 38 38
666 466 34 36
138 748 46 30
706 584 40 38
1174 264 36 34
1110 660 36 42
176 766 40 34
316 792 38 34
74 652 44 32
878 66 48 26
892 614 42 28
1108 396 46 30
1650 536 56 36
1662 574 68 34
502 440 40 32
600 278 40 30
662 122 38 34
128 494 48 28
594 122 46 22
1086 914 42 32
1800 778 52 36
406 70 42 34
1378 816 32 40
1652 638 74 32
602 668 42 30
288 60 40 32
1178 488 42 32
126 724 46 28
70 540 40 30
78 780 40 32
1210 196 38 34
1096 86 38 34
320 706 46 26
232 266 44 28
690 608 36 32
1664 256 78 32
1648 380 76 44
1050 944 36 40
1092 496 44 34
518 610 46 30
1772 856 44 28
604 66 34 28
132 876 44 28
1634 668 70 44
960 42 38 40
70 890 38 30
1090 770 44 38
1192 434 38 30
538 62 40 22
400 444 24 28
