466 210 36 40
878 102 46 28
1180 590 36 38
1036 652 34 38
1222 438 44 32
586 220 32 48
1004 182 30 48
224 618 42 34
932 716 38 42
402 224 42 30
1026 64 38 42
788 182 46 30
1064 406 36 42
1092 682 40 32
666 532 38 36
344 418 38 38
1004 256 32 46
774 598 32 42
608 144 38 38
864 702 46 32
1192 124 34 42
762 118 36 40
806 98 36 34
922 100 46 30
828 160 42 40
1220 552 40 34
682 146 46 32
826 220 50 32
1226 626 38 40
1400 358 36 40
250 138 56 54
1072 146 44 30
642 220 36 38
124 574 40 36
340 720 46 32
310 572 36 40
222 586 48 30
334 626 38 34
718 380 38 32
422 338 38 34
360 910 38 34
1214 302 52 28
1090 446 38 38
348 246 44 36
356 316 48 30
1422 118 32 38
400 272 26 42
668 366 38 38
1070 344 44 34
356 394 40 36
812 152 32 36
184 792 40 38
1492 204 54 34
1234 492 44 32
836 186 42 32
1258 192 36 38
128 528 54 26
1102 124 46 28
1106 418 40 34
1270 516 36 36
1216 192 32 46
290 236 44 32
1800 682 54 40
76 642 50 28
406 386 40 36
1094 504 50 30
94 624 46 30
1274 356 44 34
836 918 32 44
88 486 48 28
430 914 40 32
94 464 44 32
1198 190 30 48
204 280 54 46
116 720 32 38
290 278 46 30
1236 468 48 28
72 656 48 30
1076 44 46 32
860 928 42 42
1222 850 46 28
1120 230 34 38
274 942 38 32
1088 890 48 30
1418 76 40 36
1106 642 44 28
740 72 42 40
800 120 38 22
604 38 38 32
68 504 48 26
1048 922 32 36
882 712 44 34
934 986 40 28
1222 154 50 30
1170 250 30 44
312 924 50 28
1664 522 62 40
126 114 42 30
746 650 40 30
824 988 34 42
368 758 40 32
1600 452 42 26
1674 558 54 60
1460 570 54 32
270 114 44 30
78 672 54 24
242 60 46 26
1110 472 42 34
1188 206 28 48
1166 736 34 40
