1014 200 38 36
1062 138 42 34
1668 348 46 34
1104 362 50 34
1232 258 42 34
1634 314 44 30
1694 176 74 46
1720 320 36 34
1064 406 36 42
1110 386 44 32
876 84 38 36
1046 486 42 34
1066 354 40 30
1328 224 36 38
1108 414 42 34
1590 910 38 32
598 126 38 30
950 60 42 32
878 62 38 32
1660 202 36 36
1666 278 52 30
866 42 40 36
1030 24 36 42
130 192 48 44
1430 172 56 46
1664 560 42 32
1022 840 36 36
1618 256 42 34
1178 248 34 36
1530 908 42 30
1054 370 36 36
1174 378 30 40
988 24 38 42
1600 368 42 28
450 626 46 30
1016 60 38 32
986 64 40 38
1700 376 48 34
480 658 40 34
596 102 48 32
536 426 36 34
936 28 36 38
1686 132 70 42
966 30 38 40
1654 460 82 36
1038 2 36 30
1604 620 46 28
1098 184 38 44
1670 706 48 32
1652 776 48 28
78 348 36 34
1656 872 54 26
1632 64 40 32
1182 182 32 44
80 256 40 30
1658 648 56 26
608 570 40 32
604 368 38 36
910 518 38 36
1670 812 44 32
544 404 32 36
1676 126 38 36
1044 386 34 38
1590 670 50 24
74 392 40 30
1096 430 46 30
1626 1014 76 44
606 82 42 32
1108 152 48 28
1682 86 56 34
896 62 50 18
110 248 58 50
750 352 44 24
136 360 54 28
1648 934 50 30
