890 332 60 52
1556 258 94 56
1530 644 58 60
882 380 50 54
572 98 64 86
1564 710 74 48
934 282 46 66
878 268 48 56
814 414 46 64
676 86 80 88
1274 118 50 74
1354 130 48 76
102 914 106 46
1196 366 64 44
1702 152 78 92
1018 434 54 46
972 250 44 60
200 386 98 56
1246 280 48 74
740 588 48 64
594 730 60 58
614 286 78 70
1314 438 58 42
1620 926 64 46
1282 350 46 66
690 366 50 54
1270 578 44 54
1014 538 60 48
1058 34 60 48
692 586 54 56
804 582 44 62
768 76 78 56
1332 270 46 62
1302 622 46 52
972 442 38 68
932 434 44 58
1422 604 68 38
1572 526 54 66
596 678 74 40
1494 556 52 52
104 566 102 38
1426 130 60 80
1054 478 42 64
996 868 50 44
1172 710 76 34
1476 702 82 34
1530 170 54 76
1016 80 56 44
1046 130 46 74
1032 236 44 66
846 626 44 72
184 122 92 76
236 670 64 48
1600 650 62 50
660 766 52 54
592 394 64 54
1042 596 54 46
930 534 54 44
1330 662 56 50
308 668 66 46
172 290 130 60
1668 330 108 42
1478 820 50 46
1070 782 64 66
1494 224 56 64
314 196 86 40
806 750 54 50
1246 760 44 48
802 852 46 52
252 0 82 44
654 644 46 58
846 494 76 40
908 848 58 38
994 184 48 82
1194 508 36 66
710 644 44 66
1290 0 54 74
1100 236 40 66
1180 426 68 40
704 756 52 58
652 560 40 56
1368 606 60 38
374 154 66 70
1396 230 50 72
1388 554 56 48
1552 844 68 40
1300 506 68 38
978 966 46 56
704 736 76 30
424 430 56 52
634 360 46 58
592 50 74 86
238 924 84 40
1396 324 46 62
944 718 42 62
1200 226 42 58
1058 210 56 46
1068 308 68 48
128 462 106 50
860 898 60 40
1068 872 42 52
1668 368 60 52
172 798 72 48
1322 372 46 58
1204 158 64 38
1360 332 46 68
1298 838 62 34
1214 200 58 38
876 768 56 42
1418 382 46 56
408 130 72 56
624 464 52 48
880 604 42 60
46 326 144 48
158 200 104 68
1390 730 46 58
12 152 86 68
1474 150 58 62
746 658 50 52
122 830 82 44
158 532 102 42
1440 728 64 42
62 622 106 46
452 194 46 66
1116 42 56 46
668 486 78 36
968 584 44 54
1186 572 38 68
608 816 44 56
888 10 62 60
74 520 78 44
1584 320 56 64
1352 740 48 48
1126 374 44 62
874 720 38 38
1446 240 48 72
814 812 62 32
400 640 90 46
1384 40 60 84
618 962 78 32
1144 86 42 74
258 636 62 46
1058 672 58 46
952 670 34 40
1234 880 36 38
1092 510 42 58
1224 938 34 40
124 758 78 38
422 842 96 34
584 604 50 36
814 638 38 62
1636 854 76 42
46 244 122 64
1522 902 48 40
292 576 90 36
504 680 50 54
92 378 82 56
1222 798 54 40
490 530 46 66
900 786 62 44
986 652 42 56
210 704 62 50
1096 648 30 46
326 738 82 42
1710 464 66 52
1618 592 54 58
1188 34 56 68
252 856 76 38
464 746 52 50
1656 110 76 100
684 690 44 50
108 46 106 46
1424 440 86 48
488 180 54 72
482 24 54 62
1468 52 50 72
340 340 50 46
1832 890 68 48
458 886 82 52
596 904 56 44
1162 834 44 50
904 1008 60 44
306 216 68 52
1076 916 46 54
1580 438 52 40
322 872 84 30
748 862 50 48
46 710 68 50
468 520 46 50
858 1002 48 54
354 532 62 52
1510 0 52 66
1338 4 48 80
1386 498 44 44
1584 460 48 46
1828 262 70 70
1662 254 126 68
1654 418 88 42
1188 760 38 60
702 928 70 38
1646 536 80 36
400 280 62 68
1734 284 56 68
1152 668 42 32
334 930 68 46
40 448 78 40
1682 566 84 60
1358 674 68 46
990 698 48 52
1120 562 34 34
1648 770 92 44
1288 470 48 44
1342 786 46 46
1374 914 54 32
1518 518 48 54
1492 460 68 38
400 352 86 60
1658 458 82 40
1724 374 60 44
674 832 62 42
508 998 64 50
444 714 48 48
1636 578 62 46
448 1016 76 42
1680 810 60 42
1322 640 58 46
1396 468 32 32
392 752 56 38
400 172 24 52
8 544 100 42
