1546 120 110 94
900 178 82 104
1516 764 76 116
682 688 108 94
1276 226 92 96
1442 250 134 74
938 632 100 90
1064 138 72 120
756 846 80 114
796 198 94 96
398 536 108 94
1028 734 118 80
688 128 72 116
1718 696 94 98
206 206 78 112
756 736 90 98
938 374 126 62
272 644 108 84
958 914 90 92
204 584 142 72
94 566 94 116
1212 588 96 94
176 318 138 82
1230 702 104 80
1280 872 104 86
1490 66 72 118
96 176 112 116
278 246 98 90
378 738 120 78
1126 758 72 162
260 168 118 82
272 794 134 76
414 144 132 76
1570 652 86 94
742 104 108 90
600 16 132 56
1076 610 84 98
1408 916 82 96
1556 348 96 88
1356 620 74 110
150 760 96 102
1468 540 86 98
1352 382 100 86
640 248 88 94
1362 742 84 104
774 292 106 86
364 434 98 104
1702 892 98 100
830 704 86 98
606 756 72 106
1640 810 84 114
436 224 128 76
1578 766 88 94
1390 104 76 124
894 316 104 90
450 52 100 92
0 486 184 68
1418 682 134 74
936 838 136 80
630 60 90 94
714 536 102 92
1658 466 134 72
1222 304 76 122
1046 524 130 76
22 772 112 116
1330 266 72 112
868 786 66 114
1006 120 80 82
810 518 78 104
936 560 128 74
902 772 118 74
770 18 102 66
204 454 92 118
978 228 90 106
672 484 104 72
1152 562 64 126
400 70 74 94
968 484 114 78
922 18 144 52
1266 346 106 88
602 504 66 132
400 4 82 76
1752 300 96 94
188 0 164 70
454 332 108 72
22 690 120 76
652 348 100 90
1044 916 106 96
1550 294 150 74
934 120 84 38
1620 944 130 82
1254 118 104 88
1648 346 120 88
1068 34 102 98
1714 104 120 86
1232 938 102 90
622 420 116 60
1560 20 140 60
956 432 116 56
12 100 100 98
778 386 70 116
1010 298 134 76
698 286 88 98
1200 858 66 114
16 0 110 98
376 394 122 84
176 116 156 80
1674 54 184 72
24 418 106 60
222 724 150 72
404 284 116 66
1040 392 100 92
1542 60 104 62
724 370 76 114
408 826 76 110
1552 494 102 102
1650 728 100 90
1532 980 98 80
1404 454 114 96
1760 508 84 110
1236 64 94 74
456 120 100 36
160 904 90 104
1392 604 134 78
1326 34 88 98
24 566 84 88
1226 454 64 118
836 398 94 86
1376 20 84 48
1750 798 96 98
928 50 112 96
490 820 70 112
476 676 112 90
890 436 96 88
0 572 44 88
238 522 136 70
1670 604 136 94
