854 654 100 80
1076 458 78 92
738 726 88 84
658 238 82 84
1074 120 80 96
1534 226 114 64
1298 794 102 62
470 198 92 108
966 424 76 98
678 798 104 60
1404 588 116 66
760 152 80 116
472 612 108 82
1424 462 112 68
764 624 74 94
1044 648 90 78
984 772 106 74
1122 18 90 90
1500 956 104 70
388 576 112 76
1326 392 80 80
638 732 96 88
702 396 94 76
1096 854 116 68
1240 688 108 68
1124 304 98 88
240 500 100 98
416 704 110 72
1696 280 114 84
702 60 108 62
230 342 124 68
1022 722 116 68
1466 68 84 92
594 164 150 70
1372 686 78 106
1326 952 106 82
428 498 86 96
82 762 128 52
922 202 122 76
688 514 88 66
146 212 122 80
1720 170 88 74
1318 734 84 74
222 130 116 84
856 120 106 52
1428 60 80 72
190 794 122 54
642 592 106 70
344 362 106 68
1238 436 86 90
1258 156 86 116
810 480 70 90
286 654 124 84
50 848 146 82
400 274 92 72
716 842 90 86
814 780 118 78
1638 60 92 62
146 140 108 90
42 952 104 72
156 38 102 92
1502 800 76 106
860 424 70 122
416 332 112 86
362 126 90 106
1322 136 82 96
1656 562 68 88
1624 202 104 78
192 0 112 80
496 494 92 96
680 950 104 66
1672 922 126 70
228 680 88 96
628 642 94 106
476 724 100 64
456 444 140 56
412 850 100 110
1518 528 102 100
422 136 94 94
1326 24 130 68
1384 236 136 76
634 48 78 106
1402 350 122 74
914 16 92 80
908 944 92 66
516 358 74 96
636 120 80 42
1544 128 88 98
380 54 114 84
12 218 124 62
40 276 84 96
1684 494 102 100
298 776 80 100
166 666 90 102
478 826 108 78
1262 66 84 98
20 112 106 76
400 948 126 82
1612 414 86 58
474 70 110 84
100 336 118 68
1714 66 84 86
608 936 86 110
224 876 112 72
30 402 96 72
166 284 158 66
474 776 114 56
6 476 82 98
270 184 142 84
198 842 106 66
744 436 94 56
1670 138 94 82
350 508 86 98
260 572 124 92
698 578 90 56
102 546 130 78
30 790 86 98
1378 468 58 84
1550 398 78 92
598 202 90 66
86 436 156 78
618 396 60 78
754 866 66 116
612 832 56 76
1152 938 56 80
30 678 108 74
62 254 152 64
402 0 142 66
1156 684 68 70
662 480 88 54
1192 564 84 80
0 902 108 92
520 18 62 82
0 778 50 92
