860 374 92 86
1094 494 112 64
972 320 84 92
1272 190 110 62
1066 708 86 74
1116 326 96 62
1082 776 80 78
1224 352 100 74
1234 818 92 74
764 638 104 76
734 772 112 58
1054 382 106 54
1320 496 76 88
1500 360 116 62
1078 150 68 80
498 688 96 70
1318 134 110 64
748 484 108 66
428 630 106 80
838 760 90 86
1650 458 84 98
1512 912 108 68
1004 524 112 56
1258 744 102 68
1396 904 82 88
1506 526 98 56
1070 228 100 82
1458 486 92 64
1412 404 98 82
1362 630 108 64
1326 852 108 60
996 86 90 78
1424 214 102 82
838 504 102 70
906 680 96 74
980 460 96 82
662 152 90 66
722 576 92 96
392 752 104 84
1222 424 116 56
814 148 78 98
888 854 102 50
348 920 102 62
1250 76 96 90
676 630 84 74
1292 568 74 74
674 686 88 84
400 232 96 72
914 14 66 100
718 888 74 82
1036 574 80 98
922 602 94 100
1144 852 64 96
1030 880 90 94
330 860 152 58
1380 682 86 72
1550 268 116 88
1400 68 78 100
1222 628 76 70
1076 436 88 58
244 524 100 92
628 424 122 54
478 218 112 66
608 346 108 74
1484 418 104 62
682 806 86 92
320 300 110 64
906 904 94 66
1586 618 124 72
1390 252 88 98
434 150 152 68
420 482 112 64
252 752 112 72
1402 776 82 118
352 694 82 96
920 782 90 80
1220 908 78 78
322 436 88 86
1286 242 94 90
612 222 140 70
948 966 96 92
838 72 76 92
268 242 102 80
1504 584 110 70
528 826 72 110
1322 906 86 62
114 748 142 56
1554 666 66 94
118 698 140 52
80 62 128 76
1722 814 92 88
1614 828 86 80
1462 154 116 62
1662 226 82 102
616 260 90 98
1596 200 114 68
1646 686 90 80
626 812 76 100
1686 148 110 84
428 536 122 58
240 426 114 64
192 470 106 82
658 476 102 54
184 790 100 72
444 918 100 98
722 950 82 92
598 148 80 96
1338 56 90 72
1472 770 82 82
1636 576 86 60
1636 22 110 82
1536 858 104 66
1078 72 106 68
22 120 100 70
1754 240 90 66
1154 26 70 84
484 334 102 80
1226 290 44 110
1602 748 104 86
1250 682 62 58
98 222 96 78
14 0 110 94
342 594 102 74
1752 8 106 68
1720 452 88 70
1320 24 106 44
1610 910 80 104
608 628 72 126
1692 596 102 76
448 120 96 40
332 158 124 70
432 282 84 102
0 226 120 56
1536 186 92 92
114 910 136 72
500 60 84 56
1672 58 102 88
1726 724 76 90
1304 972 72 80
414 582 128 56
1518 52 104 82
520 278 72 82
278 100 118 82
148 848 188 68
112 638 104 74
38 400 88 68
244 310 100 96
322 60 106 52
60 592 118 58
1534 782 76 84
1152 684 68 70
102 342 130 56
264 592 108 86
604 480 82 76
30 788 138 78
1172 578 68 72
1236 986 80 66
0 326 88 58
70 302 106 60
76 468 102 102
382 120 80 64
1732 914 60 82
1628 318 78 102
1454 38 82 90
1690 338 100 86
308 358 144 64
1668 120 84 28
1486 670 84 100
2 476 90 96
400 344 44 86
1676 916 76 96
48 688 88 60
426 78 122 70
1738 120 92 32
606 14 84 58
1152 936 54 84
400 520 52 78
36 962 114 66
