936 618 64 56
744 594 68 72
1654 322 76 78
1032 432 66 74
1072 544 70 56
1062 244 120 56
840 464 62 62
670 790 66 78
1308 472 58 76
974 528 58 62
882 334 70 50
1664 188 88 72
1392 148 78 68
814 810 84 46
1534 742 70 52
972 866 64 80
814 866 62 76
984 254 72 74
824 668 74 62
718 510 84 40
1350 370 68 62
1318 570 72 64
1718 318 100 58
1482 210 94 62
1034 882 68 76
682 334 76 66
1692 114 80 64
1044 614 68 46
914 976 64 84
192 254 104 74
400 270 72 70
898 452 52 80
1350 432 62 68
1098 600 74 46
624 698 100 70
1238 110 86 50
1234 154 80 66
1514 408 78 56
444 770 106 52
1306 648 80 54
628 624 70 60
0 190 84 62
668 406 84 54
1702 692 74 66
64 682 86 68
1536 622 94 38
1094 818 88 54
834 406 92 50
632 400 56 70
1088 454 68 64
1532 668 78 52
66 954 94 66
346 164 72 72
66 190 98 92
188 160 100 72
240 772 72 68
678 200 74 54
1490 348 88 46
10 306 76 64
90 60 100 60
1648 462 68 56
646 52 74 84
1090 884 68 52
1086 688 52 68
28 850 72 90
608 120 62 64
1238 66 50 62
638 234 68 62
0 54 114 50
272 652 86 68
432 150 70 56
1158 318 58 106
1594 448 58 62
1168 38 42 90
40 120 96 70
1078 74 78 54
1482 964 32 50
1716 34 92 86
280 742 80 48
536 270 58 64
484 504 94 48
16 576 102 58
1618 406 72 46
