1448 452 102 42
790 476 52 76
1332 512 88 46
1498 336 92 42
1490 530 64 68
1422 174 66 64
1568 214 84 48
338 870 74 52
1314 260 72 62
634 818 72 48
920 154 70 62
422 386 74 46
1252 458 52 66
298 674 80 52
710 540 54 72
156 148 86 60
842 786 84 42
1302 396 92 56
970 288 50 84
1436 614 76 46
1608 326 94 82
856 874 50 70
1330 694 54 56
1290 40 80 52
1338 612 52 64
830 526 74 60
282 184 102 76
854 222 72 68
894 468 74 44
1622 838 114 44
1004 634 66 48
244 780 72 48
1008 882 58 64
1044 688 62 58
1646 892 90 42
940 760 52 62
934 702 54 54
1288 164 80 52
1096 240 62 74
854 604 82 42
772 554 62 62
936 538 82 40
892 354 68 54
638 306 116 44
768 76 90 46
594 894 70 68
1322 904 54 60
1376 670 82 36
366 356 94 38
1678 252 88 72
984 570 70 40
1280 96 94 36
1410 916 80 50
1640 106 74 88
60 220 88 76
144 206 84 60
588 622 66 60
644 572 70 44
1052 208 74 54
1322 984 54 76
1372 108 74 40
1228 626 78 44
1210 308 86 54
1252 740 62 44
644 514 46 60
1530 952 74 48
572 80 84 78
1518 900 78 44
616 60 64 58
1640 534 72 58
246 294 74 52
294 588 76 54
1256 794 62 40
1684 694 78 60
1092 662 52 64
102 444 96 38
1810 900 72 60
886 422 60 50
946 648 60 50
1262 230 56 74
494 924 54 62
1016 744 68 38
1726 196 82 56
890 648 54 60
972 22 82 68
112 88 56 94
74 646 84 48
1172 616 62 54
1650 764 88 54
1636 486 86 38
368 980 64 46
1504 786 80 40
894 940 62 46
1038 444 74 36
1050 518 56 50
848 662 48 60
72 384 88 38
998 500 60 44
1594 634 64 44
162 830 70 34
1722 358 74 78
96 692 96 36
1602 682 56 52
1232 880 58 74
1192 104 54 62
158 606 66 32
1174 382 54 60
114 778 68 56
1538 732 68 44
1202 156 68 38
1544 844 68 42
162 874 74 38
1668 570 104 56
64 510 100 46
176 762 72 42
1474 836 62 58
1178 776 62 36
1206 194 78 40
490 434 66 46
438 960 64 54
182 950 58 58
1544 6 80 64
18 156 84 58
1056 404 66 52
1070 120 64 70
630 950 54 52
1574 108 72 36
1172 542 46 48
266 952 56 62
0 234 76 62
1046 772 58 44
1192 440 62 42
1182 414 64 50
1134 84 42 76
1198 224 58 60
1102 380 46 66
804 0 58 72
498 638 60 48
1180 814 64 42
1016 154 78 50
1666 948 72 50
816 638 72 38
248 610 62 46
1194 492 60 38
110 936 96 58
1048 482 64 34
1174 234 50 78
18 652 68 40
30 520 90 54
1804 598 72 58
