1344 352 74 70
780 198 64 80
726 368 62 62
1420 746 58 88
902 326 56 72
1506 860 72 74
208 586 78 64
1508 618 66 66
382 598 70 44
598 96 62 78
828 842 60 58
1346 570 76 38
1192 332 58 64
616 654 64 76
1574 560 56 66
1370 656 90 44
1310 274 72 58
1654 646 72 66
1064 408 64 54
734 782 56 76
702 626 48 52
928 306 70 44
1306 146 60 58
1358 220 54 78
266 256 60 72
950 878 62 46
248 706 72 46
1076 234 62 60
1508 328 70 58
112 724 88 42
1260 46 74 74
1232 644 62 58
1714 94 82 66
614 196 70 54
1220 236 78 62
1582 146 106 68
830 696 62 48
740 868 60 50
402 798 70 46
366 700 78 40
478 742 70 58
1038 202 76 42
1042 470 70 40
412 102 56 76
590 812 90 44
194 280 80 66
1320 638 72 36
1368 90 62 74
1218 578 60 58
278 778 66 56
1032 778 68 40
1074 648 74 54
1484 710 80 42
766 658 68 40
772 924 50 58
1064 302 54 60
588 356 86 46
954 456 68 42
352 662 64 46
1290 828 50 48
74 196 98 64
696 794 52 68
586 282 84 48
160 346 78 68
398 338 82 56
694 680 50 66
1188 456 82 38
1248 474 78 48
746 702 48 64
1620 750 138 66
968 246 76 40
972 188 58 50
846 640 56 52
950 692 60 42
914 136 50 66
764 578 46 60
476 854 76 46
1134 62 46 86
1590 518 92 46
454 480 66 48
918 916 56 58
1544 290 76 48
156 218 74 68
666 982 62 58
112 952 82 46
420 180 68 48
1084 818 64 46
1182 414 66 48
320 174 62 60
870 608 56 48
1212 188 68 44
942 498 66 52
966 642 78 44
1716 214 88 46
1166 666 64 48
1030 66 56 62
586 400 58 62
310 330 76 44
876 540 58 60
930 88 54 58
608 254 78 44
482 904 82 46
1166 858 48 58
1042 330 56 70
724 536 56 54
648 518 62 42
1290 210 78 44
904 524 66 62
1596 428 64 56
1174 100 58 62
1042 706 64 42
188 980 64 62
376 748 72 42
590 560 66 38
208 746 68 52
874 938 52 54
482 170 54 66
1792 758 68 68
1628 342 168 58
292 882 56 56
66 908 78 48
508 498 56 42
1066 122 76 54
962 128 60 64
234 868 58 50
66 810 76 44
1062 508 64 40
708 474 60 36
1190 740 74 34
206 122 92 42
92 768 84 36
314 990 66 38
6 156 84 64
1036 734 66 38
1092 0 70 54
1138 120 40 28
1182 1006 54 54
1030 992 64 34
1246 850 66 44
1180 242 42 68
284 410 80 34
1010 128 50 54
1628 0 78 38
450 108 52 60
38 712 76 42
602 494 54 40
1648 444 66 48
1650 60 88 40
1120 188 46 48
1054 934 62 62
1100 524 52 72
590 864 46 56
1178 510 52 42
1166 540 46 52
484 94 66 58
1534 468 72 34
1332 958 54 48
0 230 128 78
