992 302 30 40
1466 288 34 42
1478 430 34 36
878 294 34 46
1180 272 36 36
1114 356 36 42
648 206 30 44
162 388 36 38
1536 276 46 30
1244 210 40 36
1320 486 38 34
1220 136 44 36
1252 618 42 28
798 284 38 38
1248 536 34 40
1354 72 40 38
826 818 44 32
436 72 44 34
1278 66 40 36
262 98 58 36
922 536 42 34
1272 178 38 42
1078 516 36 34
1408 452 36 42
830 132 36 42
136 238 40 38
844 280 34 44
1306 616 40 32
1204 132 36 38
1574 76 42 34
1078 468 38 34
1092 178 42 34
1506 306 36 38
854 270 38 38
1004 778 42 32
1620 504 40 36
1090 218 44 34
1660 572 64 38
1584 0 46 24
1576 770 36 38
84 334 38 38
1544 34 34 44
1380 82 30 38
1328 672 42 36
36 384 46 28
776 866 34 40
1364 660 38 36
490 126 46 32
1406 494 44 28
46 658 42 30
1304 36 46 30
254 750 46 26
754 824 44 30
1072 844 44 30
1178 174 42 34
128 636 52 28
118 806 42 26
1204 60 40 22
1164 390 34 42
836 38 44 32
1646 714 66 40
1078 736 44 28
832 896 40 36
1084 422 50 30
1148 206 32 48
1672 438 50 26
1170 750 40 32
1682 188 52 48
866 862 42 30
102 450 40 28
70 854 58 40
1074 438 48 30
