1120 602 86 82
944 452 110 64
1076 356 74 90
858 414 90 68
1270 572 98 72
1090 482 118 58
1292 180 74 94
1090 190 80 92
972 202 90 72
680 332 96 66
1384 418 90 68
758 386 104 52
1224 428 120 58
1060 654 78 74
1462 588 78 82
1390 926 88 72
662 816 78 74
408 616 134 64
1364 22 108 66
1068 864 112 56
1468 324 106 56
768 586 100 76
1030 110 80 90
1242 122 110 64
880 650 90 100
1066 500 72 94
1482 86 90 64
1308 496 86 62
1326 296 82 78
1468 902 90 76
1234 182 76 92
1542 408 122 54
1310 746 70 94
1330 618 118 62
222 768 116 70
846 186 84 90
900 766 78 102
908 20 88 56
1228 338 62 90
658 698 114 62
1134 232 84 76
1218 600 58 96
1354 778 120 58
674 258 102 58
818 670 84 116
168 614 112 64
1020 36 72 86
1166 312 50 100
986 868 90 68
1062 926 104 46
224 196 110 64
932 540 86 96
1536 594 100 80
1074 726 106 72
760 772 88 88
1294 362 84 82
664 622 84 84
1468 470 88 60
1234 64 106 74
1374 340 86 78
610 738 74 104
1362 542 102 70
754 502 104 70
788 286 74 108
1472 20 78 80
1580 214 114 68
742 436 114 52
1358 838 80 88
1516 258 100 74
184 664 102 90
1714 712 110 84
88 754 130 60
1366 90 80 90
1374 490 98 56
400 780 60 88
214 304 106 84
1470 720 106 92
1412 166 66 92
824 878 84 94
1676 116 100 70
466 128 110 50
604 162 110 80
1556 60 80 72
1426 250 106 80
1462 188 92 70
844 124 108 70
1566 764 74 96
924 162 104 62
970 696 76 104
810 56 104 70
736 192 62 94
896 468 70 102
1584 304 114 86
974 932 100 76
416 806 98 100
1666 444 120 78
612 120 76 48
46 680 98 76
244 112 100 80
894 994 78 66
430 678 92 90
1088 70 80 90
1656 266 116 62
452 880 112 78
1630 674 84 94
1472 974 92 72
1130 748 60 98
1546 454 80 92
842 284 82 106
350 596 88 56
144 120 118 62
318 292 116 92
142 808 100 62
222 862 90 96
374 506 88 86
526 200 62 78
1490 812 98 62
696 510 70 102
598 300 110 64
24 114 106 74
62 508 114 80
1224 722 106 84
1616 784 86 84
460 468 106 50
1694 610 90 94
1676 186 96 76
46 954 104 72
442 966 94 66
460 504 84 74
402 96 116 64
1650 542 102 80
654 16 72 58
140 470 128 46
614 936 58 88
362 386 128 58
606 632 56 102
1368 60 74 32
718 20 78 62
1162 52 62 62
1240 942 92 64
600 26 72 68
1718 362 92 78
1692 60 92 46
520 784 76 78
530 376 64 94
1510 522 74 64
310 10 92 114
1162 134 60 78
528 944 72 64
6 766 100 86
466 174 96 66
152 414 118 56
1552 16 94 48
454 60 84 58
526 836 78 80
730 540 70 98
1688 806 98 68
648 470 76 64
64 844 122 82
608 358 96 94
424 568 72 62
478 2 70 58
1722 894 86 58
296 508 104 80
418 60 70 44
156 958 86 50
606 484 52 64
1204 750 50 114
516 592 112 58
1832 820 68 98
1676 324 78 86
1784 120 60 70
