1020 754 68 82
916 672 66 82
878 522 110 62
1572 752 102 56
810 236 82 70
908 220 70 94
890 398 76 82
1232 180 68 94
906 940 90 88
772 164 94 78
1306 642 86 82
442 374 120 78
1110 756 90 70
312 662 116 70
1526 780 84 82
842 630 68 76
1502 614 80 66
970 864 90 60
264 866 92 90
1218 878 56 84
1086 178 98 68
634 716 76 94
934 146 106 78
174 884 110 74
1414 558 108 60
306 582 110 64
1642 250 86 68
604 158 98 80
354 490 82 66
792 484 120 62
1126 478 70 96
886 296 82 86
790 20 92 80
42 232 116 68
1002 442 72 116
1396 734 104 74
404 186 78 90
1150 854 56 104
464 226 104 70
342 128 120 80
740 612 112 62
616 228 120 64
1228 330 66 96
1434 858 88 78
706 194 94 78
612 550 74 88
478 486 126 64
1102 898 62 90
1412 206 68 82
700 744 80 64
932 20 82 82
1266 408 78 70
486 658 112 62
92 134 142 70
1068 110 114 66
462 538 76 98
1634 650 82 82
1242 948 82 62
1664 454 112 62
114 688 136 60
1058 414 94 68
364 766 90 86
454 110 120 72
40 302 148 52
1416 490 112 52
264 60 126 82
1216 772 68 102
628 322 110 60
1600 348 86 56
1382 642 76 88
1240 80 96 66
684 302 138 68
1290 734 66 80
328 282 106 100
1062 716 94 54
1258 144 86 58
1394 334 76 104
1306 362 108 54
1236 670 92 54
1692 830 92 94
1058 580 72 78
628 896 132 58
230 278 128 88
1316 118 88 76
88 74 134 64
1468 280 102 60
516 176 76 78
368 934 118 80
276 512 112 68
1212 610 70 78
1350 960 98 82
1436 110 74 96
1720 674 80 52
128 748 106 88
1458 344 86 64
444 778 110 60
1716 730 94 74
612 348 94 92
604 108 84 68
1594 456 84 58
1394 888 76 86
140 200 108 90
1224 36 66 96
1552 382 94 74
1386 54 80 96
280 752 102 96
1162 588 54 94
1062 24 96 52
1302 488 76 84
1320 884 92 66
602 460 84 84
134 948 116 60
1072 650 90 56
130 586 100 92
1720 60 100 72
176 0 108 54
1514 454 94 54
96 498 114 88
1672 528 56 94
1600 60 96 56
1296 266 118 76
1494 124 68 96
182 294 88 106
14 776 114 82
1466 60 88 64
22 114 108 92
1654 384 118 54
674 540 78 82
740 976 94 68
1236 456 82 68
1716 294 82 82
1502 912 86 58
1062 952 68 74
240 358 138 70
1242 724 74 50
1346 494 64 86
410 828 108 66
1620 106 110 54
116 414 124 52
1316 60 84 56
1528 954 80 60
1126 598 54 68
1648 180 78 74
504 826 88 74
1218 494 70 78
1180 18 42 100
1678 28 82 70
0 488 120 74
64 862 102 92
520 606 76 60
614 830 140 68
1102 60 80 76
644 26 70 80
1598 892 70 74
1558 130 72 66
1596 564 80 64
520 728 82 54
42 572 92 96
1568 622 90 60
1544 82 84 58
484 872 102 58
744 520 92 80
46 958 108 64
794 734 96 98
1142 388 66 62
12 842 92 66
1602 180 64 66
26 404 112 72
1190 752 50 100
1720 534 92 72
56 688 92 56
600 60 102 74
1770 204 68 66
534 322 60 78
