990 520 66 44
676 340 54 48
1550 610 70 48
448 538 66 34
118 682 74 34
1316 240 42 60
870 408 60 40
42 590 58 50
1520 294 68 40
20 362 68 40
1326 526 44 58
1346 408 58 42
1338 344 68 36
412 300 66 38
262 868 64 34
280 526 68 36
1482 880 64 34
34 308 68 46
1564 414 72 32
122 736 66 34
1512 720 58 40
1606 908 56 36
1210 356 52 44
1432 904 78 38
212 38 60 52
110 926 68 40
262 924 60 34
1486 402 68 46
1520 772 62 36
1678 408 80 50
1494 636 52 64
370 318 60 36
1650 666 92 40
1074 366 60 38
1636 788 70 34
1026 664 64 34
1024 208 74 38
742 844 50 44
1696 120 64 62
906 150 54 44
444 574 50 52
1612 474 70 36
160 854 66 38
1830 576 62 58
830 554 60 38
386 666 50 60
598 320 58 40
578 204 76 48
844 312 50 42
112 508 62 34
914 906 64 42
312 804 54 48
1178 296 68 38
242 566 58 42
1176 616 48 44
1190 768 40 38
956 854 70 32
1378 756 64 36
1202 454 40 50
352 978 50 50
1180 548 46 52
132 318 56 52
372 754 58 46
344 62 82 32
1364 600 60 38
910 586 36 44
1802 892 86 40
1226 816 46 32
1306 758 46 50
134 84 52 66
1600 978 62 42
1206 140 52 40
840 1008 68 44
1212 182 48 36
1084 104 50 52
1654 842 72 38
1004 690 34 40
1482 428 52 50
1066 250 34 42
822 582 50 48
964 580 58 36
362 416 56 44
1818 454 62 56
1586 998 56 54
1036 824 32 46
956 648 46 32
904 688 36 44
390 132 62 62
64 818 62 36
972 728 42 38
206 476 72 32
158 588 52 40
608 58 56 52
914 54 44 50
800 72 26 40
794 792 36 42
846 896 36 38
202 512 72 28
1462 638 42 56
992 292 38 38
1172 120 40 30
854 372 54 34
1174 668 30 52
862 830 32 36
1314 602 48 44
210 118 56 42
1284 698 38 40
1062 928 50 48
1356 640 62 34
904 792 38 36
296 264 70 38
808 726 42 34
164 538 54 42
830 698 60 38
1028 274 38 38
1008 676 40 34
400 64 24 34
814 766 38 34
944 810 48 28
926 106 38 38
1204 224 56 42
1096 696 48 28
1280 930 58 32
194 628 54 42
168 86 66 40
934 754 40 36
886 120 80 44
1812 848 86 36
1022 804 42 36
1190 834 42 32
400 328 20 38
1214 986 38 32
932 618 48 30
1162 60 42 20
336 422 54 50
1070 908 44 30
796 938 46 50
992 796 58 32
1236 682 54 40
530 416 46 64
1812 308 68 50
774 1000 56 40
836 824 42 36
152 148 74 46
946 738 42 36
1252 632 60 46
268 298 50 44
94 296 52 60
1300 972 66 32
642 2 58 62
1228 864 38 34
330 738 34 36
140 818 60 40
1194 104 36 36
1078 802 40 54
1328 664 50 40
44 902 54 42
1342 704 40 38
254 754 60 32
206 784 60 42
