982 386 38 38
1038 382 42 36
1228 458 38 40
1024 416 44 32
858 240 38 36
980 172 42 36
1300 466 42 28
1066 504 32 48
1090 332 32 44
764 312 34 36
1092 300 34 38
1104 116 44 30
1064 220 46 34
1172 402 36 38
1062 776 44 32
998 898 38 40
130 768 38 34
1106 408 44 34
1212 408 38 34
908 496 40 32
1080 232 42 38
876 140 52 28
1034 152 40 34
1622 812 42 34
1094 492 48 36
222 132 36 36
1066 606 48 32
1196 152 44 28
1124 256 36 40
1276 244 38 34
446 354 36 36
1754 748 40 34
130 202 48 32
1616 1000 82 56
1078 790 42 34
1222 530 34 36
134 254 46 32
1018 284 42 30
1680 728 38 38
1164 694 34 40
326 258 40 28
1664 848 46 34
1610 714 46 30
492 148 36 40
48 248 38 36
910 172 42 42
188 926 44 30
1664 526 42 32
588 262 38 32
246 2 52 22
1050 888 40 34
1034 686 36 38
930 136 42 28
166 152 60 42
860 64 38 32
1106 224 38 40
130 506 38 30
1644 414 44 34
1774 392 42 28
1090 658 46 34
1088 684 42 34
1170 422 34 38
1054 944 42 32
870 36 40 36
1850 762 38 32
1020 40 36 38
1014 126 42 36
888 186 38 38
1074 932 42 34
920 120 44 32
1854 522 38 36
1686 120 80 52
898 60 40 34
80 278 36 32
1092 174 48 30
614 300 42 38
974 150 40 34
1688 410 40 36
1100 200 44 34
800 62 36 20
1060 646 58 28
1168 448 36 32
948 130 42 28
198 274 38 32
194 754 36 36
1062 680 44 36
902 144 46 30
1056 622 48 32
1100 148 48 28
