1604 100 64 70
398 186 56 70
1570 722 78 36
1300 14 56 66
188 356 72 52
712 156 68 38
1012 336 64 54
918 478 46 54
94 176 102 50
1038 456 62 42
1016 228 50 58
484 272 64 58
890 154 64 38
1644 526 102 40
1006 650 52 52
810 510 44 56
30 230 90 68
218 878 66 42
188 258 72 50
1222 588 66 42
750 370 76 36
1116 248 46 70
1530 606 76 38
38 366 80 52
1504 924 72 42
968 600 70 34
920 604 50 56
1640 764 76 46
460 942 66 70
470 202 74 44
1470 170 66 40
730 330 52 48
736 428 46 60
292 74 62 54
418 504 62 54
870 804 54 48
672 222 76 36
1194 316 74 42
958 762 60 42
592 668 72 42
774 436 64 50
112 722 76 42
1658 30 74 60
1314 500 72 40
1598 882 70 50
338 652 68 40
678 34 56 62
586 290 78 58
152 982 62 54
770 562 64 36
1106 10 56 66
286 670 48 52
106 876 62 44
456 700 60 46
1086 514 50 62
1668 116 66 84
1420 206 76 38
760 794 58 42
776 878 68 48
1286 900 48 72
590 260 76 42
970 890 66 38
222 676 64 38
1042 182 68 42
52 646 76 42
608 410 88 50
346 976 58 38
992 720 62 36
1530 78 56 54
154 680 52 42
1452 412 62 54
828 294 44 64
836 918 56 42
1578 404 66 34
1268 174 48 48
878 680 58 44
578 86 92 50
1176 966 66 40
934 858 44 52
1236 404 46 64
266 736 58 38
28 524 62 44
1096 906 42 60
1392 98 56 52
800 740 24 46
1010 532 60 48
1552 988 72 42
1052 144 70 38
800 688 24 50
1084 792 42 54
800 372 24 40
1634 646 96 56
1066 232 68 46
1274 988 62 46
494 626 60 50
1512 120 64 62
858 722 48 50
102 922 86 46
154 118 60 76
1274 800 60 38
1248 732 44 64
1648 244 100 42
1188 488 54 46
864 230 50 58
724 26 56 52
1690 54 96 70
1562 574 76 32
872 288 46 52
1296 62 52 18
814 654 54 40
1174 694 62 40
1362 808 66 44
760 660 50 50
1034 744 64 32
92 512 80 40
788 32 48 60
1702 702 58 68
1052 496 48 56
832 964 46 50
58 576 66 42
1184 890 58 50
1180 364 46 84
1126 90 44 62
598 992 78 64
1526 426 56 44
1210 186 56 40
1790 830 94 42
1230 914 58 48
1290 660 62 40
1714 396 60 54
978 960 50 38
502 132 60 48
1176 1016 56 42
1192 426 58 48
570 118 72 52
1608 554 80 34
1178 240 52 54
1644 960 92 46
1168 838 42 48
1804 798 96 42
1108 632 46 52
582 164 72 42
1050 946 44 60
730 604 48 56
776 484 52 42
1636 846 80 54
670 482 46 46
370 498 52 48
796 986 44 50
1176 774 54 46
12 162 88 52
1782 732 72 42
1780 504 90 36
1182 756 56 36
1244 638 52 52
332 24 76 38
1196 218 50 50
1564 464 62 36
1080 120 76 46
400 490 22 44
738 720 40 54
984 1000 64 36
1622 810 116 60
1270 230 54 54
1206 150 66 34
526 962 52 62
1284 760 58 36
594 526 58 60
1812 652 84 48
578 230 48 44
1336 772 46 46
1176 518 48 54
1326 174 50 50
1190 106 36 36
806 940 36 34
1790 930 78 58
