130 382 72 38
1546 502 78 30
102 508 70 40
1516 818 60 42
150 300 66 34
1682 244 64 50
124 660 62 36
136 610 62 36
166 900 64 38
684 790 48 50
1698 82 76 46
742 346 46 32
1220 158 36 36
1682 322 90 36
658 544 34 44
1208 200 46 32
448 528 58 40
1668 700 66 50
468 258 52 48
612 272 34 42
870 570 56 36
462 920 72 36
730 646 44 36
458 390 38 52
662 202 52 42
1084 650 34 44
1644 560 82 32
668 388 40 38
612 436 38 40
1052 934 64 40
646 608 42 34
586 614 30 50
402 520 36 46
1316 108 64 58
1664 762 48 48
1270 228 34 46
802 492 54 48
1246 422 46 44
888 428 40 34
1828 556 68 38
748 212 46 44
1084 126 38 36
582 422 28 44
998 782 42 36
1092 330 36 44
90 300 62 36
428 622 34 42
204 742 64 30
784 870 34 42
1588 820 48 42
584 514 36 34
1110 650 32 46
64 308 58 44
756 444 40 38
708 686 42 36
1488 202 54 46
992 820 38 36
688 278 60 36
400 712 24 40
718 380 40 36
834 836 38 34
862 342 34 40
802 54 48 44
266 484 44 34
772 382 42 32
842 790 44 32
1344 340 42 34
208 824 46 44
684 428 48 30
988 668 50 44
1810 478 58 42
448 174 48 54
38 458 72 36
944 498 42 50
1600 96 54 48
1098 570 42 36
1196 122 38 36
488 416 62 36
614 488 48 28
800 694 36 38
1194 472 48 30
116 778 54 34
810 654 56 36
406 296 46 54
666 690 34 42
990 492 34 40
1070 172 42 34
400 242 22 44
820 336 40 36
1220 544 46 46
826 314 44 34
1322 268 44 52
1824 396 74 44
1390 104 62 36
1402 364 52 40
1018 874 46 30
342 498 38 38
1416 310 38 36
1252 490 34 42
322 486 36 38
1092 474 36 40
694 602 42 40
1482 120 48 28
516 756 44 52
1230 278 32 46
588 188 68 36
618 660 46 32
1130 652 32 46
1040 784 40 36
1408 260 40 38
374 490 34 34
748 490 58 38
1042 656 38 34
866 708 40 40
360 744 34 40
348 664 56 34
916 750 58 38
1096 198 36 46
716 152 56 38
850 308 46 28
1834 724 66 38
164 854 48 38
20 154 84 66
1224 1012 48 48
1122 64 48 32
348 256 34 46
334 700 44 34
378 242 34 36
596 688 42 36
304 264 48 48
1848 810 52 54
400 198 62 56
166 816 40 32
1402 150 38 36
838 736 38 42
270 1020 56 36
1152 120 36 26
324 736 32 36
1434 70 42 34
1128 154 44 26
476 610 40 34
522 596 54 28
610 640 36 42
374 194 56 44
1446 86 44 28
526 520 44 32
282 776 66 28
1440 124 42 30
1182 298 38 40
812 738 30 48
462 460 42 26
1180 442 34 34
1686 602 62 34
1132 224 38 36
1102 140 42 32
1790 516 50 44
1468 158 34 36
104 532 38 32
290 224 64 36
1164 718 34 42
1098 432 48 30
1094 768 44 28
398 766 42 32
