1362 308 68 78
1106 476 58 76
932 366 76 76
362 706 72 76
912 730 76 64
1136 606 56 82
498 334 90 62
746 162 104 54
338 510 82 48
208 792 86 56
524 822 78 76
480 684 72 92
1644 244 88 52
974 470 94 50
176 518 112 50
1014 540 74 50
1550 416 88 44
184 660 90 62
1636 94 96 64
1234 576 58 64
1118 746 60 74
1550 222 92 54
822 382 62 66
1006 754 64 56
1124 208 74 60
412 604 86 78
1408 412 84 48
672 548 84 42
986 596 60 60
806 780 78 58
686 758 80 72
642 836 66 68
958 546 64 50
458 244 112 62
330 450 76 54
1430 538 84 44
1664 176 66 68
1038 366 66 80
1584 312 76 58
1470 640 84 58
1042 694 62 58
1316 586 54 86
50 310 88 76
692 656 74 54
190 284 96 58
1522 22 76 86
1020 826 80 62
640 210 112 66
1090 662 60 58
292 748 74 64
1548 852 84 48
868 472 92 52
840 516 66 82
756 226 64 64
1648 566 78 66
166 714 88 84
236 214 72 82
1362 166 84 56
1574 494 74 58
630 318 84 62
416 462 84 66
762 820 64 74
1080 324 80 64
760 552 84 48
90 524 98 74
876 594 58 78
1082 420 80 44
444 522 72 78
840 992 78 60
642 670 78 76
1472 94 106 66
1406 828 84 56
922 578 48 78
1224 346 62 60
1416 190 88 52
1160 328 56 72
1424 752 60 62
158 468 90 60
996 666 70 48
1498 370 76 50
1234 406 90 40
1478 576 98 52
1228 644 66 46
40 222 102 52
784 290 66 54
196 428 90 56
1360 606 100 46
894 888 74 52
822 308 56 74
1684 300 70 50
1644 494 68 52
556 714 60 72
1318 756 58 66
1230 736 62 58
1226 196 64 60
1322 880 90 46
1254 522 84 52
1732 222 80 58
1696 136 76 68
706 320 58 80
1506 752 72 56
1416 930 86 48
94 882 94 70
1354 724 60 50
400 112 70 90
1340 78 70 70
1580 952 86 54
814 620 74 50
540 972 80 56
354 594 72 72
1232 26 56 82
1642 350 92 74
1288 86 64 78
728 938 76 60
1242 456 68 46
754 334 64 58
1090 24 82 38
346 162 98 68
286 188 76 68
44 32 112 64
610 68 78 72
1126 62 56 64
48 124 86 62
294 826 98 68
644 940 70 86
1226 490 44 62
518 546 88 56
1274 894 68 50
1420 992 72 52
974 32 84 60
1248 152 68 54
540 884 80 80
1242 692 68 38
1608 60 94 46
272 922 100 60
532 142 66 60
806 918 80 48
118 326 146 76
1238 924 76 58
1122 860 58 56
650 594 104 48
760 402 66 54
1724 474 84 54
436 988 78 60
1398 64 82 60
124 592 92 72
288 100 106 50
638 620 78 48
1080 910 82 60
1684 604 116 82
1188 206 44 106
68 954 94 60
0 300 62 84
1556 708 60 66
730 380 80 46
1732 538 76 62
382 990 60 56
728 994 62 64
540 382 64 70
1150 822 54 60
46 862 72 102
1724 418 76 46
1176 36 44 90
1518 812 62 48
1704 846 66 66
1726 88 88 56
1740 28 86 60
54 766 110 86
54 0 84 32
886 18 60 52
646 418 68 62
1504 686 70 60
66 684 84 58
186 0 84 28
0 18 66 78
1160 146 48 60
