470 140 70 86
704 86 66 68
1370 432 90 54
460 360 70 72
784 662 50 68
782 578 54 78
148 914 68 58
1262 318 82 52
904 846 60 66
1084 318 66 68
1446 348 66 66
688 380 60 74
668 238 64 62
746 314 58 70
1658 136 60 72
1652 394 88 48
590 386 78 60
1286 218 88 54
900 430 84 36
842 564 56 68
842 500 64 60
688 544 84 46
382 164 78 58
888 288 54 60
1418 168 108 54
834 270 66 56
966 618 52 64
1518 402 74 62
800 426 44 80
578 184 70 86
828 370 54 72
580 92 80 70
198 394 84 46
946 104 48 76
930 482 56 48
1026 46 48 82
694 470 72 40
332 126 80 54
566 296 56 82
112 248 90 50
868 668 70 40
1482 60 82 56
906 608 48 64
1394 672 66 60
648 160 60 76
64 854 84 58
930 562 60 44
1232 468 52 66
1400 590 66 46
758 426 46 58
768 20 74 62
1036 446 74 42
1482 284 94 50
952 846 56 70
818 926 56 58
1190 208 96 76
878 138 72 46
334 892 70 58
898 190 68 62
592 0 84 60
22 522 88 52
116 492 80 68
1186 120 66 66
1572 414 66 54
16 156 90 68
586 442 84 42
92 284 68 54
1372 82 70 60
1296 680 62 60
1132 0 52 64
286 698 60 42
1066 926 56 60
36 260 76 50
452 646 74 48
1072 392 52 56
884 368 56 66
860 364 48 76
970 1006 64 48
1550 0 72 62
1198 50 62 70
6 364 102 48
1686 320 72 50
1708 176 86 52
48 718 80 50
458 694 52 82
1050 736 48 62
52 980 76 46
1046 484 58 44
68 88 90 60
594 750 66 48
1112 182 56 56
352 540 82 44
1200 858 62 38
1638 530 108 46
110 0 90 74
804 6 72 54
1202 0 58 64
