1120 586 84 74
1028 276 72 70
842 180 98 64
1516 472 78 68
942 270 90 46
860 606 76 42
1132 190 58 88
1070 578 64 68
952 370 60 78
792 290 80 80
1388 234 76 62
1146 306 68 70
1088 366 86 64
872 464 98 52
750 610 60 66
198 500 86 58
1080 442 82 54
854 384 60 76
772 944 66 86
988 454 90 50
1476 20 74 88
1076 700 86 48
710 914 80 60
320 54 98 72
974 942 74 68
1608 452 76 54
294 636 68 90
984 640 68 66
890 310 90 62
1390 300 80 46
1432 862 60 68
1580 230 58 96
280 136 96 70
486 172 98 64
410 318 72 66
1396 794 74 68
1626 538 88 58
1644 320 86 46
322 300 92 62
678 324 80 74
642 544 70 72
358 632 84 50
130 684 110 48
1284 480 78 54
282 254 64 92
1526 414 76 46
1030 154 56 68
654 382 88 42
496 656 86 58
148 82 94 74
1622 838 68 74
1424 518 60 80
1024 744 74 60
538 802 62 82
852 676 56 54
1150 750 52 80
150 628 94 56
1354 142 72 76
1236 732 74 56
1398 98 80 62
490 518 88 52
1354 624 74 56
1586 614 92 40
1564 920 82 56
874 770 62 76
50 758 96 92
1268 856 66 58
1406 360 76 56
512 334 86 54
1558 138 80 64
1294 620 78 76
1236 640 56 64
786 756 70 48
1232 58 64 78
428 742 94 58
1110 886 62 68
606 142 70 68
1230 210 76 56
1524 598 62 78
930 656 64 54
698 82 92 62
420 806 64 80
1576 656 58 68
930 770 66 88
1654 110 62 66
324 400 96 52
426 670 76 66
220 204 88 66
1108 90 56 64
364 784 84 42
1688 452 84 54
372 552 84 48
446 98 76 70
706 812 58 86
212 924 86 60
422 502 88 44
758 802 66 62
1330 926 86 56
1264 924 72 62
852 60 68 74
368 728 64 46
326 0 88 54
1224 264 64 54
1378 744 88 44
1690 882 80 60
494 934 74 62
1622 960 70 64
808 698 64 60
146 478 86 56
912 20 52 82
730 506 84 48
1098 812 72 58
684 446 92 44
1648 404 74 46
1046 88 60 64
1458 796 74 64
1172 60 46 70
156 220 84 86
500 60 92 58
16 556 96 66
1252 976 68 52
78 330 120 68
682 510 58 62
526 262 70 68
1312 106 70 46
1698 668 70 50
146 2 92 76
700 580 58 64
504 596 84 60
50 122 80 68
1628 760 84 40
1484 428 72 50
28 16 90 78
1714 804 72 66
1252 140 80 52
300 812 102 46
26 282 92 94
1740 28 82 68
1738 318 74 68
914 930 70 72
240 0 98 40
1452 682 66 60
298 956 72 88
1730 542 76 54
1676 610 70 52
1076 950 72 58
652 724 102 54
70 956 90 64
1442 588 86 46
40 600 116 50
1690 938 68 60
1576 60 74 50
308 462 84 36
1224 880 56 54
1636 232 56 68
136 896 88 66
710 974 58 70
636 30 74 96
568 752 52 60
1736 606 56 56
118 226 66 80
1820 754 76 102
1216 500 58 54
1706 142 112 76
78 836 90 110
1482 742 64 52
608 40 52 84
542 106 52 58
372 942 58 70
1822 618 72 68
