974 570 84 82
1062 432 100 66
1624 636 106 62
336 202 84 110
838 596 80 82
1064 20 96 78
1060 690 82 72
756 290 82 92
840 276 82 76
1530 778 116 62
840 778 84 88
1110 742 78 106
1222 446 76 98
1588 274 102 60
1584 540 94 64
1072 114 110 66
784 588 72 102
400 754 116 70
1370 878 96 78
1008 288 124 72
866 490 104 80
112 234 78 116
668 264 106 74
928 132 62 116
1220 328 70 106
276 248 78 112
936 452 128 70
880 642 94 106
848 332 118 62
1070 178 108 76
308 764 84 106
954 830 98 76
1392 538 94 74
680 952 100 70
1142 588 66 110
798 678 100 72
658 740 96 66
740 122 66 118
1158 224 60 84
1506 510 118 70
1590 214 130 70
672 662 90 86
684 386 108 64
1078 626 88 76
276 648 94 96
996 60 80 56
474 166 70 122
482 286 90 98
1062 926 108 66
1484 624 124 86
1102 854 68 90
1462 244 80 68
242 690 84 108
1588 148 108 68
1228 274 102 68
1416 614 116 74
952 738 100 106
1318 250 104 92
1490 60 136 74
726 796 66 104
776 398 78 84
1668 516 94 92
1146 844 62 112
1294 332 76 100
726 554 82 68
400 534 122 74
1696 422 122 66
822 386 122 68
1388 20 104 70
1334 772 60 128
1332 52 84 104
1646 348 88 84
1006 166 78 86
1448 136 72 106
346 16 96 94
1358 664 100 76
1382 938 122 76
1506 438 122 84
1096 304 76 130
800 510 88 84
1514 156 92 90
976 208 78 98
1360 332 96 88
162 42 90 92
1428 308 108 74
1604 120 90 42
1234 142 122 70
830 856 74 96
1596 326 106 62
1232 708 76 72
1156 406 84 72
346 156 140 76
1220 752 66 108
1210 860 86 78
20 112 104 72
1246 92 90 60
778 114 110 82
1398 472 122 74
1568 834 114 74
780 786 72 112
628 662 58 110
600 192 134 72
1240 26 88 54
1618 728 130 64
170 238 118 82
400 680 90 78
44 764 108 94
1494 892 132 62
1714 668 96 74
1724 352 98 64
182 566 128 78
1464 364 102 90
1234 576 104 84
1224 56 68 72
876 884 84 106
460 946 84 86
416 298 78 98
364 448 100 88
1714 74 94 74
84 844 122 76
442 60 96 100
412 226 94 86
688 894 114 58
324 100 144 64
1224 208 74 72
1716 756 98 76
850 60 86 88
630 804 102 78
1294 564 120 72
1712 152 112 78
340 610 116 80
284 540 110 80
1428 798 134 68
156 720 86 100
460 394 96 68
64 0 104 38
1518 238 92 82
134 964 118 88
258 902 102 92
686 478 74 102
1738 830 80 88
668 844 64 80
598 290 66 78
1330 120 76 32
1162 60 54 60
0 198 84 76
498 812 92 90
48 678 94 80
0 474 66 60
298 366 142 68
634 476 78 108
602 126 138 68
14 578 102 102
1638 28 112 66
1230 954 128 80
836 16 98 66
1572 938 72 72
1708 276 102 84
738 460 90 74
246 60 152 58
438 816 72 104
214 428 118 80
44 950 106 74
1662 878 92 72
330 918 146 86
1670 800 86 84
1784 120 64 64
1742 916 62 94
400 60 50 60
512 458 80 70
140 874 142 76
