348 814 96 52
186 666 110 50
1230 338 64 90
988 376 68 66
842 208 52 66
1064 644 74 40
1150 322 60 88
990 508 52 74
716 180 86 68
226 540 102 52
434 654 92 58
884 430 64 76
864 528 60 52
772 134 66 54
402 540 70 68
460 382 76 62
614 374 94 82
1050 488 72 52
934 120 94 54
630 88 74 78
454 892 58 60
916 952 94 42
782 866 86 52
662 500 62 72
1624 170 58 78
696 852 66 62
844 366 68 80
256 322 82 90
1272 446 70 68
1522 62 88 82
638 798 74 72
928 600 60 60
1702 128 68 78
1250 394 68 52
1394 424 84 40
1076 328 70 58
710 612 58 70
164 194 82 48
816 602 76 52
1654 392 78 48
628 318 98 48
158 82 76 78
1642 256 80 52
796 450 58 46
1098 188 78 52
1504 666 78 46
1404 222 92 54
1530 812 58 64
506 886 90 58
194 728 102 60
1344 428 66 56
194 502 80 48
1320 912 58 76
1282 570 82 52
1546 270 80 34
154 242 88 54
1222 884 48 70
706 930 72 50
114 844 82 54
782 542 76 48
458 276 72 82
1372 106 56 74
930 664 64 76
1416 734 74 54
1514 216 86 46
880 866 84 54
1080 424 90 54
280 196 78 82
148 356 102 48
1124 892 54 62
1264 774 58 76
796 696 74 62
1046 74 66 60
1230 486 58 72
1224 658 66 52
1554 634 72 42
416 194 96 50
1558 308 84 52
1658 748 62 56
1250 946 62 56
1082 140 72 44
1654 82 70 72
1752 246 70 54
484 488 86 62
1392 928 56 70
934 60 86 60
970 640 80 48
100 472 110 46
18 30 76 62
1074 814 82 56
1678 658 80 56
724 18 98 76
1144 40 54 84
170 910 72 70
760 640 72 44
634 698 62 50
1156 768 50 74
412 60 70 60
1604 92 56 76
1658 574 126 44
1562 918 78 48
50 870 84 84
1376 760 62 70
1110 78 56 66
734 686 56 50
680 738 76 44
1328 726 64 52
1588 410 68 42
1726 60 90 72
476 698 110 58
482 120 78 66
168 788 150 54
1624 620 84 44
1676 490 92 58
1250 146 74 42
502 260 84 46
62 954 90 66
1408 46 64 62
506 222 86 50
1474 852 66 56
488 934 70 74
548 794 64 54
224 890 72 54
526 120 72 48
138 980 102 48
1244 90 86 56
34 120 96 64
1236 720 60 50
1696 436 80 36
120 898 68 70
80 28 74 62
52 262 104 74
678 678 74 44
1010 24 76 34
536 304 58 52
58 496 92 58
1668 798 118 82
550 754 70 54
1190 202 42 90
1094 24 62 42
1222 40 36 82
1772 164 52 48
260 16 78 80
516 170 80 58
62 682 90 62
1164 870 46 66
1510 934 58 60
1080 938 84 50
