1510 360 100 64
926 750 82 88
892 618 104 66
982 306 102 54
1106 620 96 64
1542 664 98 78
1112 260 104 68
1458 314 96 78
956 232 118 70
1110 526 70 94
1316 250 108 52
1480 592 66 84
170 664 108 60
1064 692 90 74
1594 270 124 70
1364 100 92 80
802 292 80 98
1236 478 110 62
1108 316 80 84
1254 632 86 98
802 778 90 80
1644 482 96 72
720 880 82 86
424 332 136 56
708 328 90 78
1316 374 84 80
1536 414 100 64
1548 540 102 86
732 60 82 54
1682 582 98 68
1248 140 100 70
632 18 98 76
1746 116 106 84
640 714 78 66
1322 468 94 70
620 358 108 76
1424 598 62 84
990 362 108 70
1308 544 74 92
1686 526 106 68
640 838 80 116
962 132 96 74
1396 802 82 86
636 634 76 84
218 822 130 70
1050 510 72 90
1462 680 80 90
1298 308 106 66
1506 116 92 66
1500 902 94 82
468 574 114 64
1102 898 86 64
1236 174 66 104
180 546 94 74
324 82 116 82
810 418 76 68
1136 744 64 106
1072 146 74 100
92 458 120 94
1242 386 86 58
376 892 88 92
638 520 112 58
226 156 98 96
474 12 72 82
1652 326 92 96
450 886 104 82
882 904 96 64
286 702 158 70
328 290 110 92
1104 72 78 76
1728 20 82 82
1440 198 116 72
832 492 112 68
490 742 98 90
22 110 104 76
106 202 124 72
1248 44 74 98
632 128 114 70
1642 790 74 96
42 690 104 70
226 884 112 80
1586 892 96 96
744 162 66 112
1438 422 88 98
1302 74 70 72
866 370 86 82
1004 926 74 92
644 950 98 100
726 420 110 64
14 192 100 88
942 60 104 74
1552 798 98 76
0 530 116 76
512 838 86 74
990 456 92 46
1668 760 106 66
1090 738 84 74
1214 320 56 84
888 430 84 62
1554 202 116 64
656 238 102 90
1350 592 88 88
1724 268 112 72
1598 366 92 80
966 410 88 52
1008 478 106 70
1224 28 56 110
120 416 132 74
1326 22 72 86
80 862 106 102
2 806 92 70
1796 12 56 100
38 962 120 68
1156 850 54 70
1336 854 74 72
606 756 62 76
1758 334 82 72
76 324 128 70
1594 108 100 54
12 872 80 100
1212 746 64 116
1394 20 76 60
1144 22 62 92
1658 58 78 74
1756 600 62 76
218 712 104 78
1748 742 68 70
894 958 74 76
284 494 100 90
1548 156 112 60
1454 60 60 50
6 282 94 108
1670 154 94 66
238 338 108 94
444 198 88 60
120 724 114 84
596 70 56 70
434 534 108 54
422 472 90 68
1082 956 86 46
1666 210 128 56
1646 652 74 72
480 250 110 70
1506 60 68 38
1704 440 130 68
4 594 116 74
1148 890 62 58
1164 412 68 66
604 462 64 62
