262 694 104 54
1076 168 98 58
1548 352 96 52
1036 180 62 88
1494 254 96 60
848 364 72 80
1364 156 74 86
1078 400 84 54
958 530 100 54
744 272 68 74
1074 574 62 68
1690 294 80 66
724 112 86 64
990 316 70 86
1680 478 88 72
336 718 68 80
192 60 104 54
408 248 128 56
486 324 104 46
1576 124 104 70
352 168 96 58
450 770 106 58
460 826 96 54
1424 60 84 62
616 154 94 58
166 812 106 66
1234 374 84 70
1122 476 82 76
144 278 104 62
486 934 104 66
844 272 84 60
1082 720 84 48
1746 98 76 74
126 650 114 48
1242 84 78 70
864 462 80 62
1126 336 56 78
606 350 92 50
698 280 58 78
658 72 88 66
1676 376 88 54
480 94 110 54
156 488 98 74
468 874 92 58
814 868 80 70
66 970 90 50
108 336 106 66
1456 428 78 58
986 382 60 64
950 922 80 58
56 842 90 84
1104 638 68 44
694 390 80 46
1414 588 96 66
1142 206 52 100
622 862 66 76
1024 904 66 74
844 952 60 62
20 494 104 66
1162 290 50 82
502 196 90 80
1102 58 82 76
1302 88 70 62
1104 820 70 96
176 124 68 100
254 146 78 112
1640 18 78 52
1752 206 66 96
70 686 80 64
670 512 74 64
12 762 112 74
628 946 90 90
860 554 66 66
774 964 74 54
376 596 66 80
1482 24 88 46
1238 480 68 50
716 346 80 46
104 896 120 74
750 514 68 58
1688 668 72 58
46 124 86 60
662 432 76 42
624 806 66 54
76 188 122 82
1698 794 86 68
446 366 118 56
1410 824 62 36
1726 882 56 66
844 620 72 84
1346 876 64 60
58 270 92 76
