1376 662 108 86
1558 554 90 102
1586 60 80 122
1382 784 106 88
828 792 104 90
1388 554 90 106
1270 644 88 100
224 316 90 98
708 306 112 88
1588 906 104 94
132 242 98 100
776 708 80 102
342 592 84 104
396 252 92 102
266 790 80 122
846 166 98 92
1528 648 110 86
264 630 80 126
1246 500 92 92
984 596 98 92
1334 84 128 82
1272 734 76 104
1036 750 66 124
342 228 70 110
820 492 122 80
802 78 90 96
638 732 114 84
1684 674 110 96
1238 884 84 106
1380 906 76 104
922 562 88 104
1362 332 80 108
708 798 94 96
820 300 104 88
1100 818 82 96
328 496 90 100
1688 174 100 86
404 714 96 100
132 100 120 78
1078 322 70 116
1496 268 86 100
394 542 130 82
232 482 86 108
392 454 120 82
1396 460 90 94
32 772 96 100
1508 754 114 82
400 326 150 72
1496 838 104 84
1648 108 92 92
988 60 92 70
14 190 116 120
874 18 106 64
598 522 84 118
1266 258 112 80
494 210 86 84
922 904 66 142
1596 484 104 82
1130 560 76 124
168 174 116 86
916 300 100 88
980 110 92 90
966 404 90 104
994 340 84 96
666 538 126 78
166 60 150 60
1080 718 82 108
1572 712 118 76
1060 628 88 94
960 688 86 104
814 568 104 88
896 650 78 100
732 890 88 96
1280 836 116 78
1068 92 100 74
1380 212 154 66
606 328 68 114
88 612 152 84
206 926 80 100
800 410 88 76
910 224 116 78
656 480 116 76
762 208 70 118
1234 348 106 92
1116 16 102 96
1036 424 84 110
1214 60 104 60
230 252 130 88
1464 468 118 80
846 424 116 78
826 636 62 108
92 734 146 76
1698 774 74 114
398 646 110 86
736 630 96 90
182 772 114 80
1046 148 96 88
472 60 98 78
1750 120 118 68
620 642 116 86
1692 524 98 112
614 258 110 94
1522 146 84 106
254 182 150 74
758 150 122 72
1148 474 64 100
154 450 92 96
1212 730 68 120
1614 776 114 86
1078 190 84 88
1216 582 94 92
640 882 102 86
268 444 142 82
506 476 76 74
26 574 112 92
1712 18 98 96
342 776 116 92
990 264 110 82
250 106 88 96
978 750 68 110
1720 894 100 88
1386 276 132 74
614 94 120 106
622 796 76 106
1042 890 96 90
104 832 118 124
0 100 118 80
674 36 98 102
502 684 78 104
38 966 100 74
704 192 72 116
1720 396 96 106
1124 214 88 76
1056 24 72 90
1458 96 114 64
350 936 140 78
1084 516 96 86
1424 404 142 72
1088 282 80 84
594 214 84 102
40 0 122 102
474 934 78 98
1728 218 88 108
286 894 94 104
300 46 100 98
1590 236 94 106
1414 126 84 86
436 356 138 88
406 86 64 124
470 804 106 86
584 420 188 74
1642 342 140 74
