1116 204 86 68
1110 490 78 68
1014 342 80 64
796 316 68 78
966 198 66 100
752 560 94 50
942 582 88 46
1252 254 106 72
1396 202 76 84
1478 308 76 78
722 354 68 86
1468 206 60 86
808 180 76 72
316 578 98 58
1104 82 60 74
264 530 92 66
884 580 58 70
1298 472 66 82
622 140 104 68
1382 544 68 64
1508 90 98 58
1228 378 104 60
854 248 92 60
1336 356 76 70
1026 470 64 66
254 684 108 46
862 664 64 66
612 270 94 68
440 158 84 70
1604 834 86 54
1422 468 86 64
940 102 72 70
726 184 82 76
630 646 90 52
286 738 96 52
878 750 70 72
1138 616 50 78
272 796 102 72
1526 776 76 74
142 718 106 50
824 108 64 78
910 814 70 90
472 468 98 50
1414 660 92 50
1116 312 76 66
1500 726 86 46
368 8 82 80
1326 434 90 54
1670 208 90 72
656 716 106 50
1516 390 94 66
1320 654 76 62
232 290 92 72
1096 864 66 58
20 278 88 82
1462 550 72 74
988 796 86 60
452 12 86 64
602 48 72 94
760 622 84 48
982 682 84 64
892 38 80 76
374 726 72 66
328 194 84 68
908 338 84 72
1226 68 60 68
126 912 118 64
1260 654 68 56
836 732 68 54
1000 136 88 72
960 630 80 44
896 454 70 56
356 352 98 42
992 80 90 52
1068 586 92 42
1228 624 60 66
730 958 90 62
754 662 74 68
400 614 74 74
1064 26 74 56
1730 118 94 94
706 830 64 82
1244 124 130 80
492 522 96 56
626 838 82 100
436 688 76 68
1226 476 60 76
710 30 78 56
376 240 76 70
1704 652 78 62
230 992 124 66
762 896 84 62
1358 62 88 86
72 956 82 68
128 294 116 56
832 874 84 64
676 84 100 68
1500 850 84 56
228 156 76 106
1590 184 80 62
1084 732 76 40
110 146 118 84
1232 740 68 50
604 350 94 102
1064 686 90 38
856 504 68 66
1618 280 92 58
648 764 102 64
1008 862 76 64
456 636 84 62
1590 648 78 56
1652 94 136 60
8 612 100 66
486 120 84 60
1116 346 50 72
602 150 52 88
352 922 116 76
62 684 94 62
972 442 62 58
1590 594 70 48
486 272 74 68
352 812 62 92
398 850 80 72
1056 884 54 78
488 378 72 64
246 54 122 76
970 400 68 50
662 214 76 78
600 554 72 74
410 80 100 58
1034 628 70 56
1010 964 74 68
1238 912 78 60
154 514 84 82
1490 928 112 50
500 584 92 52
104 48 102 90
162 616 78 74
446 246 58 66
94 774 100 88
526 18 58 78
1574 504 82 56
50 124 82 62
70 540 86 76
1120 768 64 50
116 438 130 48
162 0 98 38
1646 56 106 54
1214 312 48 96
1642 490 60 64
196 342 76 70
754 482 68 58
430 310 72 72
10 10 100 92
116 316 78 80
490 758 108 54
356 430 70 42
1592 20 98 48
510 862 88 62
1162 142 54 64
1672 442 108 54
484 806 116 60
1682 706 92 66
1662 904 60 60
1584 224 64 62
1710 338 98 78
520 666 78 62
752 434 88 50
1254 802 80 62
536 126 56 86
64 480 112 72
26 878 68 84
1678 536 60 74
1726 308 88 66
80 858 110 82
412 382 78 48
1156 416 68 58
