1480 518 78 126
1386 398 158 78
614 346 104 100
768 120 84 108
1028 556 78 106
1022 234 66 116
862 624 60 138
880 174 86 102
1414 802 92 100
1410 666 82 100
618 106 134 86
1244 302 78 106
350 184 88 100
1576 308 78 102
1232 626 110 84
426 598 84 104
954 370 76 114
1316 352 76 100
606 260 124 102
898 550 130 66
972 152 80 80
1412 280 76 108
608 164 84 110
1654 124 94 98
1336 718 70 126
950 796 128 68
1116 296 94 92
774 268 102 88
846 310 110 86
844 392 88 106
766 516 142 74
302 118 126 78
1504 848 86 96
1358 190 88 98
232 174 110 82
442 234 104 92
1218 748 98 102
1306 610 134 76
98 876 122 90
680 592 72 114
672 524 124 76
654 466 96 78
1572 800 78 98
948 474 112 88
1254 696 118 74
734 480 118 62
898 606 134 76
1076 156 116 78
1044 910 108 80
1318 852 88 98
58 192 128 98
384 712 108 84
800 54 70 82
938 284 88 92
938 836 82 94
1112 492 76 98
1462 324 112 82
770 396 88 88
1542 96 116 86
1080 224 94 82
1128 742 66 120
766 582 138 72
1506 176 94 94
930 20 104 78
1322 266 90 96
1426 588 88 96
1052 702 72 104
1048 356 100 84
770 928 98 88
1704 210 122 110
1622 218 88 102
1446 152 80 116
1616 576 110 82
1086 60 106 56
1018 424 114 80
982 664 102 92
722 858 96 92
908 664 90 104
1252 76 114 74
756 620 94 88
48 962 100 72
1722 814 104 100
1598 908 118 90
808 754 124 84
386 306 116 70
1234 400 136 78
272 22 84 114
882 922 94 88
1058 98 152 62
1500 268 124 82
836 96 124 76
582 60 114 74
464 468 108 80
1038 828 86 100
322 266 96 92
1478 60 86 58
1770 116 90 94
1714 314 114 92
1708 568 102 88
1346 92 84 94
100 94 138 74
966 954 90 96
454 144 122 78
1544 20 100 92
160 138 96 100
1610 506 162 72
1232 174 96 96
1668 750 192 66
600 530 82 86
110 0 106 102
1336 22 126 64
1236 458 96 94
6 0 104 96
292 542 152 60
1690 680 140 70
658 18 118 44
872 816 68 118
1584 704 146 90
114 752 88 124
318 670 90 96
670 398 126 78
1548 642 150 70
1028 140 76 80
1716 940 106 84
406 522 126 84
1338 520 80 100
400 886 60 102
1242 22 80 88
1162 220 72 118
236 292 74 118
164 616 160 106
506 634 78 108
24 276 108 106
196 788 94 96
616 936 152 72
466 918 110 78
10 108 112 72
798 846 90 88
1304 152 88 100
502 40 68 110
472 186 104 68
26 686 112 66
274 784 94 100
192 898 106 102
612 704 82 78
500 834 100 100
1632 880 136 80
1228 898 126 78
624 584 76 116
434 780 142 64
64 518 94 70
