720 810 66 118
1498 278 92 92
836 110 72 122
1496 630 106 88
1372 594 108 74
1352 222 118 80
1354 298 134 82
926 126 108 78
1246 18 108 90
640 888 104 96
780 372 90 94
420 668 94 104
986 802 76 86
1364 678 112 82
1008 532 98 118
402 770 90 98
646 784 74 114
1334 120 114 66
990 374 84 126
1526 188 94 98
1084 460 104 84
914 334 78 100
848 486 102 94
704 14 102 88
208 306 146 64
1086 322 102 94
908 60 84 68
1234 336 88 78
1690 208 136 96
812 242 110 90
954 190 76 110
868 876 96 96
934 982 112 72
490 746 94 86
630 704 104 86
1048 152 120 82
1498 564 130 80
632 476 90 100
120 38 120 96
1266 616 110 74
1606 200 74 106
1030 232 68 96
1234 200 76 116
1086 600 130 72
1234 92 116 92
752 280 84 92
30 500 82 78
1678 802 98 92
1254 544 112 78
1044 388 104 90
792 672 90 100
704 298 62 116
470 60 98 82
826 924 82 118
1464 762 122 78
1030 90 118 70
1424 390 86 86
1248 678 102 70
112 830 98 100
698 632 102 86
1682 722 100 98
606 280 110 82
686 158 88 90
754 120 80 94
1248 402 84 64
1502 74 88 102
1044 714 108 72
964 20 104 58
588 346 76 90
790 516 98 82
1118 516 98 72
264 28 104 100
1360 362 90 80
994 664 76 92
34 690 96 66
1338 546 104 76
1368 22 96 76
1100 838 102 94
604 88 84 102
1066 922 92 100
1232 456 74 124
1060 654 98 68
944 866 92 110
894 770 104 86
700 514 108 80
1238 726 94 82
754 572 88 100
1420 466 96 92
1292 750 78 94
1574 582 152 72
1580 308 68 112
1568 778 76 108
1104 752 72 98
6 108 108 76
628 566 134 82
1090 60 126 68
252 126 106 86
672 106 82 82
852 784 74 108
788 786 78 110
992 908 92 96
1244 960 80 82
122 738 112 96
1310 954 104 72
950 612 84 112
1218 764 82 108
672 218 82 108
1584 18 102 90
1362 752 102 90
474 290 108 82
1600 942 94 88
386 78 108 88
1336 816 114 82
30 278 96 90
1132 216 70 94
404 236 96 94
1164 764 52 86
472 592 78 108
452 146 114 62
1300 314 80 106
1218 590 74 90
756 460 100 68
1518 948 100 82
1178 308 58 104
92 218 112 76
266 206 118 82
1526 476 114 80
22 8 96 90
360 600 114 84
1364 446 76 100
192 926 104 112
720 220 122 82
184 236 132 70
1726 892 102 94
1660 34 100 100
800 438 64 60
1636 386 148 78
634 40 86 82
1420 814 114 76
1254 872 52 88
258 436 118 74
588 166 64 86
1580 710 98 100
1288 886 82 96
170 468 84 96
786 754 102 72
164 106 94 100
1640 650 150 82
14 222 92 72
1644 456 182 76
300 256 128 68
498 230 80 78
272 0 122 64
748 944 96 78
514 612 72 122
432 14 108 52
260 608 92 94
1416 930 98 88
148 658 104 84
1216 862 66 92
1544 122 142 74
1294 438 80 82
400 906 86 106
608 412 74 74
1214 60 52 60
320 634 94 88
220 684 102 94
68 582 144 74
