866 208 110 54
1084 784 76 76
298 684 110 66
870 404 88 76
936 122 76 96
940 804 80 88
1432 362 70 84
1414 110 80 92
1058 232 62 82
840 298 76 84
1518 112 92 100
1570 206 68 72
1506 476 96 60
952 374 86 58
744 280 74 70
680 240 74 84
1244 406 90 76
934 316 74 82
926 734 84 64
1478 406 84 80
148 620 116 78
632 200 74 82
696 104 106 74
598 250 56 86
1318 498 88 54
1324 204 68 90
296 622 126 50
464 620 84 86
1084 656 84 64
1088 166 82 72
786 202 70 94
910 476 62 94
286 768 92 84
1380 540 80 66
518 216 62 102
1378 280 98 64
1006 64 88 54
1242 130 92 60
1090 550 56 76
836 606 90 50
402 758 98 52
186 834 82 92
186 768 86 74
100 304 96 86
1156 320 64 88
56 682 104 70
1082 488 94 56
322 170 106 50
342 338 86 72
1472 606 76 68
184 200 106 52
1288 262 68 90
74 842 78 80
308 302 94 48
798 724 86 86
336 60 84 58
1608 268 82 92
1002 452 66 92
48 478 108 74
1002 772 78 80
76 224 96 70
1312 144 76 66
1096 852 60 86
888 996 88 60
422 242 102 68
222 320 88 90
176 538 92 54
1698 356 114 58
368 198 68 88
256 526 70 92
64 952 102 74
1300 706 86 70
956 442 68 56
1626 470 104 56
1528 554 88 62
934 60 58 66
800 416 70 72
392 698 102 60
1452 18 80 78
258 832 76 90
670 36 60 88
1524 710 72 82
644 542 70 82
320 538 82 86
270 44 80 88
712 392 72 58
148 86 96 52
182 246 72 78
626 488 74 70
486 180 58 92
1008 732 94 44
614 18 74 54
974 540 94 52
102 562 102 52
46 124 92 66
1308 634 92 60
832 60 96 62
1604 542 84 82
408 832 88 58
994 954 108 56
1678 250 78 88
172 136 76 68
1010 860 68 86
1224 322 60 82
356 856 90 88
1234 190 74 84
472 90 72 76
184 484 82 56
70 770 90 68
1658 612 84 84
486 376 82 84
1016 120 84 54
1298 62 64 80
24 832 64 74
1078 370 86 54
1558 768 86 66
216 0 136 60
664 796 62 88
1330 28 106 72
1100 998 88 56
634 376 108 66
1558 398 106 56
1400 618 84 50
510 332 78 58
516 834 74 70
1364 772 80 74
524 112 62 82
116 450 98 62
730 970 92 60
1452 806 102 44
650 652 82 92
794 494 58 62
502 796 76 46
618 642 60 84
526 738 66 60
24 40 74 54
638 954 72 78
1436 760 88 48
986 610 74 54
994 666 68 58
1488 54 64 94
482 938 126 66
1148 846 66 92
1648 896 90 42
708 584 90 56
1482 856 64 88
644 890 84 72
450 464 74 86
516 476 68 90
1192 264 92 54
78 60 90 50
1604 624 78 60
2 514 56 78
696 840 88 52
1804 892 54 74
1110 92 50 60
1674 432 70 36
790 1002 94 58
