1086 244 62 50
916 430 58 50
976 156 48 64
1224 310 52 66
458 830 92 66
710 910 56 56
338 216 58 60
144 286 82 36
890 308 70 38
758 164 46 70
736 332 50 60
1452 54 62 58
1676 152 82 62
1294 188 70 42
1354 166 70 46
1036 464 72 32
772 452 50 58
812 606 64 34
410 338 58 54
610 764 70 42
1094 642 54 52
714 734 54 44
692 650 50 64
918 960 74 42
1646 508 58 62
54 296 76 42
594 850 60 40
584 528 58 58
664 60 52 74
68 232 98 48
838 840 46 54
20 586 64 42
88 502 96 40
674 402 52 54
1050 158 62 50
216 730 78 44
1228 422 62 48
128 582 72 46
568 72 74 106
1050 692 52 48
1428 20 54 54
1074 506 52 62
1658 568 64 50
736 662 52 52
238 856 60 46
1068 918 46 64
242 1008 64 48
608 890 52 58
110 390 64 40
1182 606 56 54
832 130 46 56
776 708 56 42
820 182 64 58
590 598 48 52
802 646 44 54
870 642 38 64
1118 372 40 62
36 452 76 38
1206 478 66 36
128 924 72 70
42 898 62 48
52 796 74 38
1778 770 86 72
1116 86 60 44
46 708 74 54
204 908 74 44
586 396 58 50
1650 664 100 60
1684 60 64 62
502 350 54 56
1046 126 58 36
432 430 62 40
594 986 68 38
10 162 88 56
800 170 26 42
68 72 62 60
472 374 50 54
626 6 60 52
1172 172 42 58
0 352 82 40
174 974 62 48
