1474 202 100 64
1006 310 78 76
990 424 86 70
1454 454 106 52
912 210 90 76
916 88 82 88
932 676 86 70
1070 238 120 70
870 302 68 88
1318 638 72 86
1070 174 106 60
1226 622 80 80
754 312 94 76
814 228 90 94
1464 510 86 66
1408 162 128 62
614 246 94 90
398 732 104 66
1606 692 76 54
998 858 94 74
1318 350 96 82
824 400 110 68
938 546 56 112
986 162 88 94
1430 358 106 76
860 506 80 78
1056 524 68 84
802 522 78 92
1418 882 90 76
990 926 74 70
472 614 118 68
1072 920 90 62
1266 814 96 74
1224 380 114 54
1098 768 98 78
1148 472 64 104
602 360 66 96
1068 388 102 88
886 780 92 98
234 922 92 74
1544 380 108 72
456 876 104 72
648 404 108 62
1372 480 84 102
1314 264 106 76
500 106 84 94
16 112 108 72
336 634 82 100
1368 692 86 74
996 724 94 64
742 802 88 90
268 274 118 68
1346 808 80 96
1648 566 98 60
96 494 116 64
616 700 96 80
10 184 78 118
478 758 116 78
400 616 86 88
1538 86 104 68
1518 736 76 72
742 426 94 60
1082 82 98 60
1016 620 58 92
1276 214 90 88
730 74 108 82
312 802 100 80
1512 328 110 62
898 22 100 50
1252 106 78 86
276 340 106 72
1650 282 158 62
750 714 98 90
238 788 104 92
1068 662 100 72
1472 572 90 88
454 342 130 72
76 190 124 82
258 62 116 84
1606 746 74 56
1456 702 78 80
1412 824 78 54
1538 668 98 50
966 608 84 68
678 554 98 76
1078 726 74 62
1748 716 74 80
992 494 78 60
1506 16 90 100
1104 492 62 92
906 940 104 96
476 14 96 70
658 130 106 58
1162 574 50 108
400 336 76 80
1668 618 120 54
456 172 88 90
652 770 106 86
1588 24 104 72
502 700 96 62
668 490 90 56
1414 120 102 52
1642 370 94 84
972 538 92 54
1482 788 70 58
478 546 102 82
1312 60 98 64
1548 812 72 90
750 490 84 66
1164 18 60 102
630 604 90 56
266 136 90 94
362 222 90 96
82 752 112 90
1238 444 90 60
658 186 102 66
306 442 112 74
192 306 98 96
110 112 116 82
1648 448 74 90
1230 188 52 102
468 470 124 66
1718 40 96 98
1614 122 112 80
656 50 96 80
1596 796 92 56
176 428 106 78
606 546 70 96
1752 340 88 66
256 626 104 106
276 120 98 38
590 142 80 72
404 120 98 92
600 60 70 100
1722 420 104 72
1574 458 84 98
472 250 96 100
1592 870 100 76
40 856 122 70
226 216 106 94
1174 318 50 92
624 828 74 100
1564 612 118 62
1240 878 72 102
602 502 72 64
60 588 120 76
1740 640 80 66
326 974 110 82
1670 830 114 88
1220 474 66 80
0 500 112 72
118 914 142 70
0 276 80 58
318 486 108 92
1742 806 72 84
662 862 90 86
42 690 98 60
1066 978 98 52
1710 492 92 68
1738 528 88 76
382 496 100 106
652 4 76 58
1724 190 120 72
1728 986 86 68
608 18 82 50
1210 758 50 96
1552 222 122 70
