898 298 92 56
960 168 96 58
392 688 108 58
850 622 78 58
802 418 76 62
1032 606 70 70
892 460 80 62
1126 504 88 56
930 580 66 84
870 510 70 72
1002 878 80 76
968 756 90 60
1122 336 76 70
1346 218 70 78
626 194 80 64
634 640 78 70
990 412 96 62
384 750 78 82
1094 554 58 78
798 920 82 64
1302 558 92 54
852 800 86 70
710 578 94 62
1330 690 92 68
474 738 74 88
232 644 98 66
1122 748 70 84
486 654 104 62
1466 782 88 56
1488 290 72 58
968 518 66 68
776 296 80 66
758 868 84 74
724 734 82 66
1352 480 92 60
740 494 68 68
1440 720 68 74
992 354 52 62
1590 384 100 52
712 394 78 46
1300 362 98 60
1570 318 80 54
1074 260 76 76
1388 330 96 52
10 272 114 60
236 864 102 76
1540 852 92 68
790 710 92 56
914 960 96 66
738 328 62 70
1412 568 104 54
1332 918 66 92
1550 572 90 60
274 710 88 70
1240 184 66 78
994 60 82 48
1506 632 76 58
680 110 116 70
1482 202 70 82
1694 252 86 70
1134 228 82 50
1262 604 70 62
386 8 106 68
1564 448 94 44
270 766 100 64
618 132 76 58
326 580 82 100
480 584 94 56
672 940 102 56
872 882 88 72
166 120 90 88
338 944 88 92
648 260 76 78
422 988 104 58
628 704 88 66
1028 124 70 80
130 910 106 64
30 766 96 82
1530 686 82 64
722 822 72 74
1158 572 54 66
1378 270 86 62
68 218 104 72
1176 38 52 88
318 840 80 74
366 518 86 66
1000 958 94 58
1110 190 88 54
1092 874 52 90
440 196 96 54
230 940 118 68
1232 362 74 74
394 288 88 68
1548 234 86 70
400 864 76 94
436 498 88 76
106 752 122 72
1306 296 74 42
1254 282 64 72
1296 24 84 70
328 220 80 74
1316 626 74 56
668 528 80 54
810 998 90 58
268 110 94 72
1510 370 76 54
1580 166 108 72
458 82 94 72
502 468 92 56
694 994 82 62
164 842 94 68
1102 834 88 54
1710 506 92 94
1698 70 94 72
622 356 76 64
206 206 94 94
1410 226 82 54
600 262 64 90
1714 176 78 76
336 60 80 56
1382 22 90 50
1596 64 94 84
1432 388 66 60
410 144 68 70
1422 452 74 56
1630 878 78 50
178 54 88 82
1616 242 100 60
672 784 76 56
1698 882 68 70
1692 610 98 74
1696 732 92 52
1704 314 76 88
614 834 96 44
1108 48 76 82
260 288 100 78
1636 480 128 54
1486 400 66 62
1724 14 64 54
290 188 78 66
416 932 124 70
1620 696 114 50
142 264 98 70
62 952 92 68
156 0 88 62
198 534 110 68
484 380 88 74
110 854 72 60
274 484 70 76
1594 638 60 64
58 678 96 72
526 150 54 58
1698 428 76 64
518 768 76 68
1244 990 96 62
604 374 50 78
622 494 70 66
1486 60 86 86
1226 498 66 56
228 418 70 52
614 770 62 70
54 418 88 48
70 478 108 106
16 60 96 36
204 338 74 60
230 4 82 96
26 0 98 60
444 368 60 60
534 262 56 68
1172 304 52 52
700 20 70 44
1640 640 72 48
40 114 90 78
758 20 60 48
324 492 60 76
0 150 48 100
610 656 46 74
234 376 68 44
200 284 74 56
