738 686 84 56
1076 428 90 48
906 744 70 84
1098 186 80 58
262 636 94 68
1112 558 82 60
948 634 66 62
1086 504 94 58
908 882 96 64
1596 76 98 54
1108 238 72 78
1596 218 74 64
406 356 106 50
804 500 84 52
932 406 80 48
1038 362 62 48
1312 122 64 70
268 292 112 54
1674 244 84 60
1020 258 76 54
864 258 76 64
268 858 108 62
972 98 70 78
1236 270 60 100
234 746 98 74
866 22 76 78
1592 164 90 50
844 172 66 74
180 520 82 50
1266 380 96 56
1366 178 78 72
1634 320 70 52
1302 308 62 72
954 170 58 70
534 686 66 92
784 198 70 90
734 418 66 72
812 382 96 56
396 248 80 74
654 100 78 90
1420 638 86 50
662 552 98 38
726 292 66 68
1418 94 98 70
682 16 78 76
926 286 58 78
832 620 60 64
82 754 76 84
1118 82 72 42
498 372 100 54
410 602 90 64
710 600 92 52
1664 374 128 44
450 284 80 72
1084 110 52 84
636 348 78 56
682 896 66 66
1486 22 70 70
128 732 100 80
1042 112 50 86
516 160 84 58
706 226 94 58
1364 562 80 60
1360 508 74 60
22 766 72 84
1116 892 72 64
488 596 82 52
1090 652 76 54
630 310 92 48
312 392 88 48
630 240 76 62
36 316 116 70
1242 94 78 60
60 954 106 72
1688 64 100 64
954 350 60 60
1498 718 80 54
90 870 104 86
298 558 84 50
878 444 86 52
364 458 66 70
1302 760 68 66
1676 708 80 62
1088 684 76 50
10 220 128 52
22 886 90 64
1736 508 68 42
4 258 88 72
452 954 100 80
216 576 102 56
720 978 52 76
1090 936 66 52
40 490 102 76
1238 692 102 42
242 464 92 44
616 18 66 104
1232 476 48 78
96 188 130 70
1726 180 76 68
62 598 102 78
642 944 52 76
46 120 84 64
1596 764 82 46
1726 648 78 56
52 690 100 56
26 60 94 40
1686 448 82 50
1730 556 82 52
1092 20 62 44
1758 300 60 60
612 348 42 80
476 460 62 60
162 0 90 60
96 476 120 50
24 590 74 58
640 802 102 90
0 172 70 56
