872 462 54 82
942 576 76 54
1088 388 80 62
1316 204 84 58
1074 722 76 56
830 386 72 62
1070 318 82 58
1656 130 76 90
652 256 68 60
1244 254 88 58
636 316 84 52
1470 156 76 74
714 540 78 60
970 434 96 46
1054 632 62 56
1250 132 84 52
1082 584 94 40
946 734 72 76
750 428 92 58
508 664 80 78
1392 740 64 64
980 126 62 88
818 618 78 66
638 90 82 88
1688 252 68 66
456 302 102 60
1304 730 94 48
1434 468 64 68
196 44 84 78
1518 826 102 64
826 778 70 86
734 606 72 60
214 246 98 58
1576 78 96 68
1290 492 78 42
1230 428 94 44
1672 334 76 66
1152 484 56 78
1602 662 80 44
1080 938 84 78
1336 862 70 54
1086 170 86 58
1280 334 74 58
502 248 76 68
444 802 118 52
1442 46 62 80
1276 594 92 52
60 856 94 82
234 628 86 88
70 226 98 72
30 508 132 50
1046 14 60 98
646 182 66 76
700 184 70 68
704 692 80 48
1322 444 78 48
976 336 78 64
1380 20 54 80
1118 80 58 76
852 976 94 52
1328 562 70 60
178 674 68 82
22 766 114 76
412 952 104 68
1164 224 46 62
230 462 86 78
1692 782 86 40
122 36 90 90
1026 964 54 74
56 310 90 60
1176 44 44 88
1236 922 78 60
638 698 74 60
1592 716 80 44
424 202 88 62
140 758 96 90
1330 26 52 70
1048 162 64 56
1120 626 52 72
118 880 94 88
1824 646 74 74
1568 916 74 56
1532 468 82 72
140 516 80 84
1618 830 76 66
446 588 106 50
32 118 102 70
342 216 84 80
612 350 72 108
70 952 88 68
134 968 130 70
116 118 126 64
1232 620 56 100
58 676 98 80
1628 578 68 48
1230 338 64 78
1622 782 78 50
1220 40 46 88
1632 484 74 46
1230 478 54 60
1714 718 80 54
656 492 66 76
1702 620 66 70
1642 522 80 52
1748 120 74 48
1196 600 70 50
136 646 88 52
14 56 122 44
642 832 84 58
30 592 96 86
0 246 46 80
1834 468 62 90
1002 16 48 48
1698 428 74 66
0 0 88 58
1274 24 62 34
336 560 94 60
1718 568 54 56
1180 332 46 84
