944 618 70 84
960 120 80 80
1074 704 84 56
1090 640 72 60
846 412 102 48
1000 808 62 74
1610 736 90 60
1668 790 108 54
796 238 88 58
974 450 66 76
734 876 88 82
1088 902 72 78
762 594 68 90
1316 428 66 92
1358 584 78 70
310 540 116 62
718 334 108 54
1030 350 64 66
852 458 70 80
970 394 74 58
1336 720 84 64
484 644 94 78
768 418 70 74
1128 756 62 80
1036 594 70 56
1642 570 90 66
1456 132 102 72
600 592 94 62
686 782 70 86
1326 908 66 94
150 356 96 68
252 362 118 54
1078 812 72 76
944 536 60 70
784 554 122 50
404 738 86 70
1242 724 78 60
998 530 82 50
692 380 76 74
126 688 122 54
764 172 78 70
1114 190 60 88
330 796 94 56
266 140 112 58
1228 628 60 78
1162 314 56 86
766 690 104 56
1124 20 66 68
1540 544 100 42
1512 488 88 54
1098 464 72 72
1686 168 110 70
932 862 58 82
282 594 80 90
690 106 102 70
1338 58 92 52
1284 784 88 64
1438 348 94 76
1604 178 90 56
1068 252 84 66
814 850 80 80
606 350 80 86
1378 784 66 84
622 444 120 44
1558 678 70 80
1320 302 94 58
712 580 64 84
406 522 100 68
142 576 98 52
230 288 102 66
656 144 64 70
1438 650 76 84
1520 320 62 94
1518 244 102 54
756 782 66 82
1228 438 96 40
744 510 80 60
466 150 90 72
1612 50 88 62
870 808 66 60
1372 676 98 60
1234 370 86 56
1274 170 112 52
1606 434 104 74
1400 294 68 74
1670 962 98 76
728 60 88 50
1432 258 78 68
854 162 70 78
1660 380 144 54
626 268 70 78
350 596 68 100
1066 404 76 56
1626 130 102 48
1172 594 52 80
1288 120 96 42
1006 272 68 82
1488 748 66 92
874 952 94 64
138 916 106 74
956 268 78 70
648 770 56 90
600 502 80 58
1446 468 76 80
1380 904 72 52
800 740 86 46
90 458 138 62
892 60 64 74
354 216 102 48
1036 466 68 74
1082 82 92 60
1244 958 86 66
1570 352 74 60
1550 166 66 76
684 500 70 48
898 256 62 72
1296 228 94 48
0 264 138 56
162 0 98 74
438 620 90 52
1712 508 88 96
1246 266 92 60
1236 54 52 78
1560 870 88 82
598 66 102 82
112 514 136 52
1230 474 54 74
452 788 80 64
1220 328 52 72
412 168 72 78
1446 898 80 74
1166 476 48 90
476 366 110 86
370 830 102 60
18 34 58 56
630 192 68 88
450 842 88 64
1400 462 86 42
490 1000 102 56
226 444 126 50
1660 890 130 68
110 744 108 60
424 32 94 48
404 902 80 64
332 296 88 58
1744 220 68 60
462 76 84 66
1414 744 86 66
808 788 80 48
108 94 118 80
320 250 116 60
12 304 114 88
1218 768 44 74
1536 588 96 50
424 86 54 74
1488 620 80 60
878 202 78 78
1634 638 124 62
1186 30 54 94
66 952 90 66
1724 704 72 62
334 896 86 60
1740 338 70 64
1716 464 88 50
524 722 80 62
1662 84 130 52
84 836 112 82
1466 26 70 36
156 198 88 114
1844 466 52 86
1830 592 70 84
1662 490 120 54
524 98 50 78
418 60 92 34
122 794 76 58
264 0 92 46
554 798 56 78
1742 298 60 54
418 450 76 58
492 884 70 64
32 130 100 64
1214 856 38 80
1808 880 72 62
