1678 354 82 64
1102 202 80 52
966 740 74 54
1092 600 74 56
912 474 64 72
1400 156 76 68
364 656 106 52
888 588 50 64
1252 178 86 50
1088 670 66 56
1594 296 86 50
896 818 66 50
958 674 72 48
992 212 84 50
864 38 54 84
854 276 52 74
990 136 76 46
866 442 76 60
1012 546 56 84
372 790 76 84
1336 440 76 52
1064 390 62 60
448 208 96 64
622 624 120 46
1504 638 70 46
1114 72 56 76
1614 468 72 54
198 902 72 52
1508 176 78 48
1232 338 52 78
1516 250 60 88
504 630 76 62
1102 802 54 68
884 316 60 68
1106 258 50 70
1364 820 66 70
1002 784 52 66
676 768 80 54
1700 200 84 58
966 588 50 66
34 558 82 64
1616 212 84 46
1230 448 74 78
1276 600 86 40
1470 226 66 48
1602 86 94 60
182 540 72 64
1030 930 56 70
242 536 104 56
1082 142 80 52
70 952 84 70
670 848 56 70
472 128 88 62
1044 314 84 54
1674 462 70 50
1270 128 68 54
278 196 78 80
1660 712 72 60
1654 650 68 52
628 372 66 82
684 498 70 46
188 366 88 42
756 546 80 72
1664 586 78 62
722 878 72 60
348 474 98 52
488 890 56 60
412 562 84 48
1110 896 64 58
608 30 72 76
718 284 62 68
1538 18 98 48
452 70 96 50
88 90 148 54
792 322 56 78
1420 550 84 44
624 660 76 96
1378 574 58 74
400 106 72 62
626 126 106 58
630 948 56 76
1522 412 118 52
470 592 84 54
1714 308 84 42
480 394 82 64
666 344 86 40
694 386 72 48
1336 904 60 66
1122 342 40 64
86 184 114 66
768 26 74 60
500 500 94 38
412 390 78 50
318 376 88 46
438 932 72 50
750 296 54 84
126 452 112 46
62 684 90 66
676 46 50 68
786 382 60 80
678 106 82 56
34 192 90 84
434 170 66 56
1728 656 68 54
1230 930 70 58
1640 824 80 50
466 462 76 36
1086 916 46 72
34 118 98 74
626 482 58 58
86 0 98 84
1688 164 70 56
1192 214 46 76
1622 916 70 86
0 306 80 48
102 766 84 58
480 16 76 50
1206 596 40 78
544 932 64 52
1682 126 76 44
1734 120 84 34
1740 418 72 46
1696 60 90 62
1164 418 56 56
1236 984 56 50
800 498 50 54
