1412 496 56 52
206 282 62 52
432 262 50 62
1374 170 64 40
1044 260 48 50
1556 596 66 36
1358 738 64 36
1446 856 74 34
1390 310 46 48
1670 212 132 50
1242 264 66 40
1628 176 104 50
1636 874 74 72
112 186 74 44
386 104 56 48
1052 494 58 32
1098 386 50 50
1308 570 62 34
1506 764 72 34
1310 664 44 58
1212 564 62 34
1668 466 88 54
172 770 58 40
1646 540 78 38
902 226 56 44
1380 578 46 50
352 346 44 50
698 682 50 40
1220 384 50 42
1082 798 36 34
30 278 58 56
1030 642 30 44
1648 352 100 42
892 950 58 46
358 288 46 48
1312 468 46 50
612 258 64 42
190 912 62 30
1214 698 58 36
962 624 36 42
1832 520 54 56
252 936 48 42
942 312 52 36
218 150 52 44
1058 610 44 36
1244 844 52 42
914 592 44 36
1122 120 38 34
144 336 68 42
904 342 58 38
676 178 34 36
890 630 44 30
116 804 50 46
948 452 32 46
1398 370 48 48
860 390 38 36
828 232 36 42
1436 396 62 40
372 174 44 50
748 208 32 52
1808 728 78 36
996 654 34 44
400 666 28 40
310 742 52 38
1134 4 36 34
772 670 46 30
696 772 38 36
928 654 30 50
1102 88 48 56
996 788 40 32
986 850 52 38
1248 748 32 46
872 350 36 38
1192 772 34 44
1048 538 30 50
1126 532 32 44
1106 280 54 46
1240 124 58 36
960 424 44 30
832 832 36 34
1054 844 42 54
958 704 46 32
400 924 20 44
1220 744 32 48
1804 834 54 60
1054 674 46 36
1194 230 32 44
1814 486 80 34
402 4 28 38
374 398 52 44
1208 160 48 28
0 676 22 40
1310 432 56 32
596 206 36 34
1650 424 102 36
1194 844 50 42
780 260 42 38
268 542 36 44
114 348 66 46
100 144 78 38
1364 0 54 46
926 778 42 36
52 576 56 42
236 558 34 42
164 594 40 38
1012 542 34 50
722 996 60 34
996 124 68 32
716 286 58 32
454 440 36 38
998 746 40 38
1506 724 50 46
1172 584 40 32
1058 150 56 40
344 116 44 54
800 670 20 48
826 980 60 36
1026 920 60 32
952 740 36 40
370 926 42 44
814 910 32 42
752 704 48 32
400 750 60 46
992 896 48 28
1718 304 70 46
1220 806 42 32
706 814 44 30
92 292 68 38
362 508 36 40
792 742 50 32
782 820 36 42
1024 396 38 40
222 416 46 28
700 224 58 44
286 132 64 36
810 796 54 26
916 848 38 40
122 880 56 38
26 164 76 54
60 886 72 36
1206 88 54 44
1210 2 34 32
1090 80 34 40
44 630 70 38
434 962 36 42
686 134 60 38
404 446 42 30
248 220 58 34
344 268 34 36
1044 652 36 46
52 368 64 46
802 250 34 38
1088 748 38 38
214 638 68 32
124 52 56 38
1086 10 40 58
722 170 44 32
778 156 40 36
302 2 38 32
752 280 44 30
1388 440 64 34
1214 198 66 40
800 136 54 60
372 250 40 28
1174 120 44 24
830 190 66 38
1164 732 34 40
254 174 50 46
348 760 50 52
320 212 36 34
400 422 30 42
796 872 54 34
744 754 42 38
904 820 48 30
1764 956 66 34
348 252 38 34
730 326 62 30
912 794 46 32
810 226 28 36
1320 454 38 34
334 0 88 46
360 230 44 30
864 220 34 36
940 6 32 40
