906 354 66 68
1512 408 68 56
380 176 78 78
922 426 90 52
272 658 98 42
912 482 78 66
1056 236 62 62
986 72 62 88
154 678 88 56
194 758 86 46
1042 352 82 66
1390 214 64 70
446 738 54 56
904 226 94 80
1486 666 72 58
246 44 82 92
844 238 74 66
406 558 92 48
598 612 86 56
1584 370 78 52
568 16 72 78
1634 444 74 52
1226 180 80 66
696 340 58 74
1620 718 104 56
108 306 56 66
1432 268 66 60
828 18 96 64
614 722 60 76
1544 716 82 38
600 862 64 76
1386 52 94 92
54 318 58 66
1610 812 120 54
758 456 50 58
1056 628 66 48
662 420 88 56
1618 282 76 76
40 712 86 60
1080 106 64 64
586 446 58 72
824 488 52 62
1032 6 68 66
1184 250 64 58
630 40 102 60
466 880 70 50
1470 196 66 64
656 558 56 44
78 490 92 76
1680 606 84 62
12 154 92 76
1498 940 76 60
462 258 74 80
1680 680 86 62
1690 174 80 54
126 376 90 46
1396 722 86 40
1036 76 56 72
188 0 76 36
600 972 76 44
330 422 74 38
506 368 52 72
1812 518 70 76
16 522 86 60
956 736 60 42
32 460 78 38
108 76 102 76
