964 336 72 96
1546 182 78 102
620 240 110 78
1460 744 84 104
1592 796 72 116
884 764 72 116
832 600 122 82
1630 736 98 98
924 560 98 90
1112 228 112 82
952 16 102 80
1026 240 70 112
1352 412 120 66
1494 826 96 94
1724 720 102 86
1602 530 80 116
1296 770 84 100
938 768 110 76
1224 486 96 84
248 770 72 126
694 780 78 104
1324 696 74 110
154 922 140 78
1380 328 104 82
974 156 66 114
1066 568 120 66
1264 96 62 124
1494 924 118 68
1240 262 114 76
662 178 96 94
1098 474 86 112
1404 882 124 78
898 708 142 76
874 478 70 124
764 722 86 100
1436 96 124 82
394 240 116 80
1076 748 108 90
4 482 88 104
1556 84 96 88
1100 318 76 108
1246 358 106 90
646 356 102 86
1518 706 106 74
758 636 86 102
1408 692 66 108
874 384 90 104
1228 620 102 90
1294 60 108 72
1000 592 92 78
758 844 94 106
1350 122 86 96
1042 140 142 74
1306 452 92 108
34 686 94 74
614 640 162 90
772 918 98 74
1038 820 126 72
1360 232 86 106
1302 178 76 108
164 238 98 108
978 468 96 116
352 470 120 82
940 638 100 88
266 664 96 98
1242 958 98 82
804 246 70 110
1472 280 134 80
1226 194 72 112
1448 378 122 72
398 312 110 86
700 870 70 110
724 578 92 102
1034 660 84 102
804 188 108 86
820 92 134 68
884 876 112 96
1514 24 130 82
944 86 116 80
174 648 102 102
1566 412 116 82
462 662 130 72
1056 628 118 64
1498 512 116 74
62 344 166 64
1352 522 118 82
1424 166 84 98
666 710 112 82
1044 76 100 78
1230 60 54 80
1432 614 80 96
1644 472 82 108
1610 910 86 98
1014 394 120 86
1132 16 86 102
1068 884 104 84
66 592 132 74
298 214 114 66
816 386 74 118
766 502 112 80
18 410 106 66
1490 594 112 72
1650 16 128 72
280 272 102 92
608 488 92 100
464 716 114 84
638 954 144 74
668 60 80 80
1236 886 108 84
402 170 98 74
398 726 92 96
784 18 102 68
286 934 110 92
854 26 106 84
590 778 100 86
8 298 114 86
294 594 110 88
868 134 96 90
1058 434 96 74
630 104 102 94
1188 318 108 82
1042 942 124 72
1396 468 116 64
312 332 108 76
1698 256 92 94
1442 550 114 80
242 68 80 106
244 158 136 66
1372 604 82 80
1358 978 98 72
1720 192 120 68
6 108 108 82
1720 838 104 92
874 948 110 56
1646 202 104 84
1682 626 116 96
1210 554 68 106
388 114 136 78
334 538 116 82
194 574 118 86
58 210 106 90
388 636 98 96
1664 432 124 66
448 60 108 78
594 14 74 96
1636 74 120 76
0 188 78 92
1568 646 110 82
510 208 62 82
1598 310 100 100
1764 60 102 42
630 436 92 104
1796 272 66 118
188 100 82 124
134 164 120 98
432 382 92 100
688 16 98 48
1066 26 90 84
446 620 100 68
38 966 102 72
1706 562 108 90
