958 622 106 72
1098 558 96 76
1044 676 130 52
924 718 68 98
1020 462 80 92
976 250 108 52
974 348 84 80
1630 726 106 60
724 758 96 82
788 196 110 72
1058 730 114 60
988 192 94 60
1588 578 92 80
894 470 104 70
836 82 98 72
1518 576 76 102
1506 178 110 62
722 60 84 96
1112 288 66 96
1624 784 112 66
1320 532 116 56
1132 862 68 90
720 144 94 74
852 522 112 62
808 368 76 108
1246 546 68 84
1074 134 98 54
1500 256 102 76
1066 186 100 68
660 588 92 100
1632 100 100 70
1092 400 66 120
666 780 82 94
806 916 98 88
880 858 96 100
868 392 78 102
770 582 84 64
1474 520 106 80
698 296 64 112
1500 342 104 64
786 490 84 72
1386 916 88 68
164 206 134 66
1540 848 112 60
1222 884 92 72
1132 228 84 76
1302 556 64 98
716 872 98 78
1274 794 86 76
1502 688 98 80
1582 248 104 68
250 590 146 66
1276 328 84 56
934 60 100 54
222 110 112 78
676 960 96 82
1552 904 112 64
1466 106 90 96
736 510 90 80
1636 536 98 74
1354 302 92 96
1016 372 66 88
1086 18 62 86
1306 930 70 114
256 258 130 60
308 638 114 80
528 896 76 84
760 682 98 54
354 174 106 76
1650 380 90 76
1718 794 94 70
1520 390 134 62
1276 654 118 66
1232 720 80 74
1258 108 60 86
630 332 80 96
466 706 126 56
1352 60 102 72
776 636 110 70
1578 472 102 92
1240 194 76 100
1234 436 104 54
496 744 114 64
1432 804 100 56
108 712 146 66
1632 200 100 70
472 638 122 70
1016 912 96 70
432 384 112 70
296 808 134 74
614 842 64 86
442 172 78 96
318 120 100 84
420 936 86 94
18 112 106 78
1282 388 70 72
400 746 76 100
1220 766 66 82
64 22 106 82
400 102 126 76
136 96 108 84
496 184 106 80
1424 458 148 64
1684 130 114 86
1218 480 64 84
1134 60 78 70
1162 300 50 104
1398 748 70 80
234 668 104 102
148 420 108 68
1760 214 86 92
602 110 136 80
640 432 92 56
1214 600 60 70
1648 474 152 64
320 920 126 66
454 254 108 76
274 312 94 80
1270 22 76 64
140 480 114 68
100 650 158 60
1666 254 88 66
1674 598 122 78
92 876 118 88
1162 770 52 98
1224 62 84 58
1026 60 70 66
400 484 98 82
8 312 168 68
628 488 82 70
1300 716 76 82
1690 20 132 86
132 942 124 62
52 960 110 70
216 442 102 86
42 408 82 68
22 772 108 84
600 252 62 102
68 500 148 64
472 66 72 90
1732 716 88 68
434 14 126 52
1300 154 96 98
400 556 124 78
38 560 152 68
1146 506 64 70
198 554 112 72
1358 706 78 86
74 222 116 82
400 254 86 102
1070 982 88 62
206 376 130 64
160 60 150 62
400 36 62 84
400 390 68 56
1550 964 94 72
630 718 118 82
636 934 60 64
40 690 98 56
524 50 58 106
1716 880 86 80
400 918 36 68
488 558 128 68
1742 988 60 72
1414 986 98 44
1462 724 66 90
