234 104 70 54
1632 300 68 36
98 208 82 52
1350 124 84 44
24 242 74 58
112 462 80 32
646 542 58 42
1628 72 62 68
176 610 60 46
1632 792 80 56
1806 802 88 40
198 750 58 40
1712 416 56 36
1720 164 78 92
1198 680 64 34
676 668 54 40
154 304 60 38
742 568 46 56
38 312 70 36
1118 636 36 40
1212 278 52 48
1042 194 70 34
1520 916 54 50
1808 478 74 34
910 450 34 40
1044 944 60 38
68 820 66 40
882 658 42 36
1040 566 38 38
1394 250 46 44
664 286 62 34
764 494 34 38
940 340 48 36
260 782 48 44
1012 612 32 48
928 280 56 36
824 484 50 40
112 530 58 34
808 354 34 42
826 656 38 42
1194 236 30 46
746 190 50 60
610 488 48 28
744 396 32 52
1024 858 38 62
102 398 68 34
1086 238 46 54
1730 348 48 60
42 448 68 46
1184 558 44 48
1256 412 32 46
152 870 48 42
1184 406 48 48
146 924 70 74
1688 568 62 44
1060 400 60 40
120 354 60 34
672 338 34 48
56 642 54 46
432 636 36 40
1094 790 32 48
768 686 42 32
1094 528 32 48
694 410 50 46
222 308 62 40
934 680 54 38
768 334 38 38
1484 466 56 38
608 782 56 52
638 374 42 34
1178 512 34 40
772 652 42 34
816 430 32 46
810 236 48 32
1730 60 74 68
590 846 78 44
812 744 36 46
1092 482 40 34
210 340 64 38
1188 318 48 46
1180 772 48 38
1126 318 38 32
1062 446 46 32
86 120 74 58
1192 124 36 34
804 654 30 36
480 652 48 34
1194 450 50 32
498 688 48 44
818 328 42 34
32 360 72 48
1186 178 34 44
588 720 28 50
462 560 58 30
442 676 38 42
848 720 36 36
1094 4 40 62
1084 730 56 46
1076 128 54 44
816 300 44 32
840 692 44 32
22 156 78 62
814 280 46 34
474 598 38 36
106 70 62 48
56 348 82 32
