1074 396 42 34
1172 402 36 38
852 248 38 40
978 332 48 32
922 314 48 30
1278 774 46 30
1562 626 34 40
914 278 42 38
1038 596 38 38
916 130 38 34
1328 666 46 34
1330 252 40 34
1114 114 44 32
912 678 48 32
982 100 38 44
302 386 42 34
1054 498 44 32
1386 234 34 42
442 286 46 36
816 352 52 30
1374 808 34 38
770 310 34 42
852 160 42 32
234 476 38 36
270 494 40 42
1400 510 36 38
310 412 46 30
1238 294 34 44
704 380 34 40
882 688 42 32
166 378 36 38
1104 666 38 38
926 224 50 30
1390 300 46 30
1030 434 36 42
1388 538 40 32
786 272 46 38
934 800 40 34
1096 800 48 28
1034 832 42 32
918 476 52 28
1174 690 46 32
1464 194 40 36
1028 774 42 40
1696 286 52 58
1092 636 40 42
1216 686 42 30
1692 376 56 42
860 798 40 34
1010 822 38 38
964 762 40 38
1022 924 34 42
202 410 40 32
350 396 44 36
802 676 46 32
1384 840 40 36
1076 926 36 42
1306 476 42 38
276 916 34 42
996 774 44 34
786 228 48 34
1220 174 40 36
806 216 46 30
1300 70 38 34
866 314 46 32
316 624 34 42
1206 742 42 32
1074 232 40 32
892 760 42 36
330 982 40 32
832 116 36 40
414 932 36 36
1226 222 52 30
758 128 44 32
488 340 42 36
1036 60 32 48
1032 176 42 32
74 524 66 34
784 246 44 30
776 286 40 40
1012 538 46 32
886 276 44 32
504 922 38 30
1646 636 34 30
114 590 52 34
1654 662 52 30
1192 130 40 32
1136 248 34 42
878 116 40 34
890 910 48 30
354 64 46 36
1240 494 44 36
872 168 50 36
358 358 46 30
860 762 42 32
84 870 60 40
518 860 46 32
756 184 42 40
1038 960 40 34
922 492 50 30
888 186 38 44
1166 720 32 36
420 348 40 34
270 770 48 26
284 974 40 32
1428 996 34 40
1800 422 56 38
482 994 42 26
1774 664 38 28
1242 18 34 42
400 30 36 42
1546 68 50 50
310 924 46 36
1044 1022 42 28
246 592 54 30
878 290 42 30
1084 266 40 34
1260 124 40 38
1496 38 38 40
1826 280 74 32
1056 208 46 32
74 388 48 28
930 522 48 30
1092 422 46 30
826 768 38 34
450 338 38 40
520 334 42 34
720 198 38 38
836 340 40 32
370 830 36 34
398 110 42 38
1104 204 48 32
846 60 50 20
1090 438 46 36
1618 972 48 30
1108 160 44 32
1486 948 56 32
1080 4 32 40
242 610 32 36
800 60 34 20
1280 486 34 38
400 60 42 20
770 168 38 38
822 232 40 34
1054 512 32 34
434 308 44 34
1800 856 52 40
594 372 46 26
266 526 38 34
738 500 56 26
714 150 46 32
814 1002 46 34
856 774 34 42
374 108 40 34
1106 6 34 40
1166 556 32 36
392 298 46 32
1076 704 38 44
888 136 36 32
1086 458 50 32
1172 464 36 38
746 198 40 44
