794 680 40 36
972 240 42 34
1060 194 44 34
1668 250 88 44
814 590 36 38
1120 348 42 36
1076 240 40 36
1180 248 38 36
168 754 40 36
1090 400 34 44
606 644 42 32
1116 394 38 42
1704 162 56 64
648 586 36 38
698 652 38 40
1050 408 34 46
1066 274 46 30
696 602 40 36
1108 260 44 34
816 400 54 28
1098 540 44 30
924 460 46 32
164 124 72 56
1218 170 36 38
676 238 34 36
604 356 30 44
708 816 36 38
948 462 46 32
606 264 30 44
846 404 42 30
1204 208 42 34
1080 36 38 34
934 562 38 40
1000 716 40 34
1268 250 44 30
598 454 40 36
1080 222 32 36
592 538 38 36
152 732 36 34
900 536 44 34
854 698 40 30
1280 84 30 44
116 680 52 26
1174 416 34 36
604 670 36 38
1544 796 38 36
140 788 46 32
1178 648 30 38
386 894 46 28
922 530 42 34
1172 392 40 32
1192 446 46 28
1594 554 40 36
1194 22 34 44
1676 578 46 28
1200 118 36 42
1178 108 32 46
88 354 42 34
1108 206 44 38
150 960 52 36
1178 676 44 30
604 696 34 38
1688 280 68 38
1182 226 36 34
1258 162 30 42
62 310 64 32
1596 682 36 38
1666 620 42 32
1614 320 42 50
692 626 40 34
78 796 54 26
320 824 40 36
608 822 36 42
1120 72 40 40
1802 880 88 50
1666 534 52 28
1074 734 44 30
72 682 48 26
1804 368 76 32
1086 696 40 38
1350 162 30 40
1810 678 76 42
620 474 52 30
46 652 42 32
1688 378 56 40
72 374 44 28
1178 442 34 30
1106 62 50 18
1112 770 34 42
1580 870 46 32
1588 828 44 28
1686 334 46 42
90 156 36 36
92 204 38 38
1676 132 82 40
1112 128 46 30
1098 176 46 30
1118 578 36 36
1664 724 40 30
1184 696 50 30
1650 360 42 34
4 240 64 52
