1584 464 94 62
1274 380 118 62
1076 476 94 52
1108 326 98 64
1104 198 98 72
968 280 80 102
1112 568 80 80
832 616 92 66
934 554 72 64
992 470 76 82
928 628 70 90
810 414 102 66
1242 150 92 62
950 406 78 64
744 666 90 68
1072 940 92 76
638 338 102 60
456 634 78 104
1494 346 130 60
900 332 96 80
892 110 82 86
1414 144 98 78
800 506 112 62
1042 778 100 66
650 596 86 88
1032 394 80 74
714 350 90 90
272 354 110 74
1038 170 108 64
412 774 110 62
702 548 94 74
1604 774 88 80
1244 682 64 76
1462 488 116 70
1244 226 98 96
1684 244 78 64
1090 828 110 68
408 104 68 120
596 122 94 76
52 314 122 76
1704 12 92 62
1244 60 90 76
1626 574 104 78
1562 206 82 106
486 736 110 64
1068 98 94 68
788 200 102 82
1344 88 90 92
108 742 144 58
482 918 104 82
1456 716 92 62
296 652 86 102
666 824 70 118
28 112 100 76
1716 350 94 68
1258 520 84 74
472 104 86 94
422 352 104 86
620 392 92 72
810 148 100 74
1416 22 108 74
22 498 118 60
934 848 94 90
238 54 92 98
732 60 118 66
232 628 84 102
648 178 90 106
404 478 102 66
158 420 102 100
308 568 100 76
1720 120 110 60
1726 640 92 82
1700 404 82 72
358 290 120 86
610 642 60 110
1644 880 86 60
332 446 84 110
1750 246 72 64
24 564 110 58
50 950 108 78
142 530 92 86
258 874 100 88
20 216 114 66
1436 908 124 60
1238 452 70 72
1450 210 92 90
168 46 84 74
536 832 70 76
1660 308 130 54
14 0 118 56
452 16 120 60
1604 918 84 74
1216 330 64 68
48 684 100 66
432 836 102 78
1220 590 82 60
624 966 104 68
152 350 100 72
1092 60 116 42
58 60 122 44
1270 28 102 34
54 838 128 72
274 4 104 84
1450 818 88 66
612 568 54 72
1304 936 88 54
100 96 128 66
1204 38 52 84
604 228 56 106
46 414 88 56
0 232 42 80
1162 414 76 62
