1510 632 80 66
904 306 84 80
1058 204 66 86
1586 790 84 62
1372 580 86 64
732 748 74 88
1264 248 94 84
1122 520 96 70
1422 136 72 84
1244 390 90 72
1524 842 80 78
970 644 112 64
974 100 90 44
1098 738 76 90
922 26 86 78
908 676 70 108
1232 480 78 64
704 292 80 98
1444 492 122 58
818 418 66 74
636 330 94 96
1040 568 72 86
758 664 114 62
1228 714 84 58
1312 314 82 80
714 566 76 86
1000 740 106 68
954 470 84 56
864 480 96 62
1590 120 80 88
284 138 80 100
776 586 78 80
628 700 96 74
1294 432 76 64
802 318 90 82
1604 580 88 72
1336 742 80 60
818 984 76 76
774 114 90 96
1330 808 86 62
1300 638 96 70
692 496 124 58
1320 220 104 46
1078 868 76 92
418 604 102 76
954 522 74 78
956 356 124 64
630 806 114 62
176 698 90 90
1012 506 114 60
1256 120 54 104
1666 314 90 66
484 120 100 66
1080 22 92 56
1360 444 94 60
1452 216 120 68
1058 158 108 58
820 50 76 84
1524 550 92 54
1392 492 78 92
828 864 74 88
496 496 94 78
1602 20 98 68
946 964 88 58
444 336 106 78
778 824 78 88
954 820 96 58
1238 908 74 84
610 62 80 104
868 430 92 54
1348 876 100 88
614 748 66 102
362 286 92 78
1594 964 90 60
1522 412 102 74
1418 706 94 58
630 160 114 78
1344 276 90 48
1618 892 98 66
738 944 82 80
1494 122 92 90
1518 260 72 70
1082 362 62 92
1234 634 80 74
322 554 92 86
1406 772 114 42
446 226 116 80
284 650 102 96
678 62 86 86
1466 882 88 90
476 902 124 64
1706 252 116 68
1510 332 76 56
1378 978 96 80
0 252 52 66
296 794 88 74
1382 316 76 84
604 170 60 102
242 552 98 102
486 816 116 74
676 626 82 84
1132 328 62 98
32 800 126 78
1068 970 96 70
370 776 102 80
304 60 136 70
68 956 94 74
1760 336 74 56
1616 336 70 90
1172 750 48 92
1648 162 84 100
1230 994 80 64
344 206 92 80
292 296 94 110
944 868 66 72
1100 68 94 54
744 430 82 62
1740 626 74 60
626 512 96 70
528 288 68 98
1654 664 96 60
1692 488 100 64
1080 120 80 44
160 976 134 82
356 842 112 58
32 122 98 66
96 138 142 76
1668 86 86 76
1654 468 82 46
1730 136 94 78
316 440 124 64
440 952 92 64
1396 22 80 80
118 878 116 86
1638 400 80 56
668 878 76 56
272 8 88 90
1690 24 94 70
624 576 80 56
6 560 94 68
100 212 112 84
56 686 96 68
636 916 48 92
682 120 76 30
80 596 130 82
22 878 94 92
1166 382 56 60
1576 300 70 84
400 904 76 102
