608 132 66 122
874 204 106 102
136 878 112 92
1058 690 94 98
416 750 90 94
1466 848 106 88
1668 614 100 94
334 634 116 86
1050 502 80 104
1566 170 134 74
726 562 82 108
814 602 92 96
260 868 116 84
642 224 122 76
896 714 98 92
616 758 88 98
700 678 92 96
1370 18 104 68
680 902 94 106
278 576 114 82
644 536 74 114
300 744 84 104
1340 120 102 64
1576 356 128 76
510 674 66 128
1714 108 122 92
1572 552 70 112
1044 406 102 106
1470 522 100 86
1544 656 120 86
946 468 100 78
1220 656 122 62
946 868 100 88
1250 40 92 96
98 280 116 80
8 270 92 98
948 408 104 70
980 242 66 118
676 150 104 88
1640 866 114 92
892 806 124 78
904 542 114 78
904 610 138 76
1304 264 112 48
260 422 92 102
1098 594 88 96
826 372 82 122
966 682 90 102
54 770 118 90
1668 258 142 80
1142 826 74 146
600 480 84 106
800 764 104 86
1084 346 90 88
822 520 86 108
1242 300 90 96
50 862 106 102
1084 842 62 128
1022 292 100 88
1110 288 76 92
588 684 110 86
372 818 96 90
1580 772 72 122
1030 904 94 106
894 398 72 108
1388 166 86 100
1674 48 108 90
476 320 94 90
1742 812 84 94
1214 868 82 92
830 862 104 84
1230 728 70 110
1014 572 84 102
1236 474 76 100
1456 120 82 62
688 818 78 102
814 16 98 102
722 750 98 88
806 102 84 100
14 118 92 66
750 16 82 100
1238 380 120 90
1694 708 100 86
1662 326 146 70
1264 140 96 88
604 72 128 90
1208 596 84 84
1462 246 114 84
1666 778 90 100
356 150 116 84
1112 208 88 96
1440 614 90 100
214 708 120 82
1528 222 136 76
1694 490 118 106
1398 962 110 98
332 96 142 72
940 34 104 102
1124 60 98 66
732 498 122 72
1396 750 114 80
382 226 112 84
188 0 98 80
1074 120 120 48
1448 180 120 72
1544 60 136 48
664 352 116 78
1066 158 116 80
1306 310 124 64
326 60 108 50
176 934 118 78
866 480 84 106
62 478 142 94
1730 196 114 88
1000 20 104 60
1178 286 58 112
592 338 108 90
508 478 82 80
1692 400 138 100
350 296 146 66
608 948 98 104
372 510 106 84
576 264 90 82
230 644 114 74
1322 772 110 94
452 974 114 86
400 364 68 58
1120 544 164 66
1374 620 106 86
1538 916 86 112
148 330 142 78
1320 436 96 98
466 520 86 98
1334 360 100 88
428 60 92 52
632 22 122 66
1230 14 42 108
142 174 114 92
0 562 80 90
1236 922 120 70
1236 704 114 66
800 418 64 76
28 684 106 74
126 562 134 70
890 926 98 82
224 188 96 92
146 444 130 86
498 60 72 78
172 120 74 62
1226 214 50 130
804 920 68 128
438 388 94 80
1480 426 162 94
66 212 138 76
