972 562 56 78
1042 564 60 66
796 528 72 74
866 292 74 50
224 292 100 54
1138 340 60 74
1544 498 80 70
766 246 78 52
860 190 60 76
966 798 72 72
120 244 82 78
1422 566 96 60
848 624 72 80
932 22 70 84
952 324 92 58
850 950 92 48
1042 858 90 56
1108 506 54 78
1076 666 72 84
1324 642 88 50
510 876 80 76
926 144 64 80
456 896 68 72
502 380 76 70
674 354 72 56
1044 88 78 72
628 16 68 84
998 142 72 72
972 944 74 74
400 142 94 66
918 616 64 64
758 696 80 54
1248 292 82 58
1636 588 68 58
648 500 66 76
1128 862 60 60
1522 84 94 70
444 978 80 70
1240 90 82 72
166 772 72 48
1470 364 90 72
748 772 70 52
1136 748 54 82
442 204 102 58
1358 190 72 80
1254 420 86 52
168 842 84 78
264 436 92 40
674 288 82 58
812 20 74 58
1220 332 54 80
1056 742 60 64
680 184 70 86
18 768 102 60
708 932 72 60
16 324 108 58
1632 326 66 64
1602 960 78 62
342 52 118 70
1232 470 78 56
216 592 116 48
1074 970 74 56
1318 366 78 56
1248 174 72 82
126 724 116 48
1372 966 70 54
220 68 96 74
732 830 80 56
1636 708 94 56
10 196 92 58
1638 62 60 80
524 318 74 52
76 864 90 84
1692 124 82 78
686 788 66 76
128 970 118 54
1174 512 42 76
1748 164 70 62
656 992 60 60
1336 30 82 38
1656 400 88 48
1684 468 84 42
306 840 62 78
1446 24 60 70
702 448 92 44
358 0 100 64
34 118 96 68
1056 438 116 64
1660 506 84 46
98 460 108 92
8 598 96 80
62 682 90 70
1634 874 76 46
1644 926 82 50
1486 18 80 72
346 838 68 92
66 950 90 70
634 426 64 54
518 628 82 46
1758 60 72 62
278 0 102 58
508 580 76 62
1254 916 74 46
1220 822 48 66
1728 652 66 68
130 374 110 44
