1384 402 68 38
1534 642 60 48
364 208 74 36
890 546 64 36
1614 634 66 36
792 84 54 52
1444 542 74 38
1038 462 68 38
1568 470 74 32
1676 144 52 62
848 436 40 58
724 910 56 48
1684 278 92 74
788 238 56 46
124 968 78 46
1044 618 46 58
340 40 64 56
834 202 50 54
716 464 60 36
1664 570 92 36
44 794 64 40
672 870 48 52
432 74 60 54
1364 178 48 52
678 174 68 56
132 752 70 42
1694 370 78 62
710 536 54 38
790 138 58 38
912 482 58 34
626 418 48 48
332 584 58 42
88 372 74 54
480 662 54 44
1278 64 60 38
1702 470 60 52
1342 142 54 44
470 508 50 44
616 796 62 38
998 816 48 46
1318 102 66 38
1088 386 52 50
906 596 38 40
842 668 34 46
592 684 48 40
694 708 44 52
900 930 62 38
1480 498 60 38
1076 238 56 40
858 664 38 44
216 654 48 42
796 690 38 40
666 638 42 52
450 46 84 46
424 586 62 38
656 180 50 54
718 276 38 52
942 616 34 44
876 662 44 34
720 360 52 42
1188 460 54 44
912 742 40 50
640 524 54 34
268 912 54 44
1712 176 78 52
1120 254 38 62
260 474 46 54
112 792 52 54
1182 398 34 44
732 634 34 44
1202 220 54 54
154 618 64 38
1190 496 46 48
1038 956 64 44
1036 740 62 32
794 734 44 34
414 630 42 46
1780 706 96 44
1138 366 30 48
400 422 62 48
86 884 72 40
350 474 40 38
180 682 56 38
1206 402 48 48
1194 236 30 54
314 902 50 56
1710 414 62 44
446 0 66 48
164 718 74 38
1298 2 54 18
728 338 40 30
1206 126 48 40
800 300 20 44
1170 782 62 42
302 518 48 48
1156 656 50 50
466 626 58 32
762 296 52 46
34 448 98 54
360 490 36 42
1190 180 38 30
400 536 22 46
368 10 48 60
10 160 112 64
46 678 68 38
410 562 34 40
1472 920 54 38
350 508 36 40
1030 1000 50 38
356 558 42 32
