1528 700 64 38
260 694 52 54
948 584 54 44
320 256 72 40
434 700 68 34
412 238 52 62
1622 740 68 40
828 176 52 58
408 384 70 42
1266 714 52 64
986 288 48 52
176 666 64 38
834 350 54 40
1640 660 72 36
842 402 52 50
1038 558 50 46
1610 538 54 50
382 360 76 34
948 346 62 42
198 792 60 46
686 612 58 36
966 52 48 68
1030 460 44 60
384 834 60 36
1696 356 92 84
176 722 62 44
766 318 66 36
916 898 56 42
814 446 38 56
1066 830 48 56
1382 424 64 38
1430 340 56 42
1102 260 52 50
1410 306 50 48
1000 766 42 52
400 774 54 36
700 756 52 38
948 518 42 50
922 474 60 36
1286 518 54 44
1010 240 50 38
1380 982 66 36
472 864 44 56
1278 124 68 46
1026 868 54 40
294 192 56 46
990 946 44 52
286 124 56 48
728 310 58 44
1344 518 58 46
1042 740 58 32
834 638 66 36
400 534 70 40
130 816 52 54
888 742 52 44
152 350 58 40
1212 202 48 44
1206 142 54 42
744 276 52 48
400 108 74 84
614 614 52 52
348 192 54 40
1136 100 36 38
1052 204 64 40
390 570 48 44
842 688 30 46
126 380 78 38
1082 334 68 36
1164 908 64 38
920 444 60 32
1112 376 48 48
1200 490 32 46
1052 140 40 38
1030 972 54 46
1104 430 42 32
874 666 44 54
1202 368 42 34
290 628 60 44
1190 296 38 38
30 636 72 34
802 732 22 48
734 790 48 52
1322 398 44 58
1186 252 32 40
376 926 40 54
1644 464 106 36
1644 566 108 48
1224 404 36 46
854 758 30 42
816 718 34 44
178 1006 52 54
276 852 60 48
730 638 54 38
1208 448 38 36
1256 404 34 44
126 780 62 32
1000 180 54 42
1016 154 44 32
1172 566 42 46
1184 982 54 38
1192 122 42 26
824 150 46 30
342 962 60 40
1148 654 34 44
1224 322 58 44
312 944 32 46
736 680 48 28
1250 94 68 40
776 796 36 34
622 948 68 46
780 754 38 40
1098 700 40 36
1012 62 54 24
1246 972 58 38
1310 476 44 32
1040 18 54 52
1214 426 32 38
1206 108 40 30
1358 360 56 50
1116 190 38 36
326 598 40 52
956 140 38 40
1288 332 36 36
1350 392 36 36
34 458 80 56
94 134 76 48
