1342 280 68 70
798 414 50 72
368 520 68 56
410 396 54 58
918 504 56 56
1216 290 96 44
1350 102 58 94
968 280 52 78
828 250 54 84
1638 400 60 62
1532 372 62 72
1048 326 62 76
1406 386 58 66
1256 186 56 52
888 690 90 34
656 892 66 58
1006 214 56 76
932 394 52 76
1680 294 76 66
198 200 84 78
462 418 64 68
1408 630 78 50
1564 670 64 60
562 0 66 98
274 406 106 36
1410 126 82 78
994 554 72 38
888 476 42 70
1002 460 44 66
898 580 46 64
824 528 68 36
22 356 66 64
1192 584 80 46
386 700 68 74
952 22 46 90
1572 150 58 64
1042 10 50 72
1384 522 50 82
1686 182 86 74
1094 910 44 74
724 694 56 48
464 366 68 54
666 410 50 70
1406 736 54 58
956 794 46 66
312 68 86 100
790 894 42 80
1174 662 64 58
580 280 86 86
642 658 48 58
1286 56 50 94
1056 134 70 48
1610 628 56 52
1616 306 68 48
254 596 68 38
674 86 46 78
582 384 106 48
1552 222 58 68
104 770 70 56
234 638 64 46
1092 98 48 64
70 374 96 56
1618 256 70 48
1042 182 74 42
918 866 62 38
796 588 48 60
1516 494 98 64
1030 742 78 38
1182 106 56 66
582 700 54 80
1622 180 58 72
1238 76 52 58
1266 792 66 38
462 552 82 46
308 650 52 60
940 974 62 50
290 356 68 48
676 28 60 66
792 686 52 66
1346 808 54 50
1600 738 56 48
600 750 78 44
900 912 66 40
484 110 64 70
1056 672 56 66
932 582 44 66
1046 776 66 44
360 776 60 60
1218 32 70 46
1452 60 58 56
38 792 76 46
590 564 88 38
110 694 90 34
832 874 48 66
96 580 74 46
60 98 126 70
954 540 40 58
1180 412 64 46
114 952 94 50
768 556 68 36
1594 534 64 54
1492 598 76 40
1194 162 76 48
412 816 58 42
60 250 108 88
1566 344 62 56
1166 784 62 48
1252 616 70 72
1320 674 78 36
156 594 68 38
1486 722 58 36
592 888 62 76
1424 0 54 56
1028 872 58 44
1656 660 74 50
1452 218 100 86
1708 482 64 64
472 806 52 56
1180 378 50 52
656 952 58 64
1046 432 54 72
1092 658 50 70
608 950 54 54
1450 862 52 50
1086 230 56 72
1182 482 62 50
194 476 70 30
584 792 66 48
1806 806 92 52
800 492 70 38
1276 120 48 24
12 154 88 74
40 458 74 36
684 636 86 48
1744 254 56 72
158 60 88 36
66 514 82 52
482 964 66 50
574 98 42 88
1704 552 68 60
1046 940 54 56
1082 522 56 64
1058 502 60 54
44 708 80 52
742 580 52 58
890 326 66 62
104 656 88 32
1116 286 50 50
1198 222 60 52
24 554 64 36
586 590 38 66
0 232 78 74
696 484 74 40
1314 714 72 38
478 922 66 58
1024 992 68 40
1204 462 62 38
1660 766 82 42
410 900 80 38
1780 700 78 60
1658 710 68 40
1058 206 60 54
974 598 62 42
1316 982 52 36
710 928 56 52
450 858 64 58
512 792 48 60
78 914 96 60
1622 802 106 48
1638 528 112 38
1078 792 52 54
