1004 464 88 68
1096 210 116 60
1588 226 82 94
886 450 88 52
1040 534 70 74
1300 538 70 78
856 520 60 88
1128 594 84 52
1006 332 80 78
882 322 74 56
1572 120 120 56
940 590 82 44
1260 136 72 68
860 646 76 84
1478 142 78 92
862 220 68 88
1260 400 90 64
1636 350 112 66
1328 280 114 66
1076 388 104 60
1230 48 58 96
990 184 56 106
1432 578 60 74
1554 546 74 78
938 642 98 58
800 364 74 72
1236 366 86 62
1262 836 78 72
718 666 76 68
1478 402 106 70
1010 20 76 72
446 120 98 50
1684 596 92 76
1388 154 88 62
4 204 96 58
730 832 82 68
902 172 54 92
1046 292 84 62
684 598 82 64
1648 504 80 88
616 98 68 102
368 802 92 56
1296 60 76 96
674 954 84 68
724 362 66 44
418 714 82 78
314 10 80 100
808 878 78 62
1562 60 68 52
864 800 78 48
696 796 66 52
1336 868 60 76
1720 58 64 86
304 898 114 62
498 218 92 84
1166 326 50 84
396 10 84 70
1492 626 68 90
68 950 98 68
1674 822 90 54
504 930 88 86
1658 14 56 100
118 104 122 62
1074 692 88 44
1092 104 48 70
648 488 74 98
324 758 82 64
1062 934 84 62
1450 836 70 84
650 676 62 82
474 844 94 54
604 238 72 110
130 294 152 58
26 312 106 68
1038 710 52 60
1226 630 88 62
1152 46 46 82
216 934 106 78
368 710 82 42
608 570 50 70
404 338 88 68
1690 710 96 70
80 24 110 90
160 790 124 68
22 888 90 76
354 612 82 40
0 18 74 68
22 764 98 54
64 684 90 64
48 122 82 64
1242 916 58 86
400 654 72 58
1158 506 62 48
1820 788 62 70
