796 148 70 124
1050 740 126 72
1098 534 108 80
950 298 90 116
968 750 84 112
1074 356 82 86
1394 548 102 70
276 900 90 102
880 162 94 104
1230 856 124 64
1122 298 100 86
666 766 120 60
1226 666 104 66
642 90 84 106
1364 488 128 60
1318 190 114 78
1000 514 112 68
1026 300 100 80
1294 812 122 72
760 320 96 80
884 18 78 78
986 382 70 100
1360 272 104 82
1022 432 102 86
1468 60 98 76
732 550 84 82
886 88 82 94
628 574 80 70
1094 892 86 92
622 252 118 70
1574 566 108 68
318 188 100 90
892 582 96 92
640 176 90 90
1298 488 88 62
1268 438 108 60
1236 126 114 78
208 184 88 92
174 268 122 78
1440 590 114 88
1506 256 80 98
830 498 140 70
982 150 86 98
420 874 128 68
1410 18 84 78
638 344 112 66
970 888 88 94
472 120 86 92
776 596 82 98
1048 806 76 92
446 812 122 74
1476 178 88 92
1224 210 118 78
1460 120 104 74
954 550 92 88
690 594 72 110
18 114 110 72
410 192 74 110
1600 800 96 90
1676 500 80 90
1218 728 92 114
1010 18 94 52
646 720 92 74
1644 240 114 92
316 260 92 96
1252 362 78 106
646 400 102 78
892 822 94 98
1576 418 104 80
1380 854 82 104
1114 784 82 108
404 466 94 90
1384 380 82 110
1462 344 84 104
428 358 136 74
404 296 110 80
616 504 96 68
0 0 70 60
1216 606 74 74
1612 478 78 92
142 614 128 86
1612 16 130 68
600 120 48 92
1554 702 112 82
28 226 132 78
362 706 106 68
228 500 102 78
1048 646 82 96
400 752 140 82
730 806 100 82
1472 896 108 72
1744 10 120 76
1460 740 98 98
1068 626 120 62
1508 820 114 92
128 810 70 102
246 334 140 74
1386 138 98 90
1432 822 100 78
734 462 120 72
640 636 72 110
782 392 116 84
176 470 94 94
1520 628 106 80
1086 52 84 82
1234 908 112 82
462 674 90 88
1414 952 84 98
124 918 132 82
660 830 88 100
494 214 78 100
168 834 86 90
400 642 94 74
292 728 100 94
216 782 134 72
26 306 162 76
46 690 92 60
680 294 104 74
1688 590 96 92
1738 226 80 100
1156 408 78 72
454 518 110 70
1582 186 70 106
0 240 82 74
144 716 132 80
1212 542 84 64
1242 62 92 70
88 494 96 90
400 578 96 70
682 498 98 70
1708 158 88 78
1666 862 86 100
1150 20 64 48
54 958 90 70
390 52 84 100
466 946 106 102
644 10 74 58
1148 826 58 122
1012 114 108 80
1734 698 94 92
488 588 88 96
68 854 80 78
1608 956 82 94
1666 320 136 88
594 18 64 54
1672 116 114 72
0 304 56 74
590 60 50 64
1726 462 98 60
96 60 100 40
