796 598 66 84
860 774 82 62
880 586 66 70
998 408 64 80
972 322 70 86
190 908 110 68
1382 592 76 86
1252 704 74 62
1114 748 84 68
784 708 82 60
1104 218 64 96
728 208 86 52
828 294 92 54
1240 606 62 82
970 706 64 78
866 478 100 54
666 634 96 48
380 956 94 78
1634 552 114 58
1432 470 66 70
640 580 90 66
626 228 88 60
1682 638 92 58
1376 738 78 62
1228 428 114 40
1310 554 74 68
436 622 82 92
1474 308 72 94
1458 242 110 58
1562 872 88 62
820 222 76 76
714 328 58 78
198 586 94 64
270 352 112 64
1010 182 68 98
1498 706 88 48
876 84 94 68
1510 478 98 48
1538 642 92 58
618 362 76 58
1318 22 80 76
762 332 82 54
1518 418 84 54
1660 344 114 48
1052 500 90 52
956 176 64 102
620 728 102 50
1604 96 86 64
1606 238 100 64
612 654 80 72
1376 414 66 66
1120 286 84 46
1478 624 64 86
1032 858 74 72
1110 884 64 68
248 780 100 84
1116 604 82 54
1036 558 72 54
1056 324 78 58
1230 470 60 74
1236 364 80 48
722 836 72 54
1548 18 86 78
910 882 74 76
264 514 92 82
1362 176 102 78
470 488 98 62
250 678 86 72
976 524 92 46
1636 490 82 52
742 788 96 52
604 264 64 92
184 970 90 76
722 892 62 48
948 562 66 64
1262 298 88 60
948 26 84 62
1332 326 56 78
1124 338 56 82
1324 796 68 72
626 808 114 62
920 812 82 82
1492 538 94 56
1138 40 62 86
1084 108 86 52
740 44 98 80
674 102 86 98
1084 706 82 52
1584 964 82 64
152 196 120 86
1506 130 96 78
22 202 110 80
662 292 68 64
356 268 74 100
958 960 64 82
466 234 86 60
1252 156 76 48
1596 802 88 60
476 952 90 88
446 850 84 90
1224 60 74 68
818 860 90 56
718 444 86 42
68 956 90 66
524 320 66 72
1396 834 56 74
814 152 98 64
1390 18 76 98
1718 18 90 82
1608 688 76 74
1236 184 52 84
498 774 98 56
1648 290 148 50
1526 344 90 60
320 120 76 48
1056 934 76 58
428 274 90 68
196 666 74 84
1026 646 66 52
1342 894 78 62
1638 764 70 58
490 374 78 58
488 66 82 48
504 602 94 54
1518 958 72 86
290 580 102 64
1250 114 84 46
632 18 90 74
522 702 76 60
602 454 88 98
1050 64 74 62
354 818 78 98
264 218 98 90
44 26 116 82
352 430 70 78
1284 988 76 68
382 48 70 80
402 212 94 50
518 128 70 66
1042 618 76 58
30 126 106 68
1698 696 84 48
1702 426 100 60
184 104 84 104
1236 928 90 46
418 442 86 40
1202 590 48 96
502 18 74 46
644 920 70 104
604 168 48 80
1704 490 82 62
622 874 66 82
114 322 110 76
84 480 126 66
1086 670 66 48
494 818 86 52
60 498 86 70
412 126 90 62
1730 146 80 66
1674 64 72 66
536 212 48 64
1818 456 82 72
614 60 62 70
802 910 64 54
480 178 66 50
1660 184 108 70
428 536 98 52
404 382 98 48
48 582 94 100
48 856 104 86
1630 870 138 54
58 682 98 64
1220 326 56 48
1210 860 44 80
474 574 90 42
1814 912 68 66
1236 250 54 52
1166 138 50 74
1716 750 56 62
