628 302 106 74
428 202 80 120
1090 554 82 92
1254 302 100 84
476 348 110 76
902 796 78 108
1014 332 110 82
1230 534 124 72
484 794 78 112
1410 546 140 70
950 206 110 84
230 534 78 112
1330 14 96 102
1230 388 122 62
886 596 90 94
22 852 86 106
1366 596 128 72
1038 628 94 70
636 636 160 64
1076 226 110 62
826 368 80 104
788 698 88 100
1166 214 52 114
716 484 104 58
862 160 66 118
182 96 114 92
1534 482 98 84
420 858 78 116
868 60 100 94
1250 142 94 70
208 238 116 88
800 836 60 86
972 658 88 108
1298 200 102 80
714 730 90 82
700 288 104 94
748 190 90 96
1352 442 136 64
1446 712 106 66
616 576 106 86
770 582 114 72
348 836 126 80
464 712 130 64
1240 194 70 102
1470 630 90 90
1582 348 108 72
1084 826 84 86
730 416 112 64
1244 66 76 82
100 840 96 88
746 56 100 90
1596 502 108 94
992 412 72 88
400 738 76 106
1564 570 106 88
1024 20 84 66
288 876 84 96
1544 720 74 104
1390 102 80 80
972 144 94 72
1052 398 94 92
1112 740 78 104
502 900 110 78
1050 692 102 66
918 928 108 90
170 666 80 114
400 358 106 76
1282 886 110 82
606 120 74 54
422 636 98 82
1454 474 96 86
1398 712 80 108
884 410 108 96
1568 254 80 98
166 902 104 92
1480 144 122 82
786 906 82 102
1310 756 108 74
1028 752 100 76
802 484 96 84
972 796 76 108
946 282 110 84
816 18 112 60
986 538 82 70
1680 662 144 70
1054 964 100 64
832 758 82 108
478 186 82 94
262 452 134 84
10 112 122 76
136 528 110 76
1348 248 104 88
312 522 82 108
304 214 98 96
1330 372 80 90
840 524 108 84
1308 830 126 66
1274 434 66 92
400 276 102 88
944 538 76 100
300 626 80 110
722 12 102 58
916 18 96 84
354 434 108 60
490 120 92 56
1036 170 104 70
154 468 114 78
600 358 84 80
1154 838 52 112
1214 470 58 112
1158 558 54 110
50 960 100 68
1632 224 102 90
1640 784 96 86
626 852 70 100
1026 474 70 96
240 636 74 110
1162 136 64 70
28 18 120 92
278 320 114 82
1234 586 74 108
1706 270 98 80
1470 370 112 78
362 562 128 88
240 730 132 82
630 60 120 78
1238 24 80 54
400 66 50 90
630 694 80 90
620 406 100 66
64 750 142 96
482 608 84 82
994 64 74 112
1734 794 88 88
596 218 80 98
1072 120 74 66
132 598 104 92
0 2 38 92
450 442 132 64
1718 724 96 78
1220 830 82 102
1574 156 100 100
1738 340 84 74
42 690 100 66
1716 432 102 56
874 272 102 88
442 500 80 98
1676 70 90 62
638 746 90 108
210 60 116 56
1454 60 92 90
602 486 110 74
1744 2 86 54
284 20 104 66
42 416 82 56
492 20 94 66
0 528 40 98
1384 330 70 102
412 60 90 36
1650 320 100 96
686 868 94 84
646 186 100 94
596 12 78 56
652 162 136 64
110 0 100 40
270 98 120 84
1438 302 90 92
716 540 76 100
1634 856 78 114
1600 410 134 74
0 224 136 88
196 0 90 58
1530 20 96 92
1700 496 112 120
1382 920 62 114
1060 904 82 78
1450 782 88 80
12 494 112 66
500 60 84 40
506 150 78 84
680 936 100 72
