954 882 80 84
1300 320 64 66
1466 230 88 70
1102 208 112 62
918 592 64 58
980 442 70 92
1358 572 80 50
710 282 68 80
816 388 80 72
918 160 88 54
1136 800 78 86
998 610 60 72
672 958 74 62
180 66 84 98
872 454 90 64
674 60 88 74
1082 720 84 54
864 522 78 68
1248 640 76 62
1598 760 74 64
1296 490 72 80
1130 476 72 72
808 916 72 74
1648 814 86 68
1642 580 64 74
618 130 108 80
1450 842 94 48
1070 268 64 98
1036 106 78 52
1478 104 96 86
394 106 82 100
786 624 94 56
490 76 94 74
1226 590 54 98
1640 180 82 82
1078 950 80 58
796 510 66 60
1094 996 66 52
408 730 76 84
1710 684 68 68
10 320 92 72
768 936 52 74
1212 318 76 66
1594 952 76 50
1096 444 62 58
0 228 68 82
1692 772 66 44
1096 60 76 92
1214 858 76 68
1240 982 92 52
1668 16 110 62
1218 486 42 94
1158 940 46 70
54 686 100 56
1734 60 98 52
42 122 94 70
1178 590 46 92
528 936 78 104
