990 180 48 30
964 298 32 40
844 180 42 38
928 386 40 38
1104 680 40 36
1050 694 42 34
206 726 42 34
1124 340 36 38
1024 390 38 40
924 496 44 30
1340 436 46 30
748 292 48 32
734 398 34 40
894 632 36 36
884 232 48 30
1182 238 42 32
1276 450 38 38
1046 358 38 42
784 436 42 38
1474 522 48 26
940 98 38 40
876 68 44 34
1154 666 42 32
1136 98 30 44
790 86 36 36
166 534 34 38
1222 416 50 32
598 424 32 36
910 800 48 30
484 262 42 34
100 392 40 32
1280 114 48 30
1438 586 38 36
1048 748 38 36
442 160 36 38
1498 596 48 30
82 284 36 40
908 708 44 34
1794 868 72 52
304 910 40 34
1578 806 38 36
178 280 36 40
354 738 44 32
916 220 48 34
1398 324 38 42
156 774 36 36
942 784 46 30
1320 150 40 36
734 344 44 30
942 138 42 36
924 196 38 36
1224 140 48 32
1444 314 38 32
114 298 34 38
1534 190 52 34
1038 928 38 36
1216 446 40 36
1200 92 38 42
1226 766 40 34
1438 346 38 38
336 216 40 38
92 786 46 28
920 846 42 32
1206 160 40 34
864 98 42 40
384 600 42 34
1670 518 52 54
1060 788 42 38
212 416 42 30
884 106 42 38
1400 874 38 34
1546 686 48 30
354 924 38 40
328 844 52 28
1140 64 34 38
902 980 50 26
1086 132 50 30
490 378 44 32
370 212 42 30
1194 122 44 30
1454 896 42 34
390 708 40 34
968 128 46 34
92 666 40 34
40 384 44 28
100 216 50 52
1190 176 36 38
380 652 48 32
1200 480 42 32
100 480 36 30
344 892 40 38
314 238 48 30
1670 486 42 32
394 164 44 30
248 0 52 24
1658 708 44 32
1192 140 44 32
386 622 44 28
1802 514 38 36
1104 172 40 36
400 890 22 48
202 710 34 32
1038 960 30 44
1098 492 44 34
36 262 38 38
950 122 38 34
1104 196 36 40
1106 426 46 30
408 770 42 32
1672 838 36 36
1418 936 36 36
1092 442 40 34
1188 200 34 36
122 872 62 32
1232 124 46 22
1190 758 42 32
1706 268 52 58
