1680 150 88 50
890 222 40 34
898 134 36 38
966 720 44 32
458 262 36 36
1058 228 38 38
914 374 38 30
952 306 40 36
964 124 32 36
862 166 44 34
488 172 42 36
1036 242 44 32
936 810 36 40
1056 538 32 36
496 190 40 36
1012 230 46 28
932 70 42 38
530 160 38 36
1012 282 40 40
522 62 54 18
1018 262 44 36
42 580 44 28
174 214 38 36
158 520 32 36
1066 36 44 32
948 984 34 34
1012 120 56 28
1196 2 34 38
1700 56 82 60
1096 178 36 36
1064 618 60 48
156 194 40 36
444 0 60 40
982 732 40 38
598 122 42 28
1104 148 52 28
1044 106 46 36
40 346 40 30
966 28 32 40
1060 60 60 20
