1326 258 122 60
828 740 118 72
676 594 88 96
750 504 106 86
1344 794 78 98
750 584 118 60
1406 804 116 68
1274 592 84 82
1224 678 106 58
1116 592 72 106
816 268 66 104
1088 204 80 106
842 870 62 124
1362 370 118 62
870 272 80 96
1592 694 78 104
1618 500 112 72
772 642 78 82
12 564 108 70
980 584 136 72
984 278 86 92
60 764 96 98
460 796 74 110
364 610 112 88
610 192 112 78
1042 460 120 74
632 766 86 94
940 408 102 74
456 214 112 82
912 660 94 102
1360 902 114 72
1074 650 66 106
848 610 92 102
1416 650 110 60
478 90 108 90
1218 322 78 88
1062 378 82 88
818 388 74 98
1014 768 102 88
1328 652 84 104
1418 156 130 78
1228 852 70 106
454 674 78 102
1046 284 68 114
918 332 78 82
402 308 130 78
1214 736 66 90
994 20 94 46
1078 838 68 104
894 454 72 104
654 520 100 78
1006 196 104 96
1108 756 92 84
1426 550 84 100
588 100 116 74
1730 42 80 86
674 856 96 84
1282 366 92 100
744 334 96 64
1342 310 98 84
1388 714 132 58
260 0 78 102
1212 598 70 74
682 290 94 74
1066 958 84 64
1602 14 94 94
1528 358 80 102
1008 968 80 90
396 148 122 74
634 684 104 90
748 10 82 100
684 348 94 96
1484 580 86 102
344 454 72 104
1018 694 92 82
1594 988 112 70
44 956 102 70
18 110 110 78
1528 236 112 76
1252 172 88 102
730 244 92 100
216 194 134 76
634 22 90 90
1230 990 86 70
400 828 68 90
844 490 70 116
706 732 82 116
1610 126 110 68
512 260 78 120
466 12 106 82
1242 470 108 78
216 256 116 82
1310 156 86 94
1440 216 94 86
1726 596 90 86
1470 748 74 94
1082 60 82 104
1474 60 106 68
400 242 74 94
124 318 84 90
258 866 124 72
514 732 82 116
1654 46 92 92
974 372 96 74
1022 120 56 50
1006 60 80 106
504 494 92 74
1296 44 104 90
1758 106 76 70
1162 216 56 84
10 182 84 122
124 224 112 86
478 516 68 106
616 836 84 96
342 192 78 102
1138 850 64 92
298 0 122 66
1670 622 80 86
604 626 88 90
40 684 96 62
1736 546 80 56
252 134 150 76
608 466 68 102
218 332 142 74
1142 60 82 52
1232 932 90 56
1662 328 114 74
448 404 128 86
1604 252 82 118
400 358 46 88
258 440 100 62
68 458 144 82
872 376 72 102
860 20 92 40
1716 686 58 104
1672 958 86 72
1666 870 100 104
1470 436 72 76
1434 926 94 78
1392 60 116 74
1394 422 96 58
1766 498 64 60
1374 26 124 56
40 500 104 68
342 86 96 92
586 158 76 62
1606 424 86 66
1724 272 104 80
0 756 62 64
1550 938 118 56
1736 404 94 88
1648 694 80 96
1574 884 102 88
