806 800 108 88
876 42 68 114
170 794 100 100
130 582 106 98
1532 160 106 86
1398 660 82 110
1480 694 82 100
600 246 72 126
980 870 104 96
282 808 92 106
322 150 86 116
1470 596 86 106
862 270 86 104
1008 322 106 82
1092 442 74 100
1026 566 84 100
1540 536 98 100
938 182 78 112
1350 824 64 112
1108 762 90 112
1056 380 108 92
1286 508 64 124
810 644 94 94
1006 188 106 64
978 20 102 90
920 768 124 76
1112 554 98 108
1362 530 72 112
1346 414 70 118
1506 796 92 94
282 474 92 102
410 82 98 102
1500 120 110 72
618 18 132 82
274 920 90 108
1340 20 98 76
830 946 108 96
930 616 104 88
1116 220 74 108
804 512 100 94
684 256 94 88
1434 232 100 84
870 448 80 108
824 378 70 110
380 914 130 84
200 252 96 98
618 120 106 58
262 628 124 82
1548 304 84 104
808 188 88 90
922 318 110 80
986 484 118 82
728 68 80 104
870 686 114 92
1050 726 130 80
1050 84 118 90
1412 322 126 66
1482 958 112 86
1238 654 110 76
1216 468 102 106
1036 654 104 86
990 670 68 120
676 500 88 102
1412 492 94 86
1664 278 156 76
682 658 74 114
1306 210 102 86
958 122 108 84
774 572 82 104
736 18 126 64
410 806 90 98
86 476 96 112
634 196 108 92
198 178 128 84
1420 22 110 56
1638 862 98 90
148 460 102 90
888 562 112 88
326 842 102 88
746 146 72 108
680 334 82 100
128 0 136 70
322 64 104 92
1254 334 76 104
1604 648 104 84
1644 422 104 98
796 86 84 98
262 340 128 76
648 788 70 116
1004 246 112 80
1220 832 64 124
666 586 122 86
460 218 104 76
190 906 106 88
1272 290 114 86
630 608 86 94
1304 132 116 72
372 282 94 94
1408 928 74 110
864 120 84 42
478 44 76 104
40 962 104 74
1246 186 78 102
400 742 130 78
1274 868 100 86
1240 716 108 70
744 388 68 118
1076 868 104 94
80 766 130 80
1572 440 90 90
1630 950 132 94
1624 354 114 76
1226 762 108 88
86 68 128 78
14 222 120 82
166 724 134 72
1558 378 108 74
114 214 102 90
1640 586 154 76
736 962 92 98
194 44 108 92
1724 120 116 62
400 668 126 68
1636 18 124 78
434 458 84 110
598 352 94 90
186 652 112 88
588 524 96 92
1712 336 104 94
400 12 118 54
1706 682 108 94
1114 18 84 96
1232 60 74 82
600 126 72 110
608 696 76 84
278 254 112 94
8 120 114 66
1408 380 66 106
1774 60 96 44
1466 378 80 94
418 614 116 82
442 294 98 90
1716 522 114 88
1282 70 76 104
1770 396 94 92
500 890 94 94
1180 16 54 92
1616 758 148 94
1710 490 136 62
1146 840 64 108
578 16 56 104
406 374 146 76
390 520 76 108
0 474 88 90
70 296 106 86
528 732 62 110
498 830 94 70
