1710 286 90 80
826 746 82 78
646 100 112 94
606 174 118 86
1322 650 82 86
1506 764 90 88
650 520 138 68
918 490 136 66
1246 140 84 92
834 808 84 100
1586 116 90 104
400 536 100 100
1066 630 68 118
228 748 104 88
1510 248 100 92
1404 396 112 88
1024 512 80 110
1492 352 114 74
922 546 82 108
1476 432 102 74
1444 742 64 128
882 940 82 100
952 316 68 120
968 400 86 100
784 174 70 110
112 502 94 90
1224 618 106 80
1078 284 114 64
1248 396 84 98
1298 528 118 78
922 654 98 102
1412 608 78 112
398 630 86 96
762 674 86 92
844 306 124 90
1304 150 92 112
1230 714 110 70
1062 888 94 92
1230 338 84 74
1414 250 106 76
1104 592 110 72
610 278 122 76
1550 738 120 66
18 110 108 78
1320 328 98 70
684 346 84 98
1344 738 94 86
340 712 86 96
1074 342 114 68
1036 436 128 80
1710 166 134 68
8 484 100 96
1624 856 98 84
614 16 124 80
876 138 94 102
1084 196 72 76
96 628 140 78
174 830 126 80
1680 500 98 72
34 406 94 66
636 882 76 82
914 20 118 58
808 120 106 58
1454 74 94 92
1324 384 80 96
750 402 122 84
248 956 132 78
1370 820 124 74
714 250 72 114
108 690 142 60
436 942 118 70
1028 244 102 84
618 352 96 112
972 838 78 94
14 766 86 104
1014 772 86 100
638 460 114 64
1456 548 90 88
668 818 106 70
1364 880 134 72
388 216 120 80
1710 726 110 86
864 440 118 82
470 120 116 88
94 746 126 78
1404 504 78 104
1356 274 100 66
1618 542 126 82
98 884 130 78
18 868 100 98
1100 752 84 100
50 954 102 72
856 498 80 116
1226 60 70 64
390 100 102 86
156 260 130 82
916 788 108 84
1054 116 100 82
1472 186 130 78
814 352 90 104
168 110 112 74
1294 768 84 100
1472 916 100 86
494 312 86 110
896 66 130 84
814 18 120 66
814 588 92 90
120 940 150 70
1590 916 104 80
1154 14 70 106
662 760 110 70
1096 60 74 96
1222 906 112 90
800 876 62 90
1220 478 70 110
1274 480 98 94
746 476 104 74
1682 46 112 94
276 890 126 72
954 142 86 94
1626 20 112 62
458 240 80 108
282 818 114 88
266 60 120 86
1140 246 128 58
650 632 106 64
608 544 98 96
1540 650 94 92
404 428 120 60
1316 24 102 40
400 356 74 70
1518 564 102 96
1222 284 48 92
434 830 104 98
960 936 118 76
808 486 72 102
836 60 82 32
704 868 82 76
1740 616 84 102
116 198 122 72
692 670 80 96
1606 646 74 98
366 286 104 82
1352 948 84 110
522 782 76 88
900 120 96 36
1226 748 56 140
458 60 112 86
1628 358 92 74
1574 958 82 102
240 438 92 98
1012 158 90 94
314 602 96 108
302 240 102 82
616 732 94 76
336 446 86 98
1650 732 90 102
236 520 92 104
1286 974 82 76
1722 100 102 76
464 660 92 84
460 708 86 112
350 26 154 76
1708 436 110 70
1778 14 86 94
22 684 122 70
1696 884 94 102
30 218 82 106
1750 816 70 100
272 132 90 102
1166 136 58 70
94 60 132 78
24 582 140 78
506 864 74 86
1680 644 70 106
524 194 62 116
