824 802 60 70
1256 98 96 62
200 342 100 58
252 492 72 72
142 272 104 58
1094 238 70 86
864 860 64 72
952 860 58 66
768 288 56 84
754 806 60 80
390 204 68 80
658 360 60 64
994 390 62 56
916 574 60 74
366 312 66 74
148 852 88 46
982 636 64 54
906 288 66 42
948 320 70 56
1216 254 84 58
612 280 64 68
712 22 70 70
840 446 82 36
232 74 86 70
852 548 80 52
376 672 62 70
470 948 88 54
292 250 98 52
100 666 88 62
204 964 68 60
1092 648 48 86
930 502 52 68
1258 704 62 54
1548 454 106 48
594 724 82 56
462 148 82 60
400 882 80 42
1492 628 94 54
1028 744 82 54
714 722 84 46
1176 510 70 80
338 814 78 76
282 692 58 80
1212 604 86 54
1492 134 102 54
606 202 58 72
1626 544 98 56
570 74 68 60
792 670 82 44
1440 92 74 78
642 432 76 54
154 906 74 58
1044 484 68 46
1042 948 58 62
320 498 84 50
572 308 62 92
216 906 72 50
1322 858 56 62
1036 142 60 48
868 494 72 48
200 582 84 44
406 92 86 68
1050 410 70 52
1412 664 62 76
734 460 72 50
1194 472 80 50
1172 312 58 72
836 394 70 36
184 668 102 48
1104 92 52 70
1040 786 82 44
1170 660 50 68
12 150 96 74
430 636 66 50
310 146 78 42
1032 684 62 48
882 2 64 48
70 64 78 80
1200 798 78 36
614 0 74 54
722 62 52 26
0 526 72 58
1498 816 62 58
508 876 52 72
836 322 64 72
938 0 48 76
1166 910 76 52
1664 254 100 64
582 882 72 54
18 898 86 56
564 534 64 46
28 448 88 52
38 638 90 56
1172 724 78 52
44 720 82 48
734 522 72 50
1174 88 42 76
1674 658 80 48
568 0 58 78
576 590 52 72
1170 380 50 70
1802 538 72 56
1790 926 102 44
450 0 70 54
1614 708 88 46
984 924 64 60
566 414 56 54
1580 864 92 36
12 792 106 52
1676 950 78 50
