838 626 76 118
1084 426 68 122
828 234 92 98
934 556 116 82
308 184 98 92
652 36 114 100
1390 142 98 88
1716 790 104 100
1500 156 110 82
356 614 104 92
1116 312 110 78
1560 202 94 102
660 626 96 88
954 402 122 86
616 356 118 84
688 718 88 96
264 688 122 82
288 466 120 88
1644 720 86 100
1246 120 118 60
1266 546 122 80
1048 240 106 82
938 320 68 116
294 100 112 94
1080 810 92 98
1624 126 112 86
1666 218 86 104
1116 572 72 116
654 260 114 82
330 852 94 110
686 188 100 82
1548 874 110 88
602 134 86 100
1226 452 82 116
164 522 94 102
776 214 66 106
784 914 116 70
734 808 100 90
916 630 96 88
1268 428 118 80
1254 176 110 110
1034 734 80 106
912 834 106 84
1348 822 104 84
8 230 116 102
1236 650 130 72
422 60 104 56
1494 584 126 74
1128 60 86 68
1542 706 96 94
974 466 108 86
1532 952 94 94
426 846 104 90
1560 500 106 88
1394 566 128 78
236 32 80 122
156 644 138 74
972 276 96 102
416 102 128 82
1658 574 100 94
1222 326 110 84
86 586 100 116
910 768 122 84
866 702 72 108
1478 792 120 76
1224 742 72 128
800 744 66 86
1452 448 100 90
40 482 108 122
1722 636 110 78
1064 74 92 96
312 60 118 60
1718 518 94 92
1212 874 80 98
44 962 98 74
614 560 154 74
182 274 104 84
1726 128 114 82
800 16 54 84
780 374 104 86
592 644 90 92
846 440 126 78
1066 636 102 88
784 100 94 94
482 674 104 82
774 520 118 84
1422 260 114 94
1308 24 116 68
1356 714 116 90
1286 754 98 92
1384 414 100 112
968 120 100 94
924 60 138 82
1418 634 134 76
1670 322 96 100
1270 848 80 100
978 710 82 104
484 568 78 104
864 84 80 106
1404 938 92 96
664 498 118 84
1352 608 84 98
1158 226 72 104
662 868 118 84
1222 38 94 88
492 286 86 82
474 396 76 110
1056 156 88 92
332 558 116 90
142 46 90 104
1664 14 96 100
298 312 110 88
400 730 52 98
1492 294 128 80
832 24 116 78
914 142 110 84
840 498 86 98
1086 888 106 88
1640 450 114 86
898 912 74 106
1492 16 78 98
1244 944 118 94
516 828 76 114
438 722 72 118
152 126 102 72
1714 60 128 68
252 814 126 82
800 816 44 84
428 226 78 108
486 122 82 112
170 438 96 92
8 108 106 76
364 256 96 94
662 426 106 76
1114 748 74 108
254 888 76 108
1118 180 74 122
390 338 104 90
752 402 92 96
502 758 80 86
500 206 72 90
400 850 38 88
2 14 110 78
1724 434 96 88
920 20 86 70
1010 656 82 82
28 772 82 78
636 804 104 92
1424 692 92 84
676 942 118 80
238 530 114 74
594 402 66 116
80 0 138 72
238 0 108 54
586 248 76 114
1488 716 76 92
594 716 76 78
18 0 98 38
