412 250 54 54
1596 180 62 46
132 672 58 52
1282 312 68 40
1396 516 50 58
116 154 86 42
1526 288 58 42
1516 406 54 48
938 658 46 34
1524 718 54 40
840 466 48 52
326 556 56 44
1062 664 44 38
1682 594 70 52
1664 76 60 76
268 192 52 40
114 402 58 40
58 564 64 36
232 844 62 42
290 732 54 42
112 504 94 40
1332 688 56 38
1170 834 34 40
882 588 42 36
1024 652 38 40
994 214 52 40
1016 940 36 40
1108 592 46 34
26 324 52 44
954 704 42 36
1196 116 48 50
1232 72 58 44
130 814 74 34
908 842 50 46
258 784 64 36
1120 94 32 50
1814 508 70 40
1200 230 62 40
1656 878 62 48
1382 464 58 38
136 596 88 34
1240 500 40 36
1240 458 40 38
906 972 42 32
1010 672 34 44
916 610 40 34
1016 744 48 28
1000 336 54 56
1064 126 38 40
126 904 58 48
416 378 64 54
1104 912 34 50
1064 776 34 44
744 642 40 34
900 728 38 42
800 354 22 52
1628 942 84 48
742 486 54 38
828 702 42 36
702 982 62 50
1084 404 38 38
836 552 34 42
1070 500 32 50
1114 280 50 54
52 610 72 34
1730 298 54 46
54 826 72 30
676 424 64 44
858 638 38 40
1210 444 48 34
824 748 48 30
932 708 38 36
1326 482 56 40
1644 246 42 66
1178 784 46 34
1244 122 60 52
950 412 46 48
304 398 46 56
658 42 70 44
738 548 46 46
706 786 34 40
1178 640 36 42
1130 390 38 42
1260 854 40 34
1064 340 44 52
276 236 44 46
1178 370 36 40
762 424 40 44
486 162 48 66
302 354 52 40
878 682 42 34
1360 898 42 36
378 726 52 52
400 728 68 62
608 740 52 54
236 484 70 40
774 582 44 34
1212 198 58 38
1218 670 50 32
830 652 42 32
1302 886 32 46
1014 492 44 62
802 666 26 42
1166 670 34 34
1174 942 34 40
688 540 62 32
594 352 78 66
1210 384 64 40
1208 284 60 50
1090 450 32 48
1196 634 34 42
1800 566 78 36
252 874 68 54
784 728 38 40
778 682 46 34
1242 480 36 36
1190 308 36 38
304 526 30 48
368 386 42 52
210 406 66 32
898 758 36 34
1200 518 36 44
870 784 38 36
1804 354 72 38
1828 212 70 52
1198 698 38 44
1312 850 40 40
146 730 58 38
804 648 36 30
1224 862 38 42
1226 16 52 46
58 896 74 40
622 836 34 38
800 690 22 44
1076 970 34 42
