426 798 62 62
898 272 48 62
394 222 54 64
1680 292 84 42
1584 186 58 48
1464 72 78 40
1350 266 54 52
986 380 64 38
378 288 68 40
1384 114 60 46
816 234 50 60
1382 366 76 36
1038 606 50 48
1306 412 48 60
590 648 80 40
1314 92 60 48
1088 236 46 74
234 844 86 36
130 790 60 38
884 398 62 38
1204 120 40 64
918 552 42 54
678 624 68 44
1298 188 74 42
1662 218 72 40
356 928 86 52
938 468 52 44
1060 672 62 46
1596 390 62 34
982 596 44 60
1068 398 50 56
1216 186 52 46
1286 38 66 46
744 978 66 36
866 508 52 46
142 738 52 48
1236 630 50 50
1526 780 66 38
1358 700 48 52
1436 22 62 46
862 140 74 46
106 464 88 32
218 672 64 42
718 242 58 44
694 530 40 60
1644 176 56 44
44 238 96 56
814 476 40 54
1052 496 46 58
286 788 56 46
776 412 56 38
1038 460 66 36
708 932 64 38
1622 258 64 42
440 534 80 36
1554 2 66 54
1348 424 42 54
1100 652 48 66
366 818 58 46
848 644 44 56
1404 454 58 46
1748 196 50 62
1526 504 66 40
1452 444 68 50
782 666 62 38
336 994 68 46
794 794 56 38
1058 222 58 48
36 522 126 58
1468 286 48 54
1416 610 64 36
82 646 66 54
1038 188 68 38
1802 754 84 34
1266 908 50 50
976 1010 54 48
1542 980 54 38
432 748 60 44
1514 306 46 46
1200 450 70 36
166 662 54 48
784 370 52 38
1424 674 66 36
748 304 58 38
1782 776 68 74
1046 948 62 36
178 980 68 62
30 630 62 58
730 572 52 46
1118 522 42 68
1548 710 66 40
854 864 50 58
1332 604 44 46
800 326 32 36
594 552 60 34
1532 872 54 46
1180 590 46 60
412 180 60 36
334 510 66 34
1398 2 44 64
1562 284 68 34
1644 650 94 42
442 490 60 50
1358 524 66 42
1570 324 74 42
186 840 50 44
1572 678 56 34
1070 128 44 52
1092 906 50 50
732 344 60 34
1182 478 52 56
1182 722 70 38
1604 508 68 46
1296 790 62 36
1590 858 68 36
796 728 62 48
1668 392 100 52
406 0 66 40
1666 762 50 58
822 874 32 44
1672 476 58 46
1088 788 46 70
1522 584 46 48
1168 782 62 34
1656 568 86 44
116 592 72 46
1300 858 46 28
1470 888 74 50
1120 98 44 54
392 726 56 50
1522 466 62 32
1556 610 48 50
586 706 40 64
1176 518 50 50
30 346 80 36
1532 928 58 40
1266 952 52 68
1372 512 82 38
34 458 84 38
1486 0 54 48
1474 680 48 42
278 470 48 38
1172 946 52 60
800 386 32 34
72 96 84 58
400 492 28 32
804 698 52 40
878 98 66 44
1702 74 80 66
1642 964 82 40
742 518 60 46
160 596 66 40
1096 152 50 54
1134 382 46 54
1170 388 46 48
10 152 106 72
1606 622 42 48
1134 122 42 24
500 642 56 46
1098 484 54 46
