304 68 64 40
110 480 76 34
1692 284 78 56
1582 188 58 42
968 738 34 44
1634 626 108 42
644 126 74 38
970 684 38 42
460 30 46 56
840 716 44 34
1292 216 56 44
1040 644 42 32
1058 686 34 46
920 676 36 44
1172 570 42 30
1630 716 100 44
1106 652 36 46
832 224 50 42
1186 404 38 42
880 318 38 32
1042 408 40 34
844 678 40 32
736 734 40 38
822 956 54 48
1496 436 46 46
420 622 50 40
804 484 32 48
814 368 32 44
912 346 40 36
794 592 36 42
930 396 34 46
1574 128 56 48
1120 256 38 54
432 662 58 36
1576 100 70 36
714 490 34 40
1240 742 48 46
950 378 50 30
1094 118 28 44
1566 988 68 40
1170 660 38 38
172 256 52 48
1388 462 54 36
136 328 54 42
1034 274 38 34
1068 500 38 44
1686 564 62 44
790 268 48 30
1004 406 36 40
1086 570 44 36
1652 520 90 46
794 304 44 36
1204 830 40 50
358 862 38 42
454 90 66 38
262 658 46 46
104 270 58 38
378 86 56 38
816 654 44 36
1442 372 44 48
88 652 60 46
612 556 42 34
180 646 44 52
1248 438 36 36
342 652 56 32
894 594 40 32
906 378 30 44
1172 616 42 36
1672 248 104 36
686 688 38 36
336 152 32 44
902 912 50 62
1254 354 60 34
1492 498 72 40
1048 204 56 36
114 696 72 30
826 634 38 36
328 508 50 40
166 990 50 52
164 948 68 36
1200 504 36 40
1418 416 44 30
1206 120 46 28
1094 916 36 44
328 290 48 30
1056 152 48 40
400 554 26 38
430 554 38 40
840 748 42 32
400 398 22 44
1012 486 44 34
464 522 32 40
1812 500 72 38
590 386 70 38
344 204 42 36
1266 396 64 34
1204 650 38 34
242 408 50 42
400 512 28 44
828 808 36 44
1196 452 40 32
900 824 42 32
842 798 36 40
766 386 40 40
792 376 36 40
1192 62 38 30
300 990 54 40
804 820 36 36
1722 216 58 38
1598 122 48 18
1098 488 42 40
866 756 40 34
66 314 66 34
1680 852 52 54
800 394 22 36
400 360 28 38
504 548 64 38
584 154 52 46
802 758 46 30
1836 402 56 44
1682 264 82 42
1736 930 88 44
1232 82 50 54
1798 844 90 46
38 460 70 36
1206 150 32 38
1198 628 42 38
866 776 44 40
396 334 46 32
722 986 60 42
524 912 56 48
276 304 46 30
1104 426 38 32
610 588 40 36
804 622 30 36
1102 214 40 36
