160 268 78 46
1606 186 68 58
1562 494 68 34
1308 222 72 36
1684 170 100 86
1406 160 60 48
130 960 70 34
1636 54 60 58
194 824 64 36
264 468 56 50
1710 372 62 66
1566 644 50 44
74 234 74 54
1582 102 66 36
1452 114 44 52
1260 138 64 38
732 710 40 38
438 376 46 54
794 690 40 36
1430 588 66 36
1564 868 58 38
874 610 44 34
1122 528 32 48
1342 908 54 40
862 650 36 38
1208 552 58 34
408 802 54 40
324 576 54 38
472 634 62 36
482 564 62 38
1514 434 78 36
224 636 48 46
1642 572 66 38
1182 618 42 40
1004 600 34 44
824 720 46 34
914 426 48 34
994 302 34 46
270 652 48 50
1588 22 56 60
1234 900 60 34
1304 760 58 38
976 632 34 44
738 364 34 42
1428 388 58 42
738 750 32 38
874 416 38 34
1032 426 36 42
588 402 46 52
856 500 54 38
606 1004 50 56
1420 320 60 32
790 244 34 48
1180 710 46 30
1162 688 38 36
1412 662 58 40
1092 652 46 32
44 566 54 34
1352 464 40 32
1064 592 40 38
118 218 60 46
778 106 40 38
1096 794 34 46
784 158 50 50
690 228 58 36
1100 372 56 42
1276 34 46 50
270 766 52 38
862 464 40 34
90 910 62 42
1040 366 36 38
1078 544 38 38
1524 944 64 34
926 718 50 28
884 362 44 34
1276 448 48 46
938 118 34 40
956 216 40 40
1668 384 50 46
1040 658 38 40
1004 848 64 34
1150 928 42 34
924 348 38 38
1668 868 52 60
732 278 40 36
426 664 76 34
878 98 38 38
152 622 66 30
746 652 38 38
1354 522 44 40
534 180 38 36
832 782 34 46
428 908 42 48
1322 426 34 44
462 160 42 30
1272 248 42 44
484 304 36 42
1072 230 40 36
964 294 32 46
1038 680 32 42
684 610 46 32
1578 62 48 18
1820 460 78 32
1078 408 38 36
584 254 60 42
884 122 46 26
1104 594 44 38
248 966 56 34
892 184 36 38
600 794 36 34
1320 518 36 38
1116 860 36 38
1682 580 68 38
1178 774 38 36
704 414 50 30
654 430 62 32
1636 652 54 48
840 292 40 38
1778 480 72 36
1168 732 32 38
1180 196 32 44
878 244 34 36
1022 192 44 28
794 734 32 42
856 228 38 38
1200 448 44 54
716 820 42 40
864 918 40 38
1234 964 34 44
828 752 34 40
1420 686 76 34
1090 706 44 30
1196 236 38 36
932 790 46 54
640 198 48 34
696 658 46 32
1396 538 38 60
898 388 40 34
902 172 42 36
1066 156 42 36
364 900 42 48
96 366 72 50
904 274 48 32
1366 424 46 34
906 366 46 36
1198 834 56 34
772 878 40 34
1122 260 38 40
802 920 36 38
1078 198 46 30
1688 68 66 60
916 166 52 30
1062 20 42 52
938 316 36 38
1246 720 46 26
1406 476 60 38
464 426 58 42
480 956 46 52
774 970 30 46
1176 258 34 42
876 956 38 38
630 698 50 56
1806 578 74 34
400 484 78 42
822 126 42 40
400 4 36 34
1786 698 58 38
1120 224 36 36
946 60 40 28
1656 454 70 32
848 182 40 34
812 702 48 30
906 204 40 36
486 194 64 40
524 126 38 32
1180 448 30 42
816 734 40 32
908 226 40 36
906 306 34 34
804 126 30 32
122 580 58 38
354 712 50 28
790 774 34 44
134 762 50 36
602 510 42 28
926 968 46 38
182 788 50 28
1484 986 48 40
390 738 50 44
610 170 36 40
932 288 42 34
1100 210 42 38
908 324 40 38
876 130 38 38
908 858 62 40
850 200 36 36
910 288 34 34
138 812 40 32
834 120 50 20
828 976 36 38
730 980 38 38
1510 870 42 30
1540 450 64 36
