1742 230 82 74
278 640 108 76
1074 312 76 56
912 690 80 62
324 744 104 62
864 204 76 74
686 246 82 52
1350 186 74 62
1146 324 60 94
976 438 62 84
1088 174 86 50
952 262 78 46
1102 240 82 54
388 816 114 54
1144 580 62 90
822 298 60 100
814 652 66 68
874 850 64 84
726 134 68 94
1076 708 78 54
1420 252 100 52
754 480 92 62
1248 780 86 62
906 318 50 78
148 162 106 78
1562 334 102 60
690 884 90 56
1296 334 84 68
1522 276 62 74
1346 108 80 68
1424 150 66 54
628 272 64 74
1048 552 54 84
1502 80 82 70
1634 386 84 72
50 770 92 74
1066 812 88 60
152 886 104 50
1398 214 56 68
1072 628 72 74
758 580 62 88
938 346 72 70
716 52 94 64
484 238 108 62
988 602 62 66
894 504 60 82
670 552 78 52
892 402 64 76
834 60 62 64
1658 564 70 78
162 822 98 50
672 344 76 78
1228 666 94 50
958 544 98 50
1024 838 62 76
328 282 106 64
1044 26 52 74
1078 130 86 46
1010 716 70 60
764 730 78 76
1330 490 68 76
1722 364 74 42
1506 668 84 66
892 60 84 60
1560 204 58 72
938 850 74 62
104 746 120 56
194 502 84 80
1490 188 74 52
1276 28 92 64
294 52 90 86
1548 542 70 86
1526 428 86 54
544 880 64 74
232 176 82 108
1222 60 62 88
626 94 74 68
262 942 100 60
1456 532 96 56
1406 710 88 52
758 410 60 62
60 226 130 64
1654 482 96 68
518 664 82 52
980 758 66 80
846 524 66 86
1074 952 82 54
1384 474 58 68
250 768 92 68
1114 82 66 56
1642 712 80 66
674 654 72 72
1702 144 112 62
1454 48 66 66
254 532 90 74
258 322 80 92
1546 916 64 72
1224 986 84 62
1558 126 86 66
52 686 102 64
1560 998 78 54
1578 658 70 48
1686 826 70 56
642 982 68 56
1232 930 92 52
52 320 88 62
470 532 98 52
652 716 70 76
136 968 118 58
416 444 72 78
1382 26 66 50
66 592 100 76
1160 772 48 70
1666 86 72 62
1464 982 80 54
332 896 96 68
68 952 86 70
1292 846 82 60
638 856 60 56
48 552 88 50
214 0 80 36
1720 560 80 48
644 60 70 54
1672 894 78 66
120 102 120 64
1240 868 74 52
20 882 68 88
128 546 104 76
30 120 104 80
1246 474 50 82
1096 24 66 56
400 14 60 66
616 462 50 58
1208 604 48 70
1720 792 78 52
536 136 62 52
18 224 80 58
632 930 54 56
536 386 62 72
1750 638 52 56
