128 234 66 44
1656 336 76 50
1680 104 88 42
862 844 66 40
778 434 62 36
1570 924 72 32
304 656 64 40
826 106 58 46
344 906 58 36
1360 970 54 46
60 576 66 42
1396 118 50 58
1274 154 58 46
218 48 64 38
1324 422 50 50
826 640 30 48
74 358 58 52
1054 240 46 54
1812 672 84 30
1042 306 56 42
864 736 42 32
118 676 66 32
904 722 38 36
1010 618 36 44
1832 718 68 42
424 836 60 40
1274 512 64 40
588 532 48 52
194 952 58 40
924 586 40 36
588 396 42 58
784 554 38 38
816 360 58 40
374 648 52 40
426 910 44 50
460 266 78 46
400 412 20 52
380 106 62 36
636 806 30 48
704 738 38 36
252 272 56 36
886 460 54 32
1204 188 64 38
1004 544 44 30
968 62 46 22
988 514 44 32
1202 232 38 40
1104 570 32 48
1560 278 56 44
594 450 56 42
938 684 40 38
488 980 54 38
802 600 62 38
1058 906 38 38
764 180 46 52
314 422 46 46
1582 252 80 36
894 60 46 58
1174 696 58 38
1208 526 32 46
760 722 34 46
334 526 42 50
512 732 58 40
736 712 42 38
112 348 48 58
812 206 34 44
1060 146 50 40
1080 280 58 36
800 340 28 40
1124 120 36 36
422 226 34 38
1180 786 46 30
1244 436 48 38
1714 364 56 60
1266 900 66 32
1114 378 42 58
1236 302 48 44
654 584 42 44
1186 412 54 36
792 714 32 52
1258 338 60 42
1292 320 52 38
1284 866 52 34
754 676 40 36
1046 708 46 34
308 524 30 42
1202 38 40 58
1822 474 60 44
488 208 54 42
302 490 60 38
886 670 42 36
880 688 36 32
354 178 34 46
1102 504 46 28
678 852 40 32
312 202 42 48
316 122 40 26
888 702 44 30
1208 122 40 32
1674 252 112 74
1002 22 32 46
710 704 46 34
1200 266 32 44
1232 86 56 42
1644 444 102 34
996 586 54 32
1202 500 34 38
750 762 48 28
778 750 46 36
930 702 40 38
1202 1018 40 32
1788 696 82 32
1204 464 58 36
1062 832 50 28
1820 184 66 56
400 64 36 34
490 554 44 42
208 138 56 34
1180 60 46 20
840 628 40 36
348 136 46 32
810 284 36 44
396 344 46 56
858 626 48 28
844 256 38 34
348 342 38 34
90 788 58 34
1090 806 48 32
64 892 78 38
1166 732 32 42
256 122 60 34
298 362 60 40
94 846 66 40
276 162 46 26
636 996 62 36
26 214 72 32
