1230 124 60 52
60 264 66 60
216 570 60 52
1270 304 68 42
76 786 58 54
636 102 86 42
38 592 70 52
348 522 56 56
968 554 56 54
1220 68 56 58
160 806 70 40
1084 258 46 62
844 650 60 38
1354 52 78 54
102 688 92 32
372 760 66 44
466 166 84 48
428 904 42 54
804 486 40 56
466 402 74 36
114 854 70 44
838 520 48 52
16 154 90 70
420 254 70 36
860 452 50 42
198 470 78 42
1378 350 50 52
1414 374 66 48
748 540 42 32
816 376 58 42
682 434 46 30
54 974 74 48
722 394 62 36
930 736 42 34
1688 396 60 54
660 588 56 46
782 338 46 50
1634 82 74 42
620 34 58 60
1128 120 44 34
664 546 40 36
580 504 34 40
228 988 74 40
1338 288 56 46
1046 216 68 52
1426 204 48 64
1058 386 64 52
1054 178 46 30
1626 514 64 54
854 910 44 54
1668 270 66 44
1168 708 82 38
1092 150 34 40
462 298 54 66
594 440 38 38
776 616 60 46
1178 526 28 42
36 454 84 42
1730 266 58 56
738 556 46 28
1788 558 86 44
44 710 78 48
592 876 38 30
434 840 62 44
906 646 52 46
626 60 48 20
1630 414 58 42
1804 880 76 48
498 984 82 56
1634 464 64 38
810 912 42 30
