612 728 90 104
666 36 104 100
740 134 122 80
924 606 104 90
866 898 70 110
848 592 104 76
1266 758 102 92
1236 544 142 60
940 510 102 88
12 860 110 108
1366 60 98 92
1552 500 96 102
1138 560 56 126
248 512 102 104
1314 338 116 76
464 740 112 84
1622 668 100 80
608 88 108 96
1056 454 132 66
736 694 100 90
874 116 118 70
1056 188 108 68
10 192 86 110
884 188 116 74
884 258 140 62
1528 580 104 90
732 776 94 94
1232 158 124 86
80 164 110 104
1238 614 80 98
1354 550 86 102
1418 592 78 106
678 416 90 106
1008 722 76 104
590 200 108 82
1078 734 96 102
126 60 152 54
22 6 112 94
1118 60 76 92
410 254 114 82
898 766 100 76
1472 60 100 92
1046 132 108 68
1038 506 116 74
320 212 90 102
1242 80 100 78
1088 298 96 98
836 504 96 98
730 856 82 96
312 678 142 74
222 800 110 90
1048 656 100 90
1246 418 128 74
986 170 98 80
924 838 106 86
806 678 102 88
1368 262 118 84
1442 174 80 106
86 276 156 70
418 150 82 112
616 872 90 94
1464 18 124 58
974 98 96 78
716 300 106 84
882 464 116 82
1518 312 80 100
736 516 102 84
1582 244 112 84
1062 368 104 86
1448 914 110 66
1382 506 116 76
1426 344 110 82
1006 366 72 104
688 368 76 96
406 516 98 114
1260 26 136 62
1664 494 120 112
1480 638 70 114
768 20 132 76
1654 366 76 110
632 808 124 84
988 284 108 70
1224 330 120 90
724 612 104 92
400 750 54 84
1356 688 138 74
264 158 106 88
936 376 88 94
1662 744 116 86
444 322 120 62
106 692 154 74
1374 904 78 108
670 222 80 116
1324 168 88 114
850 400 94 96
1220 220 82 104
80 602 130 92
356 452 92 96
40 958 110 88
1130 840 82 98
208 238 112 84
400 344 72 78
1580 20 98 96
1556 358 108 72
1406 848 124 86
4 112 122 70
248 752 126 78
1048 980 92 80
908 18 74 68
1030 20 100 60
412 120 102 68
504 662 80 78
606 630 84 118
1232 476 108 84
1204 300 74 106
1526 824 104 96
1314 648 110 76
484 164 100 86
800 68 136 78
1444 972 108 86
762 962 74 98
644 594 132 78
1692 238 86 104
396 60 120 44
598 458 96 98
806 936 90 106
506 242 84 82
1522 926 84 92
498 60 78 70
24 410 96 62
1282 238 84 100
192 0 108 36
804 352 84 116
1100 778 92 96
600 286 112 86
1502 204 80 98
1618 914 124 86
488 480 96 90
170 178 114 70
232 594 82 118
408 374 124 72
1096 230 130 80
1056 592 96 98
1094 878 74 112
1512 114 122 78
818 290 90 88
1634 600 152 74
946 44 98 84
1510 730 142 78
138 866 130 76
1622 298 122 82
480 852 74 106
952 316 82 88
1552 424 126 78
1386 744 114 82
216 308 138 70
1020 854 78 116
114 750 130 80
1036 60 100 66
882 314 96 76
1738 712 90 88
32 688 102 68
1608 114 86 86
1668 26 82 108
1734 632 102 74
1718 408 116 100
1432 796 124 74
816 120 86 34
1382 412 88 106
1604 804 136 76
274 10 90 84
1618 864 116 56
