166 182 82 110
980 712 76 122
1488 470 74 122
1470 780 106 86
346 282 94 100
348 190 100 108
594 132 94 94
968 484 68 112
1064 194 76 108
376 702 78 112
1312 508 74 118
1060 676 98 96
1082 350 82 102
1050 106 120 84
848 442 114 84
248 222 122 78
1432 382 104 86
1290 256 106 74
236 0 122 92
656 280 78 106
1222 344 142 76
1714 442 86 104
994 178 64 122
862 224 94 86
1476 854 80 102
1244 642 90 96
732 900 96 94
300 926 110 74
698 140 68 110
654 732 78 110
900 706 72 102
250 506 88 114
792 262 84 98
1306 730 94 88
796 510 88 92
1542 648 74 114
1034 842 76 106
906 24 132 80
890 166 110 86
1326 622 104 88
1668 196 138 88
614 386 118 82
1646 676 134 94
1142 300 78 118
178 850 90 96
736 608 94 96
1108 780 106 88
494 828 78 112
740 792 148 72
188 562 104 90
964 356 118 88
1250 130 108 82
804 180 92 90
1590 922 90 116
146 106 110 84
362 838 104 96
176 684 120 84
86 226 82 100
426 330 114 78
1480 96 124 96
150 306 160 66
1566 580 118 78
1550 308 98 94
1234 206 110 76
898 94 106 88
866 920 72 132
1640 428 84 102
168 436 104 86
892 296 94 94
966 874 70 106
276 684 86 106
1764 506 86 100
1444 590 114 80
656 664 120 70
1670 316 98 96
270 432 102 98
90 60 142 60
80 584 110 90
738 720 122 80
1252 420 106 86
438 192 104 70
1342 880 92 98
1528 416 124 72
1106 846 68 116
1050 20 108 84
1230 60 112 86
1054 618 128 68
596 858 126 84
408 610 98 88
1222 484 76 96
1568 190 88 114
1560 490 128 80
312 598 132 80
948 290 110 80
250 780 98 94
456 130 108 84
436 252 118 90
754 116 124 80
1378 488 102 96
720 316 120 86
1620 118 114 90
366 474 78 118
1038 498 138 76
1222 738 94 84
264 104 132 102
1714 616 116 80
1230 22 124 46
112 826 74 120
1624 850 138 62
472 604 126 74
704 56 122 78
76 504 132 78
1756 102 96 106
1146 16 82 104
156 362 132 80
690 16 86 72
770 16 108 54
578 18 96 68
778 416 70 122
1440 204 130 64
34 866 84 100
288 342 106 86
0 176 74 90
594 782 78 100
1754 308 98 88
1234 878 94 100
1016 586 124 72
504 948 88 92
1676 902 94 94
378 932 116 96
608 570 130 64
24 686 116 76
434 494 128 62
1074 450 96 66
800 610 36 98
1164 222 56 94
1762 210 112 100
1532 244 68 82
606 626 74 88
1494 20 146 68
1468 264 102 88
1406 314 112 68
26 416 96 70
32 768 124 86
578 268 86 80
444 686 100 90
18 104 102 96
430 454 130 52
432 10 84 100
