994 502 96 64
734 582 88 94
1020 328 118 62
1072 394 102 68
1466 374 90 76
650 598 96 70
904 320 78 86
1558 612 170 64
686 510 74 94
982 588 100 72
806 826 102 84
844 504 68 86
742 150 72 72
1076 742 110 66
672 328 102 74
1394 640 104 64
1034 160 116 66
898 72 88 88
1094 612 70 88
1698 216 88 80
670 894 92 80
854 366 74 82
1080 208 80 114
920 182 88 88
756 754 104 78
942 862 110 74
142 832 92 92
1038 668 100 74
678 124 82 90
154 154 102 92
1390 448 80 80
304 774 78 110
298 544 108 72
608 120 80 108
1684 146 104 74
1098 60 108 74
1360 120 146 56
650 206 102 68
918 20 102 64
718 416 112 72
778 260 112 68
1664 68 68 116
260 260 108 96
850 424 116 76
268 342 112 84
1674 332 90 58
1482 456 128 74
94 298 94 102
1494 62 108 80
1324 60 110 56
606 850 80 68
132 0 130 64
1584 950 86 96
1054 906 100 72
926 542 100 64
898 570 78 84
382 132 82 104
1526 178 78 100
330 610 92 96
786 676 116 86
638 656 98 98
210 432 108 64
8 820 96 88
596 18 162 68
20 120 102 64
400 258 116 72
508 848 80 118
1330 768 92 78
404 12 116 60
806 958 118 62
1154 852 54 108
100 666 158 64
662 762 90 82
1768 116 86 74
352 894 128 76
46 588 118 84
400 458 72 90
468 100 118 86
434 574 70 96
532 950 80 88
42 418 82 52
1680 386 88 56
276 128 112 82
50 956 98 70
54 14 100 82
602 258 78 102
240 592 90 90
288 956 132 98
1692 714 106 92
462 640 96 78
1716 508 130 86
1616 868 114 78
306 0 104 48
656 416 82 102
160 236 120 58
80 226 108 88
0 480 62 58
306 54 134 66
1712 290 118 70
482 294 94 94
12 558 94 66
460 448 94 94
1166 140 58 68
94 68 128 78
1320 838 98 82
1068 994 100 64
610 462 50 84
1246 972 108 52
0 302 124 64
20 690 124 68
1772 210 74 74
