174 670 50 32
698 422 44 30
218 736 48 28
1060 148 46 30
602 642 38 40
1110 390 44 32
1040 164 42 32
1060 600 38 36
218 548 42 34
1196 414 50 30
340 540 48 26
1062 210 38 32
536 388 36 40
1194 246 36 32
158 680 42 34
734 634 34 36
318 396 42 32
666 806 34 38
932 808 36 42
602 396 36 38
304 358 40 36
646 578 42 30
1702 178 62 48
634 626 44 34
1560 146 46 30
1060 418 40 36
696 600 46 32
1082 522 44 36
334 796 44 28
1612 330 38 32
1616 294 44 28
300 226 40 34
674 520 40 30
1422 646 42 34
902 616 38 28
126 696 48 28
718 216 34 42
238 602 36 36
680 358 44 34
624 814 42 34
1084 506 46 32
1102 252 50 32
640 122 34 36
136 740 48 30
1224 186 34 40
602 284 44 32
1200 472 38 36
1514 216 60 28
162 980 34 36
614 832 50 30
602 678 34 36
1608 120 28 38
1098 484 44 36
1210 62 36 36
594 440 36 32
1202 436 34 40
450 142 40 34
276 752 44 28
84 896 46 30
640 408 52 26
1528 700 56 24
596 304 28 44
1100 540 46 30
1078 136 38 32
86 666 60 22
792 906 44 26
610 64 36 40
1672 124 48 44
648 470 44 28
1606 374 46 30
1636 778 40 32
606 866 44 32
1702 278 46 48
1054 192 34 32
640 796 36 34
1088 192 50 32
1558 834 38 32
128 756 52 30
130 726 46 24
1184 452 36 38
1104 220 40 30
120 774 50 26
