1612 170 70 34
448 132 58 50
96 174 86 32
120 30 68 46
1616 372 68 40
1394 158 64 34
1640 704 80 48
1638 34 62 52
1492 190 58 40
436 202 50 44
178 368 54 52
1364 782 52 44
1066 772 34 44
834 122 46 50
1532 584 62 46
126 946 64 44
1618 276 66 36
400 314 22 48
976 510 48 32
1654 116 56 54
966 338 60 42
972 898 32 46
692 672 52 26
1498 516 52 38
404 740 34 46
110 462 76 32
1066 596 48 34
1174 670 32 44
92 594 60 36
940 260 54 44
842 406 42 32
1602 482 52 34
694 634 38 40
852 636 34 40
1708 184 68 56
1090 514 30 52
1254 584 66 30
654 694 38 36
454 720 58 36
474 264 58 38
626 592 34 44
684 568 36 42
1826 764 66 44
1000 600 38 38
782 436 38 42
488 530 38 40
1490 152 48 52
1078 634 46 32
446 352 54 38
1640 638 102 34
1068 674 40 38
994 466 36 38
800 644 22 42
810 796 36 42
466 388 60 34
336 854 44 30
1578 248 46 48
712 772 44 32
998 976 34 40
924 820 42 36
740 630 42 36
1514 346 58 48
396 694 40 36
264 514 44 50
1356 62 50 54
202 474 48 40
1160 800 36 34
1410 200 44 56
1606 236 62 34
852 358 40 36
948 686 34 42
1110 636 44 34
1582 334 50 48
416 568 36 34
330 150 64 34
898 632 38 36
194 800 34 42
1236 628 64 32
336 622 44 34
1082 386 54 38
860 852 46 30
346 60 58 20
354 356 54 36
588 514 32 38
1396 4 76 46
930 532 44 30
1616 576 46 48
984 778 44 34
714 710 36 44
62 382 82 32
1670 472 76 46
224 754 46 32
344 742 44 34
678 814 42 34
1286 392 62 34
1192 716 36 32
1078 932 34 44
1162 526 32 48
800 862 24 42
686 408 38 38
152 874 58 42
990 572 34 38
1474 730 44 42
254 704 44 36
744 402 44 32
306 394 60 32
1544 442 50 44
754 832 48 30
780 690 40 36
880 316 50 32
796 590 56 34
664 378 48 30
1002 712 46 28
608 158 60 38
664 610 40 36
456 936 30 46
1486 478 58 30
754 748 44 34
660 458 58 32
926 60 56 48
936 760 40 34
1202 166 62 32
868 338 42 36
1454 332 38 38
1488 416 54 40
144 650 40 36
116 352 66 46
496 954 60 36
174 722 42 34
878 276 46 34
290 636 38 36
908 942 44 36
756 340 40 36
1038 184 70 30
480 438 46 32
472 834 44 30
486 24 54 48
1222 922 70 32
1258 294 42 30
834 758 44 34
1384 348 64 36
510 288 54 42
210 172 68 32
394 2 54 48
894 878 42 36
1276 356 56 36
1530 406 54 34
136 824 48 34
224 694 46 30
940 634 52 28
1104 910 44 30
1294 258 52 42
862 712 40 38
1240 180 42 36
830 716 42 32
1022 900 50 30
352 898 44 34
1024 430 36 46
1328 346 42 34
1030 26 52 42
646 170 46 48
1078 68 54 40
892 610 50 28
416 604 44 32
730 536 60 34
1078 4 46 50
212 794 44 36
926 618 40 34
832 290 40 38
816 730 42 36
1032 746 52 28
470 898 58 40
1094 468 38 36
414 520 40 34
1246 2 44 56
898 670 46 28
1060 144 48 30
466 874 28 46
296 16 44 46
876 736 40 36
190 644 40 34
820 316 38 42
304 888 44 34
794 768 36 42
1102 216 40 38
1100 486 44 32
348 710 40 36
1688 158 90 54
712 420 42 32
1514 984 46 38
1224 724 52 26
802 710 22 42
1106 122 42 28
76 830 36 34
328 688 40 32
1248 198 38 32
758 296 40 36
1730 224 50 44
1192 816 60 56
510 80 54 42
740 764 40 38
1182 808 36 36
964 552 48 38
800 268 36 34
778 318 38 40
112 844 44 30
606 990 48 56
1036 412 32 48
308 576 46 30
1418 312 40 36
374 24 44 50
718 298 50 30
314 558 46 34
78 510 54 50
136 2 50 22
590 66 62 36
780 302 42 34
774 922 38 38
836 956 40 34
908 686 46 28
766 966 44 30
864 954 38 34
1802 536 78 32
310 596 44 30
102 502 64 34
1748 746 74 42
1266 212 62 40
836 1010 38 30
1794 298 64 44
398 488 48 30
