948 760 80 62
676 248 86 60
910 574 70 56
352 862 94 78
1320 268 68 76
838 634 60 78
1112 748 70 62
992 276 90 54
1002 352 88 60
388 592 72 94
996 448 68 78
996 124 72 66
804 134 76 86
948 348 56 82
978 834 82 68
688 384 88 58
1494 944 100 56
708 614 74 60
282 292 102 50
978 194 74 58
1132 854 74 56
856 288 80 50
1302 498 60 84
1060 462 92 62
1034 562 68 48
1402 298 96 62
360 470 114 56
900 958 72 62
1374 28 74 82
462 132 80 68
1076 696 92 48
270 578 94 50
454 210 102 70
834 780 74 80
780 606 62 82
726 290 96 56
1376 130 88 66
144 260 118 62
398 696 102 62
1604 422 94 42
1602 570 88 60
1232 342 66 84
1238 76 80 66
1380 490 64 72
1082 624 66 60
1230 540 68 60
1584 58 84 82
1610 874 96 74
1644 98 96 82
274 672 92 74
640 570 68 82
1244 730 54 80
636 134 82 76
1532 790 80 50
130 672 104 44
888 334 54 52
932 136 54 62
630 64 90 76
644 738 90 60
640 938 68 76
1374 614 88 52
838 986 68 74
1638 956 74 66
432 410 88 48
1700 14 104 62
318 8 118 60
110 748 88 76
1558 736 92 54
1246 196 78 68
350 212 100 52
1080 126 64 56
238 522 92 68
1716 350 90 50
1442 150 84 72
1690 490 58 76
814 228 64 82
664 520 78 48
48 488 98 60
1244 940 68 64
1116 606 88 52
1096 168 72 58
1414 700 92 48
1340 918 78 80
1808 956 68 76
176 522 74 92
1614 364 84 46
232 626 90 60
104 88 112 68
882 94 60 76
1702 680 66 58
1244 650 64 76
1278 744 66 86
622 16 76 58
650 852 72 84
230 62 122 76
1674 174 98 78
140 614 102 50
1078 20 72 92
1714 410 82 50
866 830 74 64
1250 420 56 96
70 952 86 70
18 772 92 62
832 66 84 50
448 944 100 64
1436 486 82 60
640 388 70 76
1288 624 80 44
176 152 88 88
124 826 88 104
1172 60 48 70
502 740 98 92
650 482 68 40
1716 564 58 80
72 312 84 86
32 110 102 72
1652 630 64 58
46 182 130 78
1760 120 58 80
1122 878 54 82
28 302 66 84
52 594 86 58
232 954 90 86
1308 676 72 70
1018 928 68 94
1616 498 82 50
1088 976 60 74
1644 844 106 54
22 888 76 80
132 372 102 54
286 222 108 60
1590 18 90 40
680 980 78 60
612 440 72 40
1168 292 82 46
602 268 50 72
1156 946 48 62
64 684 84 54
