1004 262 50 64
1492 672 60 70
1324 644 74 44
1482 136 72 52
1524 624 78 46
1038 678 52 70
1274 824 56 70
680 896 56 62
968 724 48 66
1060 224 54 72
1512 452 86 40
736 568 42 66
1022 348 70 50
600 652 52 56
906 918 80 40
1244 358 62 52
456 652 82 40
1248 202 82 56
464 298 54 62
830 504 72 40
1042 492 72 38
806 458 78 50
1522 964 84 52
1678 264 110 52
1322 110 72 50
730 120 60 66
1228 294 72 54
1472 574 68 40
646 574 54 52
884 996 68 52
1182 336 76 54
696 486 60 50
1074 398 58 56
844 562 44 56
1232 642 58 66
902 418 62 36
1346 736 64 46
602 830 84 46
1300 776 86 36
934 536 50 60
1112 644 42 72
212 324 64 70
914 272 74 44
78 660 88 42
894 570 58 56
1518 0 102 68
1072 538 68 42
1244 434 50 64
192 726 54 52
432 780 78 44
1172 644 64 44
118 570 76 44
1392 118 68 58
1346 442 54 62
1098 14 58 68
1198 210 50 62
490 718 68 48
418 902 58 60
1024 460 52 56
1188 474 62 38
118 980 78 40
852 682 54 46
1654 80 112 56
1248 30 66 62
1638 662 102 54
358 720 68 46
902 456 68 38
488 156 60 60
1280 446 56 52
96 872 92 50
390 846 72 46
800 598 44 54
1092 106 46 58
1172 764 56 50
332 850 44 56
54 370 76 48
766 646 46 50
128 396 68 54
894 770 64 44
112 694 78 36
580 300 88 78
18 272 82 46
1144 376 52 74
96 780 52 54
638 418 70 44
1780 728 86 54
1618 742 82 60
1210 944 68 44
126 244 82 78
1172 706 68 42
1690 782 62 60
1204 906 70 36
1200 152 66 40
1368 828 96 36
112 748 76 38
1628 816 62 64
368 430 78 38
842 736 56 38
788 714 60 40
1172 848 64 46
1566 924 138 46
298 486 56 36
1784 678 84 42
496 214 54 56
44 644 64 48
192 422 66 34
608 692 54 52
16 152 94 72
682 394 60 38
590 918 66 62
38 458 76 42
470 432 72 36
1656 594 108 42
1184 100 56 44
136 916 76 50
1168 680 60 42
1720 398 64 52
1316 2 50 26
1690 446 70 44
246 998 84 48
1730 158 74 50
24 522 72 44
1040 934 76 54
592 870 60 50
1172 536 42 46
804 666 56 38
46 708 66 42
182 1008 70 46
38 802 56 46
524 394 44 62
368 880 48 58
