974 666 104 62
1110 526 86 76
992 604 104 58
1228 326 64 102
1084 336 96 66
1472 188 92 70
1094 774 102 80
936 804 102 64
894 626 80 76
1376 184 116 62
1004 226 100 74
990 530 86 62
1224 144 132 66
908 862 98 74
840 728 118 64
1128 204 88 86
1278 226 114 72
710 898 88 82
1534 636 110 58
254 292 118 68
852 92 98 68
1246 640 78 100
1088 288 106 48
790 828 94 72
778 272 64 96
1330 270 106 70
670 340 74 82
1332 840 86 78
828 608 78 98
876 452 82 64
936 550 82 72
1610 336 78 72
800 48 102 70
834 280 70 84
1028 408 64 90
692 636 142 62
970 394 70 106
1340 324 70 76
1094 886 78 82
742 342 70 100
1306 610 78 108
698 546 80 98
1080 418 76 78
360 506 94 62
866 518 92 78
938 270 64 90
1540 824 88 86
1430 282 94 72
248 232 128 66
1706 718 112 66
172 272 76 118
1342 920 68 70
1390 776 96 64
612 374 78 86
1334 470 76 88
1402 344 90 70
644 844 80 70
1536 120 114 68
1552 688 96 72
842 898 82 70
604 482 82 80
432 128 136 76
428 60 92 50
478 238 90 92
188 700 100 68
1020 356 84 62
1520 948 86 92
1538 52 130 54
352 626 102 70
1464 60 90 60
644 908 76 92
1428 558 84 96
1526 246 108 82
1618 18 104 60
150 140 102 104
1072 98 80 80
352 382 136 70
1482 712 82 76
390 954 114 66
1020 120 68 102
650 780 78 66
962 120 68 92
506 334 78 76
762 736 84 72
1306 20 84 60
26 196 98 98
902 24 100 76
614 14 90 68
1236 878 90 82
494 892 82 92
696 676 70 74
1410 840 102 52
696 756 84 72
1634 516 98 68
614 612 88 62
164 482 116 78
28 116 98 68
608 238 76 88
48 0 126 54
706 162 80 102
800 380 86 54
1416 116 130 72
756 516 92 46
504 704 86 78
1248 70 94 74
1592 192 102 94
1660 120 150 74
252 778 128 76
428 596 84 76
260 0 108 84
46 688 102 70
400 806 80 90
264 684 118 76
1218 198 62 100
808 418 106 70
1230 484 100 86
378 236 120 72
148 852 92 84
336 184 76 90
1542 380 102 58
1218 830 78 66
1224 420 150 72
302 890 76 112
400 94 74 78
1674 806 94 66
374 686 88 100
854 196 92 108
1430 912 88 66
124 938 130 66
1720 254 88 96
1076 176 80 62
622 72 84 66
1738 662 80 60
1714 898 102 44
1716 178 86 82
420 754 96 80
1374 618 60 98
644 674 66 76
1566 554 102 76
300 558 110 68
152 598 94 92
1028 60 86 56
216 892 102 88
1054 948 104 52
1240 18 76 74
12 550 104 68
512 814 66 86
468 560 76 74
0 306 78 80
88 834 104 86
1640 424 100 72
428 862 92 88
1416 442 76 86
48 314 116 78
1172 60 52 62
318 824 98 76
1458 818 96 54
620 126 112 80
78 756 92 96
470 426 84 94
1416 634 64 76
226 616 124 70
48 956 106 80
1582 466 86 64
1668 950 70 80
14 876 124 80
1594 904 82 84
1204 738 66 104
1436 708 94 52
1744 40 118 78
504 504 90 52
512 964 88 74
1716 780 106 54
