1006 84 76 94
1548 490 110 64
1342 350 102 82
1540 430 102 66
998 396 78 94
1126 592 80 98
1496 372 132 68
852 596 68 84
1524 266 92 76
1458 218 130 64
166 190 122 56
1330 198 72 80
902 616 78 110
1114 466 72 116
1222 738 94 64
1102 852 86 72
1330 564 86 90
1486 110 108 80
1218 798 72 102
1492 578 106 82
1046 490 82 108
1326 818 82 90
14 228 90 46
326 144 82 104
1416 78 96 74
1030 786 96 82
1404 552 92 92
1138 764 66 92
674 60 86 108
836 12 88 100
812 122 68 120
1068 932 94 90
1678 242 84 102
1350 696 86 100
1056 710 118 58
1156 260 60 82
1224 648 118 72
1704 708 124 62
1596 574 86 92
1240 126 98 72
1234 210 78 72
958 522 112 82
646 284 102 86
1576 818 118 62
968 242 122 76
604 196 96 92
862 218 72 114
1098 332 110 86
1432 20 130 66
1220 308 72 96
1084 120 76 60
1410 430 118 74
1658 454 112 60
1468 796 94 96
444 208 86 78
1342 24 102 72
24 118 98 70
4 810 104 74
1724 104 102 94
1596 138 110 66
272 0 106 58
498 270 82 88
490 60 72 106
738 316 84 122
1250 64 68 70
1648 708 92 104
400 0 72 64
124 72 126 72
496 902 78 84
1566 70 72 98
400 392 148 74
210 0 94 90
148 462 96 92
788 838 120 84
1306 64 94 78
1518 336 98 50
1232 916 102 78
1210 60 48 70
206 336 134 66
1648 364 144 60
620 982 58 52
1596 288 82 100
446 280 70 70
1572 744 102 104
304 842 118 90
220 446 112 64
1736 842 80 56
0 50 108 56
1684 800 106 76
404 592 110 92
44 584 80 104
1672 608 128 80
68 780 96 92
70 204 110 84
1064 756 74 52
666 894 84 66
