1344 38 50 60
1574 762 60 34
76 262 58 46
998 432 32 46
922 468 36 42
1072 670 34 50
1020 694 36 44
236 468 66 30
1670 318 100 48
1168 794 34 34
1344 974 54 44
1062 420 38 40
912 780 34 46
926 272 48 42
1558 366 68 30
160 276 52 48
714 248 34 48
716 898 40 48
706 512 40 36
932 368 34 46
1534 242 52 36
686 612 36 44
1254 904 64 38
892 644 38 40
1648 704 74 48
492 310 60 36
1528 276 58 36
1000 490 50 44
952 892 56 38
1166 744 32 38
1174 398 38 38
1256 772 58 36
1426 738 74 30
1386 436 48 30
1696 154 92 76
772 342 40 32
104 504 70 36
1124 324 42 32
20 552 64 34
1106 560 44 36
90 646 52 48
1192 556 36 42
440 492 60 36
646 646 42 32
924 726 42 36
390 170 64 40
786 668 40 36
1216 630 48 44
1182 690 46 32
204 512 64 34
1190 250 40 32
1050 258 52 28
496 334 54 46
760 648 36 40
636 520 36 38
1672 510 60 44
1632 942 50 50
1216 398 36 36
764 292 48 30
818 716 44 32
374 394 60 46
1248 506 58 32
1448 778 58 42
76 572 46 46
258 872 40 36
420 906 56 38
1354 498 38 38
1076 926 32 50
810 490 42 34
1076 518 42 34
1096 278 36 40
420 548 48 42
1048 200 60 38
228 788 40 34
702 626 38 38
1648 656 90 36
1518 406 36 36
732 648 36 40
1826 764 70 44
842 380 40 38
162 742 64 32
598 400 42 42
18 160 84 54
1036 882 40 36
720 694 50 28
1846 636 48 42
682 578 44 36
1200 434 46 32
1392 304 64 36
888 406 36 48
472 638 38 56
810 650 48 30
90 898 66 36
180 904 38 38
538 434 38 38
1808 848 62 36
1460 254 50 40
1118 270 36 40
592 578 66 32
1570 988 60 30
816 334 38 42
766 536 48 30
1480 442 44 30
1822 416 68 44
478 388 50 38
92 850 52 40
664 542 42 38
596 344 48 44
408 710 32 38
1106 910 32 48
390 496 36 40
378 912 44 46
1354 484 42 30
908 990 54 36
716 604 36 36
1218 2 40 34
1498 314 46 32
1200 218 58 42
398 660 40 42
426 504 44 30
400 432 26 34
222 752 44 28
1456 298 44 30
182 782 40 34
1186 182 32 44
440 706 60 36
136 626 80 34
1686 614 62 36
884 744 46 30
910 718 36 32
260 818 44 40
1674 230 94 44
1638 754 56 38
442 648 32 48
158 484 42 42
368 798 32 44
1182 80 28 44
1040 974 46 30
354 426 42 28
1790 686 64 34
1676 796 54 44
578 62 74 44
880 706 44 30
1264 846 54 40
1676 672 68 40
1088 728 38 36
694 596 42 38
406 508 34 40
578 214 32 44
800 518 20 42
1522 460 68 38
1106 432 46 30
1096 474 36 40
1184 440 36 36
