840 632 50 64
76 330 80 62
1240 214 76 52
768 572 48 60
618 256 64 76
246 406 76 52
666 426 78 38
1074 516 70 78
828 446 74 44
760 432 54 52
1062 8 64 68
1300 50 56 68
56 634 80 60
726 678 74 38
986 8 58 66
190 720 68 42
610 134 64 68
1402 108 76 48
374 676 72 48
220 50 72 90
752 386 56 40
274 302 72 40
1298 0 74 52
922 728 64 40
1278 436 54 58
164 322 66 56
1210 120 54 70
1640 662 64 54
1092 636 44 66
1220 268 66 60
1046 192 68 50
42 712 76 52
1782 848 78 84
788 120 76 42
762 334 68 38
1342 68 62 92
982 734 54 52
12 154 90 74
788 288 64 40
290 808 64 38
304 948 68 42
194 670 72 34
292 886 80 50
662 998 52 62
644 958 54 58
116 962 100 44
54 788 98 50
1314 674 36 48
1186 270 48 72
1208 388 62 60
1036 732 66 48
594 716 60 44
698 522 54 58
1248 382 52 56
1176 466 76 44
1238 924 36 42
1282 642 34 52
