916 408 38 34
1066 368 42 34
900 310 44 32
996 356 38 36
804 98 36 38
180 552 42 34
990 234 36 40
822 406 48 30
1100 626 42 42
1108 648 40 36
1098 542 38 36
1082 616 44 38
700 68 38 40
1192 234 34 46
312 580 38 38
1686 74 66 52
1182 620 38 34
1088 60 42 28
1062 194 42 32
308 560 40 36
852 202 44 38
134 314 42 32
1118 228 36 40
682 256 40 30
1480 346 52 40
910 594 38 36
1070 230 42 38
136 274 40 36
1152 664 28 46
996 274 40 38
244 180 38 36
1044 644 48 32
244 254 50 26
60 312 36 38
178 260 50 32
1220 402 32 44
1006 472 50 32
1718 166 50 60
1116 798 32 40
934 70 38 36
1008 418 50 30
1060 692 44 30
1004 338 38 40
592 122 46 24
922 120 42 38
1084 662 46 32
256 562 40 34
250 576 40 40
1192 450 46 32
90 544 44 30
1110 254 32 40
954 690 58 42
1216 920 40 34
134 396 42 34
1296 2 52 20
1020 526 40 34
84 640 44 26
764 44 38 36
378 526 50 24
1166 926 30 44
1650 566 78 42
896 788 30 44
212 120 56 22
118 338 42 30
346 428 38 36
740 816 40 32
1676 264 70 48
612 820 34 52
1070 680 48 28
168 66 36 38
1014 316 44 34
1108 506 42 34
1660 712 56 48
1310 604 42 28
70 378 36 34
134 552 42 38
598 404 30 40
184 612 46 30
1772 818 70 30
1188 94 36 40
430 4 42 28
890 60 50 20
1010 302 44 30
1646 746 72 42
226 560 44 30
118 128 36 38
126 480 58 32
1828 746 54 42
308 388 38 36
128 684 50 30
214 298 40 36
1104 120 42 28
178 294 48 32
1102 206 46 28
600 388 44 36
320 598 38 32
964 640 46 32
594 22 30 44
1040 332 46 36
972 586 40 30
620 872 38 42
288 2 40 28
1868 460 32 32
