748 244 104 88
970 514 66 120
926 746 82 106
1494 738 92 100
1078 594 84 96
1350 810 84 100
626 542 118 62
1230 598 78 116
1678 58 120 84
868 120 92 56
1356 530 110 82
1346 300 112 86
954 650 106 90
1104 856 94 96
1034 648 96 94
1336 62 80 88
1222 542 120 74
838 702 108 84
1412 702 94 96
1446 274 116 86
1008 70 76 118
1240 32 72 110
1320 418 110 88
1002 414 116 80
1232 216 118 86
412 702 92 90
716 136 94 106
1586 244 136 80
594 200 104 80
744 744 112 82
702 334 94 108
1250 912 92 90
436 16 138 66
828 860 70 108
736 506 112 76
1506 372 98 84
874 298 64 118
1586 500 118 72
900 874 100 100
646 592 126 76
126 196 80 118
1072 48 90 56
1710 300 128 98
1318 718 66 112
1134 494 88 92
374 896 98 94
590 358 120 88
668 674 110 84
618 650 90 102
1334 642 92 96
1416 122 108 70
1264 126 96 98
614 292 138 74
1320 892 126 88
1380 600 86 102
906 392 74 90
414 286 156 72
1470 508 92 100
794 538 120 84
508 212 66 92
1246 300 66 114
1412 414 122 88
448 86 112 90
472 930 76 108
832 480 134 78
1548 536 102 88
676 856 80 108
1274 362 98 90
318 30 116 78
1416 184 94 102
806 640 78 104
412 334 82 108
1662 454 78 106
1604 324 128 74
1562 120 96 70
746 816 82 108
1542 698 118 76
610 86 76 114
266 568 122 76
842 220 122 84
1428 794 98 88
442 618 112 64
1446 616 122 72
858 158 110 84
834 16 88 94
324 708 86 108
46 966 88 68
1230 730 86 90
1506 232 90 98
632 788 122 78
746 26 82 106
764 376 126 76
1048 908 98 90
148 844 84 102
1596 12 108 84
1666 608 100 92
486 838 88 96
994 22 106 46
198 308 198 76
1072 80 106 76
1060 130 114 88
1060 450 118 84
1150 60 76 64
664 86 102 66
1398 60 80 100
640 166 98 98
1776 120 90 78
1568 644 120 82
968 288 82 116
400 100 38 108
1076 264 84 106
44 772 114 88
1240 458 82 94
1576 756 102 74
1134 294 78 126
1454 854 78 100
760 116 110 76
988 868 70 122
400 220 42 102
8 228 108 92
1550 172 118 78
254 926 140 74
1526 60 80 60
1150 194 70 112
1520 914 94 100
1020 272 72 106
442 158 104 90
1594 902 92 88
174 14 126 88
2 110 116 78
756 574 84 74
1596 590 96 74
262 0 130 48
40 858 126 74
1502 116 86 116
36 686 94 70
24 412 100 58
738 982 110 76
20 60 172 70
1692 986 98 66
422 822 74 96
16 8 86 84
350 120 80 104
170 160 124 92
1718 702 76 106
1718 538 118 88
1666 418 154 72
734 906 118 80
606 502 88 58
400 628 90 82
468 518 110 78
156 468 104 92
1606 824 104 76
772 618 70 100
400 480 80 84
956 950 96 98
1388 962 88 96
622 826 56 126
466 60 78 36
266 472 112 86
544 928 62 108
202 874 102 114
660 52 98 62
400 788 64 98
0 310 60 80
828 406 96 84
510 60 72 58
232 796 150 70
510 722 74 100
664 968 84 90
1154 768 64 78
510 336 74 88
294 834 86 94
1648 730 90 92
