974 404 102 72
1346 472 68 118
826 518 62 116
102 258 106 86
1330 838 98 94
1578 100 98 94
950 330 92 94
738 658 102 72
1502 608 88 92
960 470 116 72
896 16 94 102
928 112 104 86
966 532 118 66
968 22 122 70
958 592 106 80
836 688 84 98
1248 386 80 120
1448 218 122 76
1064 342 124 88
876 480 84 96
32 850 174 76
990 882 94 82
1268 168 136 72
920 216 108 80
1422 526 114 84
1020 218 130 72
1048 416 124 72
836 930 74 112
1078 508 88 100
1364 120 112 78
1070 134 82 110
1554 940 90 100
1382 936 76 110
736 278 98 82
974 664 74 106
1012 132 52 136
1076 800 106 94
766 740 108 82
622 274 114 78
1224 568 76 106
1216 750 80 86
616 134 112 78
400 438 128 60
900 590 86 102
1542 272 126 72
628 732 94 90
1390 738 124 82
912 276 82 98
1282 642 82 82
1650 670 84 102
1542 516 90 84
588 84 106 68
682 680 74 100
1052 714 130 74
450 836 104 100
874 378 78 104
476 578 88 104
786 40 70 112
414 784 98 92
808 360 86 104
1344 438 144 64
446 128 124 80
476 720 74 112
930 880 86 106
492 314 80 110
390 498 74 116
1002 744 72 132
684 882 80 102
1320 354 68 104
1468 938 92 90
1252 686 84 106
96 50 128 64
786 182 68 112
1670 778 92 98
442 658 120 76
1440 830 92 88
664 18 92 86
400 656 74 90
1276 242 106 72
1590 698 82 106
1480 120 118 78
578 60 92 44
628 824 90 92
722 122 96 88
1252 798 88 100
300 568 98 100
1532 792 70 108
900 678 86 106
1230 56 112 84
1050 912 124 78
14 118 92 66
616 202 130 80
400 862 70 94
1038 262 130 76
1288 20 100 78
108 660 136 76
1258 292 78 114
1644 580 80 90
46 966 90 62
0 188 124 76
1080 70 96 60
1586 334 96 90
1124 584 94 84
0 778 78 86
1316 60 62 60
1316 922 64 116
1532 356 68 90
1478 350 70 108
260 368 144 52
628 912 72 98
34 682 98 68
0 912 70 86
382 342 114 86
610 602 118 82
1464 18 102 60
222 466 100 82
22 408 100 68
298 740 130 74
1364 250 76 118
1614 406 82 100
234 246 156 68
1150 296 72 114
1410 60 126 66
1644 484 96 100
308 892 86 106
768 456 86 106
142 112 108 56
44 778 124 86
154 414 104 92
1558 586 104 90
168 166 70 112
678 336 102 96
1174 22 60 94
216 132 126 70
192 0 116 90
1642 144 118 74
56 0 102 46
1078 120 82 36
1720 650 94 84
1748 382 80 118
330 66 92 96
616 456 74 108
630 346 86 82
1716 580 84 76
490 204 88 110
1478 692 120 92
1754 98 104 102
0 242 46 116
2 40 106 56
278 312 122 78
1704 250 104 98
1714 730 92 90
616 658 106 66
412 66 116 74
260 434 154 70
1478 298 98 76
1786 24 88 84
1088 24 96 52
596 566 64 84
58 502 112 66
1716 928 92 70
1696 170 98 88
182 324 118 66
466 24 98 66
1706 860 118 74
590 320 64 84
1594 842 104 74
1748 540 68 66
