912 588 88 68
868 336 90 56
1056 534 104 56
962 516 86 64
1234 198 54 112
1088 360 70 76
1394 346 78 88
920 916 94 68
608 224 132 58
792 852 84 66
686 592 116 54
1118 196 82 90
1066 138 92 64
1328 132 98 96
308 610 116 70
778 662 88 64
834 514 98 56
306 228 116 68
1232 414 144 64
710 344 96 64
1432 180 86 80
934 812 68 70
1050 266 100 60
700 262 74 66
8 218 102 68
786 254 60 98
1338 290 112 70
1232 84 94 68
18 316 84 72
1460 250 84 68
1428 426 100 64
1512 610 82 84
226 324 84 68
922 752 112 56
816 402 94 56
810 614 104 56
1470 372 94 62
888 432 66 94
1590 596 92 74
1232 650 100 56
1128 612 62 76
1530 322 120 54
1502 508 96 76
610 700 136 62
242 70 100 74
1034 80 74 64
1232 352 56 80
452 884 128 58
1080 856 90 72
1098 68 72 78
1220 708 112 52
712 100 84 102
92 54 122 72
118 214 88 82
304 326 90 70
1606 410 80 50
684 842 70 80
1686 310 94 52
1104 748 88 64
1402 120 80 84
1074 712 84 46
338 158 112 76
1656 794 80 78
948 864 102 62
1330 56 102 64
880 58 94 72
1660 704 100 58
1722 244 102 66
1592 180 68 72
1642 248 88 62
416 466 82 68
1722 792 78 72
774 990 80 62
508 636 74 74
1368 798 80 54
356 120 80 36
66 954 94 68
88 830 98 70
92 772 94 56
1416 656 76 70
1078 660 84 54
1228 464 52 108
612 130 108 86
616 612 66 52
1638 546 68 70
1576 98 96 52
1638 162 80 52
1532 256 74 62
86 302 114 84
1748 338 68 68
626 838 70 96
1676 600 84 48
220 760 80 94
114 646 110 64
20 882 88 84
640 922 88 62
992 974 72 70
4 14 100 90
1152 324 62 72
1554 24 102 80
668 60 74 62
1036 28 66 54
236 2 92 78
58 686 98 62
1706 530 70 70
40 122 100 68
1464 20 58 54
1506 74 70 80
604 558 72 54
450 586 84 48
492 512 68 56
336 54 94 98
502 18 64 58
692 472 96 62
166 734 74 92
1562 822 66 52
418 358 104 82
622 480 64 56
260 446 104 38
100 518 94 60
18 760 86 92
1698 16 126 84
1174 740 42 120
510 596 72 56
158 538 124 74
176 174 86 84
1230 834 72 88
