974 278 88 74
1330 274 96 84
1128 756 72 108
1372 388 106 62
1226 618 84 86
1610 184 112 70
934 772 108 74
1714 184 102 66
984 828 104 64
1246 732 74 74
1086 234 102 82
1242 546 108 78
1394 230 76 80
1672 558 118 56
1042 872 96 62
1402 182 96 60
1628 498 122 62
1224 470 86 92
500 200 80 100
1230 408 112 66
1546 570 114 64
1458 704 114 70
1484 916 122 68
794 936 88 76
1614 82 104 88
1140 326 76 66
664 888 90 80
1428 458 100 86
1652 364 76 80
1054 160 94 82
1530 14 118 86
1602 908 102 72
222 166 126 66
1540 514 142 64
760 286 74 92
506 48 70 110
1642 280 104 82
852 306 84 94
320 338 102 90
1342 450 94 68
428 748 132 88
44 226 104 78
924 568 100 58
1386 862 100 72
360 260 124 68
690 388 82 90
22 614 104 58
438 14 130 56
332 88 104 80
276 510 102 86
1744 332 102 76
1326 800 80 104
1406 596 88 94
1676 652 84 98
996 930 88 82
894 496 64 86
1632 828 96 82
0 228 54 88
1546 324 102 66
760 888 90 72
802 376 72 90
1576 388 106 60
606 130 92 96
610 236 68 76
252 68 88 102
764 490 82 84
160 496 90 104
1062 922 76 78
1690 228 94 86
1496 590 86 98
1748 616 82 106
1216 120 112 58
388 600 102 82
12 886 86 82
18 116 108 74
164 132 84 98
198 310 140 70
26 0 98 88
400 178 68 88
1152 680 78 72
1570 248 84 92
1356 938 90 76
954 472 96 108
14 506 104 58
620 480 130 56
16 60 112 40
230 222 134 76
0 818 50 94
1154 940 54 80
592 60 76 86
52 686 82 62
822 486 80 80
