940 536 110 64
950 784 116 68
1072 348 124 72
1030 218 98 82
1016 288 110 62
1122 582 88 90
1230 166 116 72
1028 636 124 60
1218 694 114 50
642 126 90 110
1116 178 72 98
962 428 112 72
1096 456 82 118
1514 852 92 82
666 48 100 84
1086 840 76 106
354 644 82 104
1300 582 82 84
598 348 86 76
838 282 100 84
898 690 84 98
722 332 74 110
1404 674 100 76
1340 460 78 80
1324 902 132 70
1376 392 82 74
1364 302 54 80
136 182 94 94
964 904 80 84
940 350 72 104
1148 812 56 114
182 744 90 94
1078 102 74 90
686 692 76 84
1628 956 106 58
1470 796 72 110
420 588 136 66
1524 246 88 98
888 856 90 90
1054 702 114 72
1212 562 84 72
234 56 122 72
1582 392 104 64
64 764 106 88
1666 106 110 68
1492 140 106 86
140 326 96 84
1450 582 98 84
686 786 112 70
1220 476 98 70
176 918 114 72
452 320 134 78
1680 664 112 100
886 388 82 90
918 60 102 66
862 470 88 82
1118 22 74 88
1516 604 110 88
1536 510 114 84
628 652 84 94
376 316 86 96
1228 764 96 66
836 60 98 92
1230 368 90 70
20 114 104 74
500 70 86 70
738 636 104 56
1500 350 72 62
1394 518 122 78
1500 964 84 92
682 516 88 62
310 244 124 68
722 244 82 110
1054 934 110 76
1224 310 48 90
1246 622 70 76
760 504 74 68
626 738 84 70
700 574 108 50
1278 796 98 68
1288 244 98 84
1706 462 132 68
1386 754 132 62
1400 272 78 98
1438 366 86 64
820 522 72 102
88 6 74 116
458 978 88 80
1382 812 96 86
132 864 128 76
1614 536 134 76
348 20 94 90
1626 302 96 86
738 886 96 88
596 156 74 94
1688 582 102 92
1326 130 84 74
682 458 84 62
334 518 92 104
1636 162 114 84
30 840 94 94
230 220 94 92
1690 60 102 56
374 944 128 72
1248 432 84 46
746 448 102 56
452 472 112 60
658 872 94 68
400 118 54 74
4 258 82 104
824 388 70 98
132 982 122 62
1654 808 82 98
436 896 102 66
1752 182 100 84
620 836 84 70
1232 110 140 62
334 780 120 78
372 854 92 78
1304 384 56 60
0 472 100 90
1226 872 68 106
0 0 116 44
606 564 58 94
1172 60 62 62
610 774 54 78
358 490 132 66
544 744 56 100
786 592 88 54
1726 794 92 104
42 556 158 54
492 160 84 110
508 374 86 66
76 490 116 104
292 178 156 68
1774 24 90 76
436 812 76 94
1168 140 48 66
1692 244 130 84
44 954 106 84
1218 18 64 88
0 178 90 82
664 936 74 82
1640 748 148 66
774 368 80 98
46 696 92 64
0 760 76 66
38 412 88 60
800 616 62 72
284 136 106 68
42 606 166 72
