950 422 78 52
938 184 82 74
868 140 58 86
668 606 78 62
966 634 54 78
750 428 88 56
788 286 84 58
1602 690 88 50
786 538 78 62
930 826 70 78
860 484 66 72
1322 342 76 68
1632 542 88 48
1100 198 60 96
868 604 78 76
416 788 94 66
194 844 84 78
748 796 66 98
740 174 70 84
1042 542 90 56
420 256 92 72
846 876 76 54
1098 476 84 66
1520 536 78 64
418 452 68 72
1314 508 58 84
114 626 96 80
1388 572 90 62
744 896 74 62
406 740 90 44
1556 416 94 44
1448 192 74 90
1290 198 64 80
198 204 104 68
1470 710 90 58
1104 630 84 52
794 718 72 54
1670 770 86 64
766 656 72 52
480 336 76 72
1454 452 102 42
1718 608 76 104
1672 332 94 52
1166 570 50 80
800 54 96 54
1586 612 76 78
790 110 72 58
732 60 60 86
606 380 86 62
1514 190 102 54
1240 52 66 86
1536 874 120 54
1630 80 76 80
1584 314 96 48
824 746 70 66
1226 620 74 66
1002 690 60 68
1326 848 76 80
1022 60 94 70
1522 958 92 80
1358 238 74 86
814 962 62 80
348 782 84 72
400 170 84 84
1384 38 72 92
1072 682 80 42
1480 800 90 64
508 86 74 70
778 606 76 48
68 766 86 90
1332 730 66 44
1120 352 50 76
1232 280 84 60
1390 312 78 48
116 886 84 76
918 496 84 60
876 984 54 74
310 548 90 86
1058 364 60 58
1302 610 98 62
984 484 54 80
136 948 112 48
472 118 80 86
1028 404 64 62
1626 216 100 52
518 886 76 58
1154 316 56 96
1076 124 74 56
1486 250 70 78
294 440 70 66
1054 716 68 60
1352 776 88 54
982 348 78 58
1524 100 64 88
1442 492 88 82
1508 298 90 48
1668 152 82 56
1126 884 62 62
504 506 88 48
1694 384 80 56
414 366 86 60
1614 170 64 68
58 860 94 86
1600 990 86 54
324 382 78 60
1658 806 60 72
620 134 98 66
202 662 96 90
1406 968 70 62
1230 466 60 82
1122 68 66 74
1008 292 90 48
1718 294 82 64
14 196 78 82
76 190 80 76
528 166 58 86
1730 86 76 64
640 20 78 54
598 300 64 44
478 944 104 58
514 564 88 84
484 26 92 56
1542 350 80 54
660 470 74 50
1690 982 82 60
616 822 56 90
1040 254 78 52
1570 118 58 78
1252 758 68 52
1174 38 52 80
106 214 102 76
606 168 66 80
322 96 56 84
128 466 126 62
622 868 96 88
1678 20 106 64
1456 774 74 38
110 504 106 50
624 974 114 86
1082 906 64 52
296 924 134 78
68 950 88 68
62 510 70 58
1064 962 90 44
266 94 66 116
1250 708 68 48
122 998 124 56
1832 630 68 72
406 78 80 76
606 766 56 72
1726 448 82 52
354 6 76 46
12 332 76 54
96 76 104 62
62 22 86 56
1334 984 78 58
58 686 98 62
148 40 82 50
1758 138 62 66
250 0 88 34
1214 748 56 74
96 742 130 64
1212 826 70 48
42 124 96 62
158 0 94 54
526 250 62 52
1172 864 50 76
238 380 82 44
