728 408 44 30
202 658 38 34
592 168 40 32
698 210 36 42
870 332 36 38
214 704 44 34
948 476 32 42
976 174 38 36
826 230 42 36
642 212 44 34
1106 660 34 46
760 280 40 34
700 316 48 28
624 296 40 32
348 598 38 36
382 750 40 34
284 312 40 32
428 394 42 34
286 168 38 36
850 190 36 40
154 328 48 38
904 550 46 30
1038 274 34 38
1708 178 56 54
228 476 44 36
762 312 44 34
1308 68 56 50
418 642 34 36
890 256 52 26
864 122 42 32
214 534 46 28
172 884 60 44
332 366 36 40
900 306 38 42
400 358 22 50
1366 670 50 26
1816 796 70 42
432 774 38 42
1546 250 38 42
754 814 44 28
1112 550 32 42
266 120 44 30
102 392 38 36
1202 210 38 38
382 530 48 32
828 716 48 30
1202 632 34 44
504 254 44 34
850 870 32 36
1674 280 74 38
1058 152 42 32
412 190 56 32
374 360 40 38
1232 130 50 54
410 540 34 36
400 780 24 38
48 294 54 38
796 802 42 38
92 566 42 30
940 506 34 40
1654 356 76 34
98 460 40 34
1016 384 58 28
52 564 46 50
1454 676 54 22
152 146 46 44
1676 140 82 38
176 770 44 34
1820 502 62 34
1098 192 36 40
790 850 36 42
1202 0 42 24
1656 554 78 48
768 1000 44 30
364 64 32 38
440 702 38 40
986 964 40 30
482 700 58 40
74 350 44 26
1028 942 42 28
822 858 36 38
1170 808 40 28
1826 758 66 34
1844 358 52 42
1034 856 44 28
582 216 32 36
118 526 44 32
