1410 216 60 82
200 286 64 58
190 908 68 58
1718 158 82 70
1442 390 62 54
308 922 60 62
908 638 62 40
1608 86 82 58
1642 124 90 58
422 28 54 72
776 276 54 56
862 552 74 42
1634 698 80 72
1286 454 76 44
998 56 54 68
1550 264 70 60
852 258 46 60
1294 134 84 52
28 524 80 40
886 72 56 66
220 966 58 60
208 586 74 40
972 464 50 70
1052 194 62 48
966 782 60 42
176 626 62 54
1704 272 72 44
1000 288 66 42
1230 868 52 64
1054 336 48 62
786 476 68 42
786 348 46 52
854 398 64 38
46 624 66 70
1590 934 78 42
1094 236 48 64
82 836 66 56
888 310 58 46
432 244 64 44
966 330 48 56
370 974 64 48
942 448 44 66
1548 722 80 40
328 676 50 60
946 246 44 56
1300 670 72 36
1236 366 72 34
806 72 62 44
1218 806 42 58
284 678 52 58
94 252 86 44
1186 440 74 42
572 434 64 42
30 368 92 44
1088 386 58 58
20 328 78 38
582 738 84 40
482 808 52 62
1050 152 64 38
102 348 72 40
1174 690 74 48
238 42 68 52
1074 534 66 42
1040 746 68 36
670 590 46 52
112 500 70 52
1208 184 62 50
760 610 46 62
1198 290 60 40
70 898 88 62
502 288 54 46
1560 686 80 40
440 698 74 34
730 472 50 46
1620 494 110 38
1184 120 60 56
582 606 62 44
680 422 48 36
430 818 52 56
836 16 48 64
1016 884 52 50
1248 310 54 46
1260 122 50 58
830 366 56 48
922 892 84 48
726 560 70 36
652 462 54 50
1172 776 58 42
1332 794 60 46
654 688 66 42
470 744 60 50
232 106 56 54
96 668 86 36
1654 568 82 62
1656 370 62 54
1084 902 60 60
428 146 56 50
1606 228 86 32
1334 752 66 36
1040 806 48 52
476 652 82 42
658 546 60 38
1278 292 78 38
998 966 60 52
154 478 66 36
1048 508 64 40
1082 656 56 56
172 554 60 42
1126 376 42 70
1210 18 68 56
1064 858 40 68
1606 260 56 56
590 70 86 72
1184 232 46 62
664 726 52 58
38 708 88 56
1654 178 72 46
1580 440 66 42
12 154 88 64
1556 380 68 38
444 190 56 40
508 334 54 44
14 252 82 48
1598 406 58 36
1104 610 50 46
502 978 60 48
1592 200 80 36
762 696 60 34
32 456 84 38
574 300 42 74
918 914 56 46
1196 400 58 44
1160 924 40 60
1168 378 40 64
508 846 52 60
1132 240 36 72
1092 790 48 88
1198 70 54 62
506 924 66 52
178 496 68 44
92 66 80 50
812 708 66 32
512 372 52 64
478 0 60 64
1676 856 68 60
1626 316 80 38
1330 692 52 44
1206 62 52 20
584 956 62 44
500 242 60 42
438 790 70 36
1706 458 58 48
1152 656 38 64
1814 504 84 40
1158 538 38 70
