976 532 104 66
968 474 106 56
1116 460 66 92
996 710 78 104
1634 192 114 68
1086 596 94 58
1234 840 80 80
1692 470 98 62
1234 120 112 64
1126 856 78 96
1576 518 98 68
1056 660 112 52
1090 234 86 80
892 160 76 110
1330 920 100 74
616 192 88 80
684 356 96 76
1550 370 116 86
484 380 110 72
1224 60 70 90
1254 454 106 64
960 332 54 92
336 588 144 62
1242 380 100 74
1054 418 68 90
1628 572 106 62
288 328 160 72
1000 316 72 98
1386 522 110 80
1238 186 114 92
730 954 92 70
1280 590 84 88
884 406 74 90
918 764 100 82
774 382 120 64
768 520 98 80
1676 528 100 64
1356 660 102 62
868 496 74 100
1256 530 120 70
1424 802 82 90
226 528 114 82
836 808 96 90
1046 272 76 100
1542 778 102 58
1714 206 80 94
1148 766 58 78
1370 338 110 70
1522 468 74 92
1140 314 68 98
738 642 76 96
968 114 102 70
1566 700 90 88
1384 454 106 74
664 614 110 54
710 876 104 70
222 464 110 66
674 812 100 84
350 640 94 88
1222 316 96 64
1406 188 80 72
1222 486 56 92
412 904 102 62
366 526 110 60
432 760 132 70
1534 50 106 78
1376 248 78 92
746 144 76 100
730 730 120 68
1380 722 92 76
1376 60 88 70
768 60 98 60
1088 338 72 98
1644 704 84 88
1294 250 92 82
182 422 100 62
984 800 96 82
1480 512 80 90
92 240 124 72
210 230 128 74
632 504 104 62
1438 384 90 88
480 682 88 98
1598 148 118 68
1416 132 96 66
1462 236 134 76
326 468 110 76
1076 934 90 66
644 564 98 68
718 476 86 50
862 876 92 70
742 74 68 84
978 188 94 90
1524 826 96 70
898 948 62 98
950 946 72 84
1426 624 92 66
1242 712 66 74
498 518 106 56
1058 708 114 56
632 404 78 68
1372 820 70 94
472 172 92 86
894 320 84 72
1466 696 76 100
500 236 98 76
772 230 90 92
800 286 108 64
622 642 64 106
634 126 102 62
990 864 100 86
1682 622 100 58
58 774 122 64
1486 598 114 60
430 58 126 74
20 118 106 72
792 918 102 68
0 208 134 66
1610 644 96 70
1698 782 90 88
976 52 102 64
630 886 84 96
400 740 42 100
442 998 100 54
1276 746 72 92
48 962 104 66
148 144 148 64
1416 926 84 74
122 748 132 62
46 688 90 66
330 120 98 42
34 404 96 68
348 4 84 76
1716 120 116 68
1248 962 78 94
1218 596 78 100
1146 38 74 58
520 328 80 66
430 822 94 88
648 746 96 66
1076 72 78 74
84 616 112 76
1620 308 126 82
1480 22 98 52
406 142 96 68
154 486 108 84
24 4 92 98
498 914 90 96
466 586 128 64
638 68 90 66
24 286 92 96
1696 668 112 56
16 486 124 62
1692 940 98 52
172 830 102 96
188 0 120 76
1154 684 86 58
616 760 58 86
1700 412 104 60
288 794 98 88
168 668 102 88
216 308 90 108
550 690 58 84
1730 12 108 64
680 690 86 64
1632 864 106 76
1060 22 74 52
1670 50 116 78
336 168 86 66
80 38 118 82
