428 622 100 98
1354 536 78 120
1252 160 74 112
810 802 96 96
854 712 84 98
1278 18 100 82
890 816 56 132
994 316 96 70
1528 150 110 84
1084 216 80 98
732 918 98 92
968 662 62 120
1438 652 114 84
1252 94 120 82
1450 582 126 74
418 314 104 92
1138 450 62 124
780 704 72 116
1298 452 136 78
122 468 122 80
194 16 136 88
1556 518 96 96
954 506 112 84
1554 726 92 106
26 178 112 124
940 388 92 114
34 8 150 92
774 370 150 74
1358 814 74 108
1068 370 98 84
850 494 106 86
1280 282 94 94
858 232 100 82
86 522 120 78
660 812 114 88
320 446 78 108
1658 172 110 84
636 904 84 104
736 172 132 72
192 256 108 86
448 710 116 78
868 588 84 100
944 840 60 128
610 60 158 62
512 844 74 112
948 958 118 80
134 182 132 76
844 306 118 68
1006 572 88 90
296 694 84 100
758 88 100 96
1512 754 74 112
1332 630 98 98
1238 760 58 150
916 120 86 94
660 522 108 74
1338 60 108 72
372 148 96 96
1048 710 126 76
712 14 96 86
1044 444 104 94
114 662 138 72
1366 120 124 80
1404 886 122 78
400 900 70 92
1406 180 134 80
650 126 74 112
1032 638 114 82
714 678 74 116
1074 154 84 96
736 298 80 104
836 420 122 86
1008 378 72 104
638 732 78 106
1242 902 112 108
1156 566 66 122
1582 330 70 116
400 464 98 90
732 236 116 80
1564 624 112 86
1226 18 64 90
234 502 96 92
1622 22 142 76
1070 780 120 86
430 936 110 84
240 794 94 94
1410 520 134 74
412 66 90 102
1672 244 126 78
1732 430 96 110
1082 572 86 98
412 238 116 80
400 796 74 102
988 216 88 86
1672 312 142 90
270 260 116 72
1362 766 122 78
940 206 70 82
156 714 152 78
1554 850 114 88
400 716 82 92
842 972 124 78
812 618 76 106
852 80 78 106
780 534 106 80
628 594 144 60
1550 956 96 90
118 832 94 106
1254 672 86 94
476 120 92 92
936 60 118 60
1368 254 136 70
622 468 88 96
656 660 72 114
590 134 66 88
1086 60 94 90
988 842 108 82
0 476 102 86
344 300 84 98
1022 902 102 80
1306 690 76 84
1218 994 112 64
410 8 90 96
508 328 76 108
334 60 94 102
1014 88 134 72
1092 284 88 102
1450 808 94 96
1062 942 80 106
1388 700 102 86
250 116 132 82
734 600 90 94
1468 246 116 82
1630 950 102 92
628 350 102 86
1626 780 104 88
756 438 118 64
498 490 88 82
1694 888 78 104
0 848 42 102
400 294 42 100
488 200 88 96
1652 610 120 82
284 352 88 96
1374 322 140 78
934 298 98 82
1154 840 68 92
746 490 106 70
1098 848 72 100
66 608 132 86
0 100 120 84
168 946 120 64
12 562 108 96
1154 18 72 84
606 622 112 66
1394 952 92 94
1444 24 78 104
460 426 86 92
320 792 62 128
978 138 112 82
254 184 86 92
1718 558 122 88
502 60 74 92
46 968 88 70
1650 486 96 132
614 840 102 86
1500 16 98 88
1710 772 90 68
522 944 82 112
660 394 104 82
736 60 62 50
34 686 94 78
62 304 118 84
286 0 132 62
52 762 142 76
