956 402 72 64
770 124 72 98
932 800 72 58
1442 328 76 68
764 734 102 50
1590 206 84 66
1126 214 62 72
1360 352 56 72
856 266 70 78
1066 314 82 52
338 670 82 86
922 338 78 62
1108 562 78 58
1260 388 60 86
1578 130 74 70
368 262 82 78
760 274 68 58
1276 578 86 56
644 614 82 84
1290 134 94 70
1074 692 102 42
854 824 68 84
234 814 100 72
356 520 78 58
1054 640 76 54
870 574 54 90
1358 710 86 52
266 552 108 40
1002 570 62 66
256 310 106 62
1126 504 74 50
56 226 92 70
1644 16 96 66
1000 522 68 44
322 870 90 66
448 24 74 72
1450 532 70 82
890 452 76 60
1620 294 78 62
744 20 84 74
1734 234 84 56
1112 360 90 48
486 108 114 60
918 562 54 74
762 336 74 46
1096 762 78 58
838 38 68 80
62 546 120 60
1606 596 62 70
1336 960 80 52
1648 664 86 44
1110 880 68 82
620 88 86 58
420 890 96 84
1612 752 86 54
1424 812 88 54
1218 744 86 62
1052 490 70 46
426 254 90 62
632 920 114 56
1680 228 68 70
322 592 84 60
204 220 82 84
678 22 74 80
1486 124 86 72
1232 670 92 40
328 4 98 72
1646 586 92 44
1534 666 76 60
132 692 110 46
1240 936 86 62
1218 346 76 52
922 962 66 96
782 484 82 48
808 530 82 52
634 714 106 56
1644 814 98 68
1726 296 70 52
642 816 102 56
612 464 78 62
1566 772 70 92
1686 346 114 66
704 318 70 40
1550 406 104 52
1086 404 86 38
1706 630 76 72
42 124 96 64
1092 450 74 44
764 444 74 36
682 370 70 60
1724 176 74 52
170 592 98 48
128 896 82 68
166 336 84 92
1222 216 46 74
616 24 66 74
1726 710 74 64
140 196 70 86
1690 926 98 46
522 182 68 74
628 202 90 54
1082 144 76 48
254 20 102 80
448 400 86 46
498 362 98 52
632 392 68 62
1212 604 50 62
1088 92 74 40
632 256 72 40
1742 138 74 52
536 808 74 68
86 624 118 54
1128 26 70 48
626 532 58 54
62 688 94 58
1684 498 144 74
1074 982 80 48
70 954 80 70
526 246 80 52
94 74 130 66
4 10 98 90
56 416 82 48
1586 446 68 60
1214 60 50 66
602 274 56 58
608 142 60 78
1688 964 76 70
64 774 78 78
1228 304 46 54
