994 496 42 34
888 256 44 32
1014 110 36 38
966 252 44 36
1092 256 38 36
996 168 36 40
986 390 36 44
402 266 44 34
350 718 40 34
994 524 32 40
1004 634 42 34
1676 340 68 44
1058 402 38 40
994 294 38 46
1106 536 44 34
160 742 46 30
1188 374 34 40
488 656 42 30
508 370 42 36
84 570 44 30
1070 540 40 34
530 162 36 40
468 762 32 36
480 328 40 36
1176 394 38 36
1060 434 42 32
502 138 36 38
1034 198 38 36
1054 370 46 38
522 142 40 42
766 86 32 44
526 382 44 36
1130 120 40 26
1620 184 38 36
144 774 46 26
530 410 46 28
500 124 40 28
588 60 40 24
1012 182 36 40
1664 570 78 54
602 120 50 20
596 180 44 28
444 494 46 30
1686 372 60 44
1712 266 50 48
492 200 40 34
490 310 38 36
536 120 42 28
1664 428 72 34
1280 198 38 36
618 372 32 38
990 276 38 36
872 162 40 34
606 256 42 30
1424 240 40 32
98 870 40 56
436 224 44 32
606 284 44 30
1656 538 72 40
600 204 44 32
176 774 48 28
80 364 34 38
