324 120 106 104
878 474 74 122
1570 488 72 118
838 182 68 124
304 564 94 100
2 784 106 98
4 280 102 100
1642 798 88 102
948 192 94 94
400 242 88 102
1452 658 100 86
458 946 100 102
736 306 114 84
1314 60 96 94
690 234 118 78
1266 328 64 130
1448 264 72 110
982 564 86 100
1028 254 84 100
1324 454 122 82
944 288 84 102
402 74 120 90
1110 300 92 94
696 674 74 114
1140 184 50 126
722 870 96 90
942 656 116 82
926 18 92 72
1082 158 62 126
110 466 92 120
1376 358 82 116
1498 368 100 96
1340 674 106 88
1114 782 104 82
190 2 82 114
342 470 78 110
774 674 84 98
1052 656 118 74
1260 700 108 92
1484 864 82 108
1146 518 74 92
838 360 76 110
1392 206 94 92
660 100 122 72
850 310 98 88
322 666 136 82
316 740 92 98
956 480 84 108
1592 364 86 96
1356 584 94 88
892 120 112 82
770 60 72 120
1534 130 102 82
1118 848 100 76
1668 720 140 72
890 910 118 66
600 150 82 100
302 228 76 130
638 922 82 122
636 354 116 82
1236 188 108 84
934 392 106 86
1578 630 120 76
468 704 102 92
1056 532 94 96
1388 150 146 70
200 528 152 76
482 152 84 100
642 512 74 114
1016 736 88 98
128 754 96 100
76 176 102 116
1626 152 76 104
1224 492 68 98
1220 594 86 94
1498 210 130 76
844 692 116 80
626 60 104 64
476 254 106 74
1016 374 86 96
598 752 80 106
30 564 120 108
668 426 136 80
816 60 116 62
80 74 150 90
786 404 80 96
1250 878 94 92
208 148 112 88
788 952 120 86
1586 288 104 90
842 834 92 102
422 502 104 92
1328 206 78 106
1118 34 68 124
1120 594 104 74
242 442 106 80
8 872 134 82
690 592 72 110
776 490 72 110
678 148 102 92
1550 812 98 86
414 874 124 88
414 800 124 86
166 668 116 82
1712 586 128 76
1716 870 84 102
746 576 100 86
584 74 84 84
490 632 96 96
600 626 66 94
1202 286 84 100
296 354 116 88
660 782 66 124
446 306 94 94
1450 20 106 78
1010 858 102 86
220 692 116 90
0 528 46 108
1024 926 96 76
962 778 82 114
202 816 138 70
168 260 124 82
934 732 82 94
606 246 76 106
400 8 80 74
1646 518 110 86
702 500 90 76
54 0 132 48
98 342 164 60
238 212 82 106
846 788 124 80
40 962 104 80
1564 688 80 98
1672 658 136 66
1354 878 78 112
4 108 100 96
166 866 122 84
292 2 116 82
400 374 134 78
1516 946 102 100
1226 748 68 124
1686 950 98 86
1048 60 86 82
698 782 98 90
0 488 128 82
172 406 106 72
1578 18 106 72
800 120 50 58
1720 498 122 68
672 16 90 54
1422 856 60 134
496 470 92 54
1228 958 104 86
26 686 112 76
0 0 36 102
606 410 74 114
1682 328 98 94
326 844 80 112
182 926 126 76
400 486 38 90
1688 60 110 70
1756 298 96 96
