1460 336 92 54
1102 210 62 74
946 152 66 76
330 516 100 62
818 626 84 68
874 356 66 88
928 568 64 80
922 860 76 56
1344 148 88 66
1132 324 62 88
778 254 84 84
1348 952 58 68
478 166 110 70
762 678 72 72
1566 518 58 66
862 196 60 94
1242 622 56 82
1070 700 84 42
1252 154 88 76
1434 584 90 76
970 420 64 86
1088 626 56 68
970 262 72 92
1350 698 70 74
1056 318 68 66
854 484 70 64
884 312 96 54
642 488 90 50
1682 720 92 56
466 26 92 68
716 572 82 48
1110 494 92 44
620 246 114 48
412 296 100 50
744 618 74 60
1156 598 54 86
1050 800 68 72
712 826 96 56
1390 50 92 64
482 614 108 62
1354 808 90 60
1016 168 78 80
486 864 122 70
776 866 76 60
850 812 80 54
1292 634 70 66
1248 44 86 80
666 366 94 52
1436 478 74 62
1656 610 88 78
110 446 112 66
1024 368 56 76
992 590 68 58
1592 362 118 52
1008 476 60 60
1424 906 62 70
818 772 88 46
1230 734 82 50
810 120 86 66
188 748 108 68
1514 22 96 58
1076 104 84 58
808 524 72 58
662 900 72 62
998 864 70 62
1078 566 74 64
906 922 78 54
1536 258 68 58
1608 276 80 54
1374 756 82 50
1256 502 64 62
1400 232 80 60
1236 282 88 48
1498 496 90 56
252 610 88 86
1084 388 56 70
204 668 78 66
1422 986 74 58
152 570 76 64
1630 114 76 82
694 56 68 70
636 404 92 40
1396 428 80 54
312 14 98 66
372 60 104 84
1524 738 82 46
1234 392 80 48
1096 734 64 70
980 534 80 44
1482 914 86 48
414 224 72 70
342 932 68 82
938 84 90 62
1228 334 90 52
618 644 78 74
756 468 80 58
620 552 80 54
1490 224 66 56
456 808 82 74
1226 562 70 56
672 754 72 82
1488 178 62 46
196 812 78 80
218 492 100 68
600 60 70 92
508 434 92 68
514 240 74 66
412 824 58 80
1154 852 56 54
218 252 100 92
1690 780 72 58
366 710 86 70
1260 790 72 66
822 944 54 78
328 122 96 70
768 96 74 64
1246 446 72 44
1536 142 96 66
1440 186 68 46
1030 34 64 58
1564 860 72 80
994 936 58 62
448 662 76 80
1672 840 84 62
700 524 62 48
326 212 108 56
598 146 60 74
362 656 92 50
1530 614 78 62
1508 666 84 48
1716 60 114 72
1522 790 58 64
1214 880 58 72
1472 806 56 76
1238 1000 66 54
1160 532 54 54
164 928 96 64
1658 242 66 62
68 60 104 62
624 1000 124 56
1182 760 58 94
1340 378 86 48
1642 498 70 58
504 498 100 46
84 758 106 78
604 274 84 66
1310 450 68 62
624 850 82 54
1260 928 70 58
22 304 102 66
1120 52 90 58
1706 446 90 46
344 844 80 70
268 916 82 88
1568 706 78 54
878 982 62 58
400 602 90 64
886 60 78 52
1360 28 68 50
1032 992 66 56
1822 732 76 70
132 980 114 56
1742 324 68 50
1688 138 110 82
1672 908 92 64
428 420 100 50
630 20 80 42
68 950 90 74
236 0 96 62
1808 868 64 64
630 736 52 72
608 560 52 74
528 710 72 60
952 120 66 32
48 118 86 70
1458 696 68 54
1156 276 56 50
78 230 96 98
776 420 60 40
72 866 86 80
86 598 76 88
1144 938 56 72
1816 666 66 62
1660 216 56 54
8 280 106 54
750 22 62 40
0 162 50 82
1660 982 104 62
