974 650 86 82
1024 530 112 76
1282 148 92 72
926 320 106 54
836 222 82 94
622 248 114 76
1708 734 96 72
654 818 84 78
900 570 96 60
1318 210 100 66
1318 628 108 50
734 316 112 64
732 790 96 74
928 200 76 76
1066 654 106 62
860 640 102 74
658 516 102 66
1342 750 80 74
1550 652 82 80
1082 458 102 82
490 444 76 90
1016 448 84 80
916 146 106 58
762 926 74 94
1134 586 64 100
294 566 116 70
1010 90 68 84
896 436 100 60
896 496 102 56
1442 646 84 88
1306 300 80 92
1458 558 106 64
602 462 80 80
1074 386 96 66
818 750 74 98
344 646 106 70
252 288 120 70
1326 676 84 68
1230 436 114 58
712 860 94 84
354 786 104 76
1672 126 104 64
684 982 90 78
878 756 80 68
630 330 126 86
808 852 80 96
900 842 86 58
930 370 110 74
752 620 108 82
1222 604 66 86
1232 720 92 72
778 148 100 72
1636 668 168 62
742 428 108 52
1014 216 102 74
1132 200 82 98
450 528 110 80
826 476 78 108
434 350 134 74
314 164 92 90
440 674 118 62
980 852 80 72
1346 922 72 62
1236 354 92 68
1400 714 76 80
1342 364 98 60
944 918 94 64
444 226 78 100
1000 748 100 66
642 892 92 80
712 144 80 98
1446 296 104 66
100 466 130 66
1526 162 132 74
168 102 108 84
1718 462 82 72
1484 712 78 70
1412 176 128 76
1108 878 62 88
1432 20 106 86
1242 658 86 58
1296 840 90 70
1674 60 90 60
1382 876 74 78
1134 776 78 94
102 410 156 62
1140 866 64 90
418 714 98 104
1164 16 60 100
616 650 84 84
1044 776 72 88
498 222 100 90
1556 930 98 64
424 916 106 70
54 8 104 96
240 704 94 96
450 608 140 64
1500 90 90 90
964 60 74 68
1518 872 76 88
846 60 90 48
1230 40 64 82
422 6 100 82
244 508 124 76
1090 68 86 92
882 978 104 62
400 288 64 74
1368 824 98 60
318 698 94 84
1602 742 92 92
1456 858 76 88
44 214 92 92
224 844 136 76
34 402 92 70
1218 866 70 106
1708 386 100 64
1704 608 100 72
502 784 112 74
1458 940 84 66
174 628 90 98
330 352 126 60
1562 438 86 90
1642 432 110 66
1354 980 72 58
100 886 120 82
1604 272 110 58
1566 820 92 64
20 112 100 74
1082 182 100 70
186 912 88 98
1274 60 64 64
1646 190 108 82
1560 290 64 92
400 64 118 84
62 474 84 106
82 760 86 98
42 962 112 66
1532 752 82 80
110 710 118 88
1658 524 86 90
160 18 112 92
520 120 68 64
162 210 170 84
1688 896 110 70
1484 376 88 92
1622 328 94 78
400 980 62 74
1324 426 98 60
1462 458 120 54
12 312 122 64
1656 824 82 98
1736 172 94 60
1168 318 48 84
1740 218 86 74
1734 528 70 80
32 856 98 94
308 0 84 90
1566 558 82 64
1578 878 92 58
1552 18 96 52
1520 26 92 86
652 24 82 68
544 918 70 68
242 0 94 86
1454 744 62 70
312 60 76 40
1750 50 74 62
94 338 126 52
544 336 52 72
1384 412 78 76
1702 798 106 98
34 594 138 82
600 148 52 94
40 686 102 66
352 120 108 52
550 654 56 86
