786 298 76 108
954 336 84 100
916 232 82 106
1076 174 82 94
1376 526 80 88
854 412 86 88
1222 720 80 98
866 582 94 70
1016 402 112 60
766 400 98 62
1540 750 114 60
1360 278 114 66
1490 876 70 94
1320 420 132 70
1012 344 114 62
1056 772 64 92
1222 368 116 68
1360 612 128 64
1296 874 108 64
1422 660 102 94
968 736 112 68
1442 66 124 70
1070 716 104 66
1078 440 70 100
1000 586 88 62
1132 596 72 90
822 728 104 78
1410 18 70 64
220 682 130 66
164 270 134 78
1468 18 98 54
806 172 84 108
1632 708 100 86
1226 186 74 116
1222 444 90 94
810 492 92 82
684 264 100 70
1028 892 64 106
1116 306 66 116
52 580 98 102
956 60 96 54
1476 550 74 110
1426 148 112 84
752 210 90 106
198 792 148 76
406 516 80 104
1278 490 88 94
800 98 88 82
1216 314 68 98
1060 120 116 62
1450 316 110 64
1606 954 98 94
1214 874 90 76
1058 642 106 64
688 122 88 94
1108 476 84 102
394 708 88 104
744 576 76 108
686 526 116 60
934 876 94 82
1088 880 62 112
1292 60 120 78
1070 22 108 66
1278 816 96 64
606 146 94 92
102 834 98 88
1246 928 96 58
802 606 82 64
1420 864 92 80
1330 314 88 104
778 654 78 114
604 540 90 116
466 744 108 74
672 410 88 58
1242 124 106 100
1616 398 78 70
496 370 92 82
1426 348 106 94
622 294 120 68
122 744 88 94
30 404 90 68
1424 212 86 88
1160 282 56 124
1470 780 82 90
676 840 102 80
670 564 98 80
1608 150 136 70
894 624 104 80
470 152 86 98
224 60 88 112
1698 220 110 94
642 60 90 32
1644 858 96 68
260 142 136 74
1548 182 104 68
1726 738 92 64
1088 972 64 84
1158 862 56 82
680 682 124 82
1614 322 72 78
620 792 132 80
966 950 70 98
16 112 104 78
1298 572 84 86
992 630 78 70
148 590 156 68
914 722 82 64
160 516 140 72
1628 620 110 76
502 670 86 84
1162 20 58 100
196 740 136 60
130 152 134 78
400 188 82 92
522 844 78 96
1358 786 76 108
1542 48 132 74
480 22 94 78
1616 214 84 102
444 460 122 80
968 670 70 88
1622 18 104 62
94 82 130 72
1544 290 104 68
1618 500 136 70
174 206 128 72
596 348 84 104
878 878 80 86
36 304 118 80
0 6 82 82
1762 10 96 86
514 242 68 84
1678 46 92 72
418 804 108 66
1708 330 110 76
1688 120 100 58
486 92 80 74
1592 566 150 54
314 500 110 76
322 830 110 98
1428 792 64 90
512 958 90 80
1710 612 90 92
724 930 88 90
1218 602 66 80
128 942 124 82
0 174 46 94
190 344 106 64
460 270 90 102
68 18 134 84
302 262 122 76
362 74 72 86
676 466 90 56
42 958 98 70
112 646 132 78
400 822 40 92
810 936 94 98
86 496 132 46
776 818 74 122
1262 596 70 94
1344 968 82 88
294 592 94 110
102 348 110 58
278 436 110 52
408 858 112 68
1692 894 100 74
428 78 80 68
430 374 98 78
838 22 92 46
0 506 76 92
1294 22 88 44
770 466 90 68
102 454 120 70
1540 236 106 54
918 956 60 92
878 784 112 64
1708 786 112 72
1524 778 92 84
286 0 138 78
