972 952 94 90
962 462 124 66
958 214 116 78
1038 616 90 100
166 576 142 62
1238 514 106 68
832 264 80 110
924 712 72 92
1060 476 124 74
868 16 86 78
972 152 104 66
1252 776 88 86
750 582 98 90
1588 528 102 76
914 320 62 108
1492 408 120 70
976 20 114 54
1008 712 86 82
1116 744 76 96
1068 134 88 90
630 686 100 96
1310 74 112 68
1272 458 112 62
1604 302 142 70
748 228 102 78
1086 210 94 70
800 696 62 86
1422 20 94 90
1570 190 116 84
1420 740 112 70
756 498 82 88
826 834 122 78
1256 216 96 76
1394 462 78 96
1472 212 90 94
896 96 102 82
874 434 104 74
1230 362 96 78
50 954 100 72
1298 854 80 80
660 214 102 90
240 602 178 66
744 16 80 84
770 108 80 92
1282 626 110 76
1040 916 102 78
1250 692 94 88
2 484 108 98
1016 292 110 74
952 608 80 108
20 114 102 74
1062 404 94 80
692 158 118 70
1040 812 82 102
1510 120 90 72
462 702 98 104
676 598 86 110
1096 838 118 86
1600 442 96 76
314 252 110 78
242 428 84 106
1224 554 84 100
1630 120 98 82
1592 914 92 94
956 334 82 104
6 286 100 88
664 810 120 92
714 296 106 90
1216 842 68 90
844 126 76 108
850 770 112 80
1704 48 134 68
32 404 96 68
608 270 70 118
632 542 84 108
1142 298 66 106
356 842 132 82
1656 674 128 68
852 634 102 90
1480 472 120 86
632 18 110 58
94 584 94 100
416 634 128 78
824 488 76 114
934 796 96 88
798 906 80 114
800 60 76 72
656 494 114 76
130 42 106 90
604 138 82 100
882 498 94 88
280 502 88 108
1592 826 100 92
236 66 82 106
712 714 82 102
490 166 96 94
178 634 104 96
1528 758 68 116
1458 318 118 66
476 892 112 88
658 298 80 108
1330 672 106 88
1078 352 86 74
916 536 88 110
764 372 78 92
442 120 116 62
1494 856 92 96
1708 606 104 80
10 766 98 80
1476 938 78 104
1454 656 110 78
1460 366 88 92
64 840 114 86
1224 24 60 114
1560 260 68 110
1730 894 76 94
1300 314 78 106
332 308 152 82
1514 550 86 90
1128 242 88 70
1630 18 110 82
1706 120 92 88
1386 946 90 78
292 736 88 90
1416 870 92 100
1334 746 88 98
600 60 90 78
1734 210 88 92
238 178 102 86
406 236 98 88
1128 28 68 110
820 378 68 126
1392 348 74 114
336 558 128 74
258 0 140 48
978 66 106 76
1570 718 112 84
1252 74 66 80
394 60 86 104
50 190 130 98
590 476 92 78
734 444 104 60
644 824 76 114
202 936 150 76
288 872 98 86
596 394 74 70
0 176 44 76
1330 220 82 82
1388 282 138 70
1512 686 74 82
1524 18 94 88
756 986 106 72
1668 218 68 100
1356 892 66 88
158 128 102 86
1322 120 94 32
1214 764 48 100
190 746 102 104
1262 156 88 56
1332 346 80 114
1294 928 76 114
100 706 132 70
276 60 122 56
1078 60 76 82
1672 912 80 98
524 952 80 92
1662 772 112 90
1374 574 118 82
80 350 172 66
236 816 112 98
1380 206 102 88
1656 470 128 82
28 4 108 96
1442 598 100 66
1340 132 68 90
440 548 78 86
1604 622 70 88
1000 120 86 32
1166 136 54 70
400 172 50 88
1796 84 58 104
282 150 114 88
382 0 76 68
624 912 96 102
1744 294 78 120
