606 770 40 34
870 418 40 34
870 728 32 42
984 286 36 38
1682 156 96 64
728 408 42 30
1530 88 58 42
1284 224 42 34
968 628 48 28
728 366 36 40
908 274 42 38
1074 676 38 40
764 390 38 38
270 842 38 36
680 776 34 36
1542 344 36 42
1680 264 80 50
1118 230 36 36
1632 170 48 44
184 164 44 36
1452 526 38 34
1190 432 40 30
970 718 42 28
202 374 48 30
820 476 52 26
1390 72 38 48
128 894 42 34
722 758 34 40
1228 520 38 32
1292 272 44 48
1184 394 52 26
1534 438 48 34
606 6 32 38
1076 518 50 26
1170 534 34 36
1032 136 48 28
866 834 38 38
930 276 40 34
184 704 50 28
1102 424 44 30
238 880 38 36
600 638 38 36
1112 580 38 38
1662 526 72 38
1620 328 46 30
1178 458 40 32
448 690 44 30
1524 12 32 38
1174 748 36 38
488 312 60 40
1186 182 44 30
1232 458 48 32
602 674 44 32
1116 604 34 40
1146 78 28 50
1164 716 36 38
1706 374 46 46
40 654 42 30
84 496 48 26
1106 166 44 28
118 690 64 28
1656 468 88 36
1596 552 56 40
410 22 34 40
1160 676 36 40
890 4 50 54
202 404 50 24
596 594 38 32
