1018 236 76 110
404 202 96 104
1524 558 116 88
1330 724 72 116
1416 734 88 104
1498 26 100 102
1626 730 88 92
1460 662 96 86
616 732 78 126
1578 642 114 82
1364 554 100 88
872 48 114 84
924 282 80 102
370 106 96 94
710 254 80 104
1332 856 86 102
294 168 114 88
868 714 94 98
758 344 68 110
924 414 68 120
844 382 76 108
144 718 78 122
664 572 92 102
220 734 86 112
666 660 104 88
792 70 68 122
1702 582 114 112
1120 290 104 94
1078 116 78 92
1322 172 78 112
1432 154 90 134
1620 874 108 90
1080 886 76 106
24 576 100 108
1256 364 80 86
1474 490 138 80
1332 292 126 78
238 896 98 106
606 516 76 112
800 626 92 88
1222 718 92 112
460 334 102 90
1148 190 70 116
840 772 68 120
418 722 100 98
1250 252 88 110
1056 638 108 76
738 736 112 96
284 0 104 88
602 132 98 136
1474 806 104 86
1722 414 120 90
274 52 88 110
760 490 106 86
1054 542 104 76
1656 500 148 80
1680 220 112 84
1002 64 94 100
1056 412 126 74
1250 174 84 96
398 896 108 86
868 210 92 92
892 126 78 108
802 198 72 112
1714 704 128 80
1006 468 66 118
402 638 110 92
1580 320 102 84
1102 460 116 94
236 424 112 90
720 96 92 102
990 596 104 88
1040 778 74 110
148 436 120 86
1064 708 110 82
1240 20 86 94
1156 18 78 84
1256 104 98 96
1530 876 82 102
968 790 78 102
900 658 116 82
1712 768 98 88
634 350 112 82
1322 382 80 106
1690 840 104 84
1628 172 124 76
230 270 96 100
942 882 102 84
620 36 100 112
1530 140 128 74
1562 408 136 76
246 528 132 82
264 120 114 58
12 110 102 74
1120 746 88 96
634 836 100 96
296 782 90 108
1700 282 108 94
696 182 136 72
1076 54 114 76
458 120 108 58
846 460 70 108
1258 436 104 88
480 770 106 88
1306 60 128 56
1116 820 100 82
1524 362 88 104
404 820 94 94
1680 942 100 90
276 248 102 90
392 480 136 76
640 120 80 36
400 50 144 64
1628 120 142 68
1254 808 80 98
1526 214 120 102
700 802 148 74
164 136 90 120
1428 428 80 106
8 186 82 106
84 862 86 110
638 460 124 76
76 298 100 86
358 354 102 98
0 294 92 92
154 596 100 86
1148 538 86 76
322 720 118 96
1230 1008 102 52
602 12 152 54
1758 116 98 92
1468 372 84 112
20 400 112 78
1252 570 60 138
476 556 76 118
132 920 108 90
270 346 108 78
308 598 98 110
1240 946 110 74
14 20 126 70
546 252 116 78
344 866 78 110
122 34 72 114
68 482 140 96
1238 904 84 78
0 470 86 74
1714 348 114 84
