904 426 58 64
1088 530 48 72
656 104 62 72
1292 484 94 40
1486 608 74 50
1422 598 58 62
1622 402 144 48
1300 970 68 58
1694 560 78 74
944 34 72 62
260 828 70 48
474 758 66 60
380 776 60 54
770 324 58 56
836 212 54 76
1076 310 60 68
618 244 52 62
1040 476 74 44
1062 400 82 60
1626 764 98 52
824 678 60 44
798 512 66 54
1050 622 68 42
1044 786 56 62
166 956 60 60
1442 656 66 46
816 440 84 46
1594 526 102 46
372 566 64 46
646 346 62 44
944 664 48 44
1370 724 56 60
700 336 54 52
158 448 68 60
982 900 70 44
264 742 70 46
718 256 70 42
1196 852 66 34
770 142 74 38
588 746 84 52
876 966 50 52
1442 104 74 48
1048 136 64 50
1690 274 90 70
1518 354 76 38
718 502 54 56
616 522 54 50
1352 266 62 64
236 362 96 40
1226 594 74 54
670 668 70 46
1052 232 70 44
672 396 66 42
1424 782 60 58
1800 700 84 60
1180 694 60 52
620 576 62 46
1180 476 76 48
592 706 70 40
1554 938 62 46
590 172 64 58
898 700 60 48
936 562 62 50
350 496 76 36
1654 982 68 58
396 320 86 60
1468 296 62 54
1292 186 72 52
1660 706 84 62
1066 918 50 70
210 976 74 54
1800 896 74 70
1168 796 52 54
1546 986 68 44
12 154 88 64
154 788 72 34
1196 206 62 52
1422 166 100 48
1372 148 72 34
140 146 52 62
1248 104 66 40
1624 270 70 70
418 248 82 42
496 528 66 40
1356 328 70 62
1132 372 56 72
148 52 72 98
400 490 22 50
1182 572 50 56
506 664 54 60
1408 258 66 46
1486 144 68 46
704 552 62 40
608 638 64 56
1184 2 56 76
172 160 80 64
588 490 58 42
730 392 54 48
1120 230 56 96
1564 236 66 56
432 288 86 46
1354 196 68 46
1012 940 58 42
822 1010 62 48
1206 148 80 52
1208 618 68 40
34 446 84 50
46 872 72 50
44 706 76 50
16 236 98 86
126 824 78 32
574 2 74 74
1402 812 50 60
1578 542 74 40
1538 304 92 40
1178 984 66 48
1014 988 66 44
146 340 50 62
166 372 76 40
478 578 70 34
70 552 66 50
798 216 44 54
594 906 110 88
1108 642 52 48
82 844 72 32
1618 878 104 88
974 962 50 42
1166 650 42 46
82 644 80 42
730 194 64 40
766 226 46 54
