266 732 126 78
1544 626 72 114
186 784 96 92
1480 758 82 100
876 384 72 120
328 188 100 100
898 180 98 90
1566 128 126 84
1402 566 90 98
794 812 68 126
810 92 106 88
730 314 96 92
1308 916 110 88
764 578 110 74
1318 302 114 80
320 562 76 110
1220 718 146 62
1664 436 150 86
634 730 80 132
1250 132 114 78
952 628 68 112
1048 528 136 66
930 862 92 92
1376 62 102 90
1234 656 116 66
640 194 114 88
408 346 126 80
1614 688 116 102
596 250 80 102
742 494 114 80
1358 20 152 60
438 220 150 74
946 294 78 104
1406 450 82 94
186 188 114 88
816 928 80 112
1488 122 70 106
790 708 90 96
290 94 102 96
120 654 142 70
1544 206 176 76
858 622 80 104
934 18 108 72
1150 290 68 94
848 300 98 90
1234 394 142 74
746 642 136 70
930 732 86 78
60 768 108 110
396 606 66 122
606 548 104 86
640 820 146 70
978 466 88 104
846 498 82 102
602 22 148 58
810 382 74 104
1020 414 94 86
1358 726 112 110
422 670 88 98
1038 656 82 100
1628 950 120 76
430 280 136 76
588 356 88 92
1060 916 118 82
748 60 88 66
1138 756 78 114
1054 22 110 68
722 694 86 116
0 524 70 76
494 700 88 100
990 558 88 92
1466 216 88 100
876 60 90 76
172 522 106 90
280 258 112 88
1076 348 92 102
1688 588 96 120
440 90 116 66
884 564 122 84
660 128 102 82
1412 148 74 120
16 852 108 116
1622 508 142 76
240 580 80 112
1678 364 126 78
416 134 106 88
18 118 94 68
1060 120 116 44
590 462 102 88
1632 876 118 86
1200 210 116 90
156 108 130 76
722 426 116 72
726 908 94 88
986 738 104 90
608 88 132 70
584 142 76 92
574 60 60 72
956 378 76 114
1226 310 88 90
1102 582 74 104
850 778 114 82
1566 324 118 84
338 866 128 84
1620 280 140 74
134 450 130 78
1196 482 76 102
1104 846 84 82
466 536 102 96
246 504 168 78
1722 196 116 92
132 588 108 76
1006 326 78 114
1692 770 96 86
1054 724 112 86
400 204 46 90
648 888 110 86
1514 260 136 82
1162 562 66 100
102 728 152 72
636 60 90 30
1228 60 66 84
250 440 132 88
504 116 74 100
1486 512 132 86
1232 854 70 110
1746 298 112 62
42 564 102 126
514 504 78 78
1244 564 118 86
1544 392 146 82
984 806 96 100
476 852 88 114
400 10 146 84
1616 784 86 94
20 416 110 66
14 292 132 90
1176 20 50 90
1722 852 108 90
1714 18 126 96
1048 818 90 78
800 10 40 104
1226 616 100 62
606 944 72 100
92 926 140 80
