1584 114 108 96
1574 208 98 108
834 840 98 90
1134 234 64 120
1364 512 112 86
1446 630 96 96
1630 522 94 96
864 676 90 98
94 730 84 108
650 820 92 92
966 726 90 94
370 190 92 98
962 514 114 78
1370 102 110 98
726 90 68 130
1538 532 96 90
1020 242 84 98
1254 116 122 72
846 370 80 114
1040 452 86 98
1050 802 98 92
1058 554 72 108
720 266 74 110
770 376 76 108
178 740 92 92
628 64 92 106
1548 808 104 86
88 84 136 88
776 170 66 118
1064 348 132 76
802 634 102 86
1148 576 70 108
120 250 86 118
338 268 92 94
1692 826 92 116
688 554 98 96
1712 772 104 88
1532 894 100 86
824 764 138 82
1512 60 96 52
1324 694 74 110
642 262 72 110
1072 880 88 96
1264 880 88 102
486 828 90 104
1248 180 72 112
1658 174 152 74
1396 274 78 96
1052 682 80 92
836 300 112 84
742 750 92 84
1400 740 94 92
378 596 96 88
1462 210 108 80
254 278 84 100
1518 738 126 78
244 786 130 80
470 658 90 104
1230 588 78 116
1384 938 106 90
1092 154 84 90
922 558 98 90
428 294 146 70
702 608 144 76
666 360 96 94
924 232 78 102
364 706 98 92
682 676 90 92
620 182 128 90
4 502 120 92
1326 392 100 84
1748 100 104 92
366 822 112 80
1224 370 118 58
946 820 86 96
4 288 108 88
1302 174 98 98
866 468 90 88
142 864 130 76
396 354 176 66
842 192 106 88
624 742 82 98
858 124 100 92
268 856 106 84
1098 756 106 80
1282 558 80 102
1396 880 126 70
488 920 104 74
320 544 86 98
790 14 98 94
994 898 84 102
210 184 108 114
1464 282 82 98
1422 144 122 84
4 116 114 72
1650 652 122 80
366 516 108 70
248 672 86 104
1484 580 114 78
1544 650 136 74
778 90 128 74
400 276 52 96
236 346 94 114
768 488 72 104
606 20 118 54
464 128 100 94
820 506 82 104
460 210 106 90
1248 424 110 78
1224 686 136 80
886 420 122 82
402 736 124 86
1646 888 104 84
874 22 98 98
1702 258 106 104
160 942 164 76
4 586 106 88
700 934 134 82
944 914 74 120
608 654 86 96
1770 196 90 94
2 188 70 110
40 864 142 68
1684 330 122 82
406 114 74 112
176 0 108 122
1044 60 164 62
614 544 76 104
298 132 100 84
576 236 68 100
354 896 100 86
1218 746 90 108
276 704 102 90
218 606 158 72
618 474 110 82
326 458 98 88
1228 464 60 120
1226 312 162 76
26 690 114 70
606 892 100 88
222 462 122 86
876 908 84 114
152 656 122 92
908 120 136 58
1680 422 118 86
1140 840 92 76
1258 58 86 70
1386 812 110 84
166 538 132 82
250 52 110 86
464 514 82 102
1030 22 98 54
426 890 76 96
0 882 86 84
