1062 414 100 56
1224 436 132 56
1012 206 82 90
980 606 118 56
704 590 118 62
1040 50 96 72
1148 470 66 110
1064 578 100 58
1052 682 116 58
1126 190 66 102
1132 746 64 112
814 682 98 94
648 634 110 72
1026 492 72 96
988 266 78 98
1062 740 94 62
932 338 110 70
958 530 90 56
636 248 100 66
860 864 108 82
722 328 84 92
812 272 74 94
1386 658 74 90
954 436 86 62
880 512 80 66
410 878 114 74
1236 174 102 84
434 604 110 62
284 108 90 106
238 632 100 72
1086 350 78 80
1568 194 146 70
726 238 98 84
634 388 112 68
1236 78 84 86
1564 368 94 90
788 120 90 92
956 878 114 76
1458 122 100 74
622 758 100 88
1044 124 124 54
484 360 84 86
1346 394 80 92
862 288 74 100
146 56 124 90
1168 292 50 124
410 544 110 52
1518 602 90 96
1270 328 86 80
480 708 86 98
1412 58 108 78
760 492 84 78
622 700 126 70
478 134 82 60
1078 178 56 82
868 440 92 72
226 164 100 100
1612 120 88 66
1090 466 90 86
616 136 102 54
486 184 96 64
1224 288 64 134
152 632 112 62
400 304 96 78
1068 868 114 84
1594 834 100 92
1214 606 90 76
612 560 68 102
400 676 66 92
1392 844 120 74
1592 584 94 78
824 402 70 88
1498 60 116 70
240 950 142 72
1218 714 122 56
454 60 78 104
1220 754 84 78
602 170 78 82
1130 28 64 104
10 196 80 110
18 488 114 94
1462 922 106 74
874 180 90 106
356 154 84 92
1468 312 140 74
432 650 102 86
1228 908 104 78
262 0 106 70
750 426 96 64
672 898 72 116
1064 990 112 52
390 118 94 88
1432 204 108 94
1080 306 88 66
1384 594 84 56
614 826 132 70
84 882 120 80
294 576 114 76
1714 492 116 72
1638 692 118 60
894 704 92 80
614 936 60 98
796 568 90 36
106 148 118 90
116 718 140 66
406 812 102 72
606 656 52 100
80 190 94 94
1632 404 92 68
128 504 108 80
1384 734 116 76
1656 254 164 74
50 684 90 70
1614 314 130 60
84 306 104 88
1476 660 102 92
2 296 96 92
1396 422 104 84
114 434 134 74
1732 192 100 86
22 776 70 78
754 60 100 66
1054 936 112 64
1670 624 146 86
24 584 136 90
830 522 78 60
382 4 82 36
12 100 102 96
1162 406 78 64
1498 464 92 102
104 106 128 80
524 70 66 74
1644 22 98 84
16 10 128 96
532 278 88 68
1200 202 64 98
1428 536 102 70
522 22 84 56
814 46 84 90
1592 20 82 60
318 492 78 68
1726 66 108 58
116 918 140 64
1364 534 102 80
534 608 88 56
1150 678 86 72
232 354 116 56
400 394 62 66
