374 84 82 42
888 430 62 44
1262 550 62 44
832 508 50 50
496 172 50 74
480 278 74 42
1012 448 64 44
1070 626 42 58
896 682 54 40
1088 562 64 40
914 532 60 44
1230 606 58 46
456 420 70 34
866 368 58 40
998 672 58 44
1270 144 54 54
1606 392 56 58
788 284 54 48
260 22 78 68
594 822 76 56
248 468 74 30
374 358 62 46
152 224 62 44
726 394 52 44
168 534 60 44
490 510 62 42
708 818 44 56
998 720 48 44
852 728 42 58
254 670 56 40
596 452 58 40
1098 270 60 40
162 970 74 32
640 56 66 50
198 500 60 40
760 882 54 40
1202 668 44 52
800 382 20 42
984 828 34 40
1358 960 80 40
154 926 64 36
1046 324 62 36
468 844 82 42
1042 200 60 60
896 730 50 44
26 254 62 38
656 726 54 38
112 450 72 30
104 488 82 32
768 382 48 38
422 830 72 44
1174 530 32 40
1200 352 54 38
678 624 38 34
968 776 44 50
116 796 62 34
1042 872 58 38
804 896 32 38
44 578 58 36
1180 754 56 36
1062 406 50 50
400 318 22 40
1102 14 48 52
1048 266 52 48
152 400 56 34
824 906 32 40
1254 286 62 36
1036 374 40 52
830 688 34 42
404 336 22 52
1786 882 90 42
1104 312 54 46
702 494 50 26
404 772 60 50
1052 922 54 38
220 600 62 40
1222 718 56 38
48 858 56 40
800 924 24 40
512 728 42 38
808 1006 52 44
112 882 60 38
800 628 48 46
742 736 42 32
858 910 38 36
430 0 64 38
1186 288 38 36
294 334 36 38
704 744 60 46
784 726 38 38
622 976 58 54
586 740 44 48
328 364 54 38
298 250 56 42
1066 0 46 64
1228 328 44 30
1102 496 48 38
1182 180 34 48
1112 898 36 38
