980 668 40 36
952 272 44 32
1084 384 42 32
1078 274 38 36
1520 260 40 34
134 802 40 38
1582 790 42 34
50 558 40 36
1618 302 42 34
1402 508 40 34
292 68 44 34
462 360 44 28
1534 346 44 34
390 862 40 34
84 600 42 34
1390 550 36 34
160 678 46 26
1076 602 38 38
984 708 42 34
1578 338 40 30
1474 504 38 30
102 324 40 36
62 804 36 36
1612 376 54 32
1560 664 42 30
356 82 44 34
1598 168 32 44
1048 824 42 34
492 262 44 32
352 60 44 28
1064 516 38 32
366 38 36 40
1588 484 42 40
1510 806 34 38
1196 864 40 32
1052 408 42 34
1554 112 36 36
1626 162 40 32
1030 708 36 42
600 274 36 32
1108 800 38 32
526 350 46 28
514 396 46 36
1682 344 34 38
1560 562 32 36
1054 850 40 34
1654 168 34 38
1778 708 98 34
1454 894 44 32
1094 398 44 30
1172 546 40 30
1178 392 42 30
310 36 44 32
502 380 36 34
1094 482 42 34
1220 400 40 36
1488 910 42 26
1092 544 44 34
1394 526 36 34
1044 794 40 34
1666 536 46 30
1604 122 38 30
1604 720 42 26
1056 32 32 42
1116 230 38 36
1072 648 44 38
26 646 48 24
1206 436 38 34
1162 484 36 36
102 684 44 30
1086 890 48 32
94 670 44 26
1018 300 44 36
930 24 36 36
1060 918 42 34
1572 120 46 28
1230 796 36 40
