1492 370 100 96
964 174 86 94
768 72 72 122
1326 432 82 98
844 116 72 104
900 912 98 94
738 862 96 94
890 488 108 78
220 748 90 106
1616 110 80 106
1006 470 94 82
1476 712 100 88
1730 158 84 112
980 390 94 96
1068 388 92 86
1728 490 92 120
1488 816 124 72
190 950 92 96
10 860 120 82
390 598 92 100
834 832 74 106
380 826 90 98
1510 910 106 88
964 612 86 94
270 808 116 76
748 792 116 70
986 16 112 80
848 20 142 70
1082 736 96 92
732 592 68 124
910 810 96 92
436 214 74 114
626 942 100 90
258 874 104 90
1558 460 100 90
1594 556 92 92
1462 600 92 94
688 748 94 94
1646 428 84 96
1656 768 140 76
446 694 84 102
1710 306 68 106
1718 70 114 98
632 370 94 94
340 744 116 84
662 830 86 104
1554 680 116 84
1102 576 84 98
1244 610 72 108
12 112 100 72
1088 454 78 100
1598 294 132 80
1322 578 136 78
1318 252 100 94
218 636 96 96
1018 684 76 106
1062 646 94 94
358 302 116 84
1266 20 82 86
1248 172 82 98
1050 936 108 80
1404 732 88 104
400 378 84 80
802 222 128 78
44 962 94 72
1240 266 102 76
1314 332 100 94
868 418 92 94
710 292 92 92
1436 534 136 74
1088 250 112 84
1246 948 102 92
1250 490 84 98
276 26 74 118
854 568 80 136
694 230 134 66
1460 196 116 90
598 634 80 114
1018 870 126 82
286 228 134 76
424 466 88 100
1222 852 74 116
1118 314 86 108
668 176 108 76
840 688 92 96
754 382 136 82
800 694 58 104
786 282 108 84
664 670 84 96
1578 642 116 66
1708 406 118 72
1624 60 126 68
800 604 84 96
490 608 98 104
1108 18 96 86
1386 20 90 88
1304 872 108 88
138 858 122 78
914 560 86 102
42 282 120 98
1150 514 72 84
1634 704 132 76
176 138 98 94
1694 644 118 76
170 714 82 96
362 468 78 90
1484 22 114 42
448 144 110 80
1234 698 70 126
52 194 138 78
476 838 112 96
1280 762 88 86
1768 284 96 96
1586 838 84 102
1224 322 64 86
16 60 102 40
154 440 90 110
310 634 80 104
1122 200 104 82
606 120 82 58
742 436 104 76
608 304 130 80
150 60 98 102
34 0 90 42
106 812 106 88
400 142 74 96
596 758 86 94
1424 132 124 96
362 676 102 86
310 2 98 90
1608 916 140 72
670 548 104 86
516 120 62 66
296 362 134 62
1392 60 144 70
54 774 120 78
604 164 72 124
262 290 112 90
400 74 104 80
322 550 90 88
36 682 92 86
626 10 114 64
1218 18 54 106
0 498 134 68
592 474 90 64
1334 60 64 42
616 548 106 74
