1066 272 102 68
924 222 98 66
886 430 112 54
1420 256 94 78
1662 648 70 76
1010 322 84 68
312 616 112 66
1244 60 74 94
886 476 112 60
1062 122 106 58
1584 214 86 94
398 662 112 74
734 558 116 104
222 522 108 60
182 150 114 66
172 248 114 80
636 252 100 78
792 342 76 90
1606 108 100 70
262 198 142 80
1050 552 92 56
988 586 106 92
1546 380 104 68
1250 672 80 90
1656 250 74 104
1584 560 98 68
1284 280 102 74
1716 224 76 92
970 374 88 94
316 804 96 90
450 948 80 78
1648 356 98 100
1298 856 70 86
1012 476 108 62
990 744 94 84
1724 310 96 78
222 732 104 56
672 364 120 66
1074 708 110 54
626 634 100 88
1288 536 84 76
1566 40 102 80
754 476 82 82
1424 504 104 68
860 590 70 114
1402 776 122 60
1634 738 88 80
422 252 98 88
1372 644 72 102
1628 460 128 62
1094 598 74 98
760 200 88 102
1224 400 106 66
1250 190 90 58
42 18 140 80
1062 168 84 104
1502 322 72 108
718 42 124 74
1736 112 104 82
1224 314 62 106
670 60 66 122
96 766 140 62
848 482 68 102
800 554 54 78
1264 242 96 48
226 838 102 82
1226 818 60 114
1716 418 102 82
400 308 88 90
180 16 132 64
1090 744 100 78
648 754 84 102
170 642 134 66
1102 892 96 74
1716 34 88 92
40 300 112 90
144 856 86 112
624 954 142 84
0 266 84 70
636 832 72 122
58 960 96 66
32 120 98 72
8 582 104 96
1724 786 90 48
1336 106 72 90
1390 68 88 92
52 200 130 86
252 92 114 84
162 698 124 62
104 440 150 60
1470 910 118 52
1056 932 106 60
52 682 102 72
598 238 54 106
514 758 142 66
1326 964 102 56
742 402 70 90
1066 60 56 56
1236 894 68 56
16 778 106 78
454 368 96 76
1102 64 78 68
0 168 72 54
608 14 72 80
596 60 80 64
44 496 116 70
76 848 130 74
