772 294 66 88
904 270 72 64
914 150 84 52
1520 194 86 52
872 720 56 78
924 774 56 78
1030 296 60 84
956 462 70 62
1002 622 62 70
1118 224 72 74
474 638 88 56
646 660 66 92
814 834 66 56
1086 694 54 96
1490 104 60 80
750 728 76 52
774 602 74 56
1596 172 78 60
898 348 76 58
814 556 92 46
1040 116 58 72
928 680 68 54
1130 580 84 60
828 290 80 72
408 366 100 48
822 896 76 42
938 566 44 78
1244 148 82 52
656 158 84 50
446 738 78 40
514 748 64 82
646 806 76 50
1436 402 86 48
228 190 80 74
624 244 62 106
362 120 100 72
1228 400 92 48
964 966 68 62
1692 496 82 58
696 840 80 48
948 870 76 54
366 532 86 66
1068 464 72 54
1050 860 82 52
188 336 108 66
294 800 78 80
696 590 72 42
1384 24 74 76
1434 294 74 46
112 268 86 58
1146 472 64 84
1512 542 88 36
904 70 68 64
626 474 76 76
1090 372 62 58
1582 642 58 60
1474 312 60 68
1652 302 86 54
1544 588 86 36
446 70 74 66
1012 928 74 72
42 128 96 64
334 982 80 62
962 500 94 38
208 246 76 62
950 542 80 40
1272 308 76 80
294 230 76 58
1156 330 56 62
1330 126 60 86
1442 884 62 68
210 468 78 64
18 300 104 52
116 212 92 58
1472 648 84 44
1754 108 66 96
84 44 106 78
1534 806 62 50
648 42 68 84
396 202 100 52
1392 456 70 42
1040 66 68 48
294 678 92 52
762 424 78 60
1082 138 62 54
1426 154 66 86
68 494 90 68
162 518 88 52
1444 20 82 64
944 798 84 56
1108 78 62 52
168 148 78 64
154 0 104 62
1576 60 76 68
1686 162 90 64
216 654 80 66
1458 222 72 52
400 790 86 64
1674 638 90 44
64 678 90 66
696 898 66 36
246 548 74 68
1308 510 62 42
744 20 56 72
184 816 126 68
126 908 104 56
1658 138 74 52
1694 436 78 48
256 296 106 74
378 748 56 66
214 904 84 74
888 964 60 88
526 246 64 82
1220 676 92 46
108 330 80 66
66 600 140 50
1494 244 62 60
1028 22 54 42
66 958 90 58
374 894 76 66
1666 360 88 74
1430 780 56 60
684 522 56 64
328 744 60 60
534 150 56 76
1444 692 66 54
342 868 74 70
450 452 62 60
194 572 68 58
1312 576 68 40
150 964 104 58
1474 766 64 46
1748 226 62 86
1114 810 58 58
1254 504 72 42
894 22 66 38
58 232 76 76
244 776 72 50
412 250 80 64
28 856 132 58
70 0 100 58
1674 254 74 72
1262 730 56 46
1542 112 72 58
1240 60 84 54
372 314 78 64
1692 26 98 68
1186 60 52 88
994 772 72 50
58 768 108 74
976 52 66 48
612 160 50 80
1696 844 80 40
534 954 80 46
312 4 70 44
406 296 74 70
614 378 60 58
1574 18 72 48
1080 898 60 62
1294 606 72 50
1394 690 52 62
2 64 106 56
1652 946 62 46
28 494 54 64
1220 748 52 66
1830 742 64 58
1510 720 62 48
552 788 72 54
1312 824 62 44
676 922 58 62
1630 772 76 42
188 994 74 54
528 864 76 50
22 326 90 54
1218 480 50 64
136 430 96 38
1210 222 70 48
