1334 130 72 116
860 602 68 116
1476 90 90 104
1662 354 120 100
1362 728 80 88
772 738 130 76
806 116 102 76
976 732 84 100
734 88 112 66
130 180 122 84
934 926 122 76
928 640 82 102
392 130 104 60
1058 640 90 92
926 252 64 124
1240 716 100 88
1258 434 94 78
248 730 86 100
856 472 76 106
1364 616 70 114
1024 796 96 88
816 266 104 86
646 254 64 124
962 222 104 84
946 366 126 64
242 490 88 104
170 874 104 90
840 792 110 80
1362 22 110 44
1478 344 86 96
262 628 110 90
1510 682 86 98
1324 534 82 96
320 528 80 108
1036 948 112 94
466 304 82 100
1086 490 92 102
812 186 128 80
198 212 88 92
244 94 128 76
872 846 78 100
1462 278 114 72
1114 822 98 110
1226 578 120 78
1094 574 120 92
974 294 108 86
1366 860 78 102
1112 740 78 100
772 306 104 96
954 490 84 108
680 132 102 90
710 22 106 74
800 922 64 100
750 788 88 94
274 804 110 80
1460 182 108 88
1276 688 128 60
584 196 96 56
1550 132 84 110
1294 850 82 100
590 370 90 84
1246 792 110 84
844 22 118 84
800 522 66 80
1164 224 66 94
344 836 94 98
1242 198 90 94
1222 488 80 100
1260 118 100 88
1382 244 104 88
690 878 98 90
1730 120 102 72
6 112 102 78
1234 298 90 102
1014 504 92 98
1322 244 82 102
1492 828 112 80
690 208 86 98
1588 228 68 118
1348 416 114 88
1250 384 70 66
718 434 120 72
24 292 96 100
1230 902 112 82
722 282 74 110
294 270 112 86
1504 452 134 70
1560 348 90 94
1262 52 110 68
176 444 84 110
980 418 100 86
354 782 134 70
708 568 98 92
92 476 86 112
1402 48 102 92
618 590 100 86
1082 340 68 96
426 712 94 96
1106 60 58 58
1062 420 84 94
854 400 122 82
430 604 118 74
2 494 102 78
330 10 86 106
664 948 118 68
362 644 130 66
1426 824 78 112
1716 294 106 108
390 190 122 78
932 170 128 70
648 818 76 108
1156 60 60 58
626 16 106 62
394 270 64 114
130 120 134 72
664 510 106 84
234 328 100 88
1488 932 80 108
636 60 98 90
122 576 124 72
1220 60 56 80
42 226 104 92
1716 754 96 58
1454 486 116 86
1458 592 104 96
788 380 122 86
1574 544 96 92
1500 20 112 52
1562 894 94 92
586 530 86 76
1236 640 92 72
124 640 170 74
480 150 80 114
1432 764 120 78
1232 976 98 76
664 664 92 94
660 744 104 94
1114 306 82 106
1598 760 84 102
102 338 132 70
472 12 84 94
634 428 100 90
1396 514 110 82
452 864 96 100
136 764 116 80
742 666 118 78
1624 182 146 68
1606 454 116 82
372 702 100 90
438 946 74 106
216 60 122 48
962 96 84 86
1648 122 102 82
1650 522 94 90
1526 584 80 108
586 764 92 102
1718 676 90 98
82 836 100 100
38 688 84 74
466 468 92 84
898 102 82 88
1604 120 96 36
44 968 92 70
584 242 82 84
1778 200 80 98
800 604 60 122
510 914 80 96
596 120 62 48
1544 50 92 86
28 584 104 90
1596 638 110 76
524 594 62 114
306 450 94 82
