970 862 80 90
936 778 100 58
1712 208 90 80
1076 328 60 90
890 284 66 90
1036 248 84 74
940 364 102 70
950 292 94 68
1038 172 78 82
1302 228 86 68
1130 194 90 96
1624 22 96 76
946 528 110 60
1050 400 80 88
764 904 98 70
1476 596 90 90
1356 202 88 72
770 196 102 72
630 368 94 92
1392 488 106 62
1474 174 90 94
982 454 94 84
852 18 102 80
910 676 110 74
1142 818 68 112
220 732 112 70
806 306 82 80
410 834 98 90
1048 18 110 68
668 134 104 66
632 542 86 92
372 582 84 96
672 242 90 66
352 120 106 50
1036 894 62 82
1686 556 106 52
1078 82 88 102
1504 28 100 78
334 714 76 104
390 312 152 68
1642 102 106 84
484 914 106 70
814 380 100 70
1384 702 90 64
1548 358 80 90
1418 104 62 86
1064 686 110 58
330 192 132 78
32 300 132 82
926 126 108 76
980 592 88 80
1260 64 110 72
1222 370 90 60
478 544 128 66
1720 606 102 64
1626 600 112 60
616 86 72 110
1464 372 102 80
8 196 104 94
400 74 66 86
1228 442 112 62
392 924 98 76
506 736 102 68
6 768 114 70
172 106 114 82
624 680 106 86
734 60 108 84
848 216 62 112
1214 306 60 84
642 188 98 66
1336 138 96 62
148 786 104 70
706 314 84 98
72 594 94 102
830 506 84 90
762 468 98 66
308 856 108 78
602 242 76 116
1708 682 94 56
186 474 132 88
1162 24 58 88
46 876 122 90
170 654 114 72
16 120 120 70
230 268 118 60
1730 84 88 70
298 470 112 84
96 432 144 72
734 840 78 80
698 420 96 62
526 614 78 58
1222 642 88 58
226 328 132 54
1076 938 90 78
1386 580 112 68
1590 522 126 66
646 790 106 74
610 18 72 58
1684 744 104 78
530 820 70 68
1544 156 100 90
620 960 54 84
80 494 122 72
178 856 98 94
0 604 92 64
48 686 90 68
1682 298 120 78
82 186 116 80
1708 60 104 58
1720 492 106 68
106 50 110 74
1428 814 86 58
1644 364 92 54
28 16 96 92
1752 834 62 62
34 508 68 60
1626 464 92 60
120 346 150 52
1254 734 58 72
128 728 102 64
34 958 130 80
404 366 92 102
1426 996 86 58
1630 690 102 56
620 852 66 84
