416 732 112 88
1510 802 92 110
934 804 82 108
268 24 82 126
132 76 136 82
1044 366 144 66
426 246 76 124
1528 568 110 90
180 652 108 84
978 348 90 84
750 876 102 88
272 672 98 112
1324 880 116 84
740 108 94 90
820 174 110 82
1290 764 78 110
824 120 92 58
828 796 86 96
1226 986 126 72
1342 358 82 92
124 580 134 84
356 634 78 116
1218 488 80 98
1226 82 120 70
706 348 66 112
778 638 66 114
32 488 120 100
1360 664 112 84
1238 656 94 76
698 764 76 108
104 304 86 104
1450 526 88 96
268 256 142 74
610 618 148 68
1062 434 112 62
1282 334 86 76
1210 758 76 102
1414 626 100 88
954 234 88 130
1632 264 118 76
650 862 106 98
1366 808 78 108
796 20 98 74
176 318 112 74
352 450 128 74
388 520 128 84
142 160 116 86
1018 954 144 76
330 836 152 72
92 0 112 54
1234 38 104 54
1714 316 102 98
40 204 130 102
1638 520 106 82
724 582 120 78
978 428 96 90
846 730 140 76
1500 300 84 98
206 490 98 96
616 660 78 112
22 852 98 116
964 8 78 120
614 178 92 88
1642 662 144 74
1236 388 122 78
1366 746 100 86
870 482 100 92
1072 200 92 104
906 650 86 90
1370 968 112 88
1642 588 86 84
1616 362 102 102
666 268 90 108
1744 212 86 98
1128 582 68 110
1580 918 108 88
1406 92 96 92
846 632 78 106
1242 142 104 84
588 38 80 104
1582 202 106 88
1222 570 86 100
948 964 108 92
1040 824 124 90
1240 210 112 104
1324 60 100 82
406 34 94 98
1150 200 68 134
1070 744 102 86
672 946 124 84
274 902 94 106
1048 120 136 56
1466 868 108 80
1084 20 80 94
810 350 94 106
882 382 60 124
292 160 88 96
0 8 124 86
1222 304 76 94
1024 16 80 98
360 126 94 90
720 252 128 80
426 590 118 80
108 456 164 72
1160 494 58 102
1542 126 104 90
1314 462 92 80
586 548 102 88
348 896 88 110
1514 384 94 90
1060 902 116 84
374 962 124 80
334 482 74 106
468 208 100 72
434 874 146 72
766 504 118 84
12 112 100 72
984 684 68 118
524 800 72 124
912 572 96 96
1366 208 82 114
610 358 108 88
1336 20 116 56
1138 752 70 122
1754 476 102 82
826 540 92 100
620 476 94 88
1330 530 76 122
1444 366 78 104
1356 320 112 64
1084 470 118 94
1392 534 74 112
1722 578 102 86
180 872 96 94
68 768 118 96
1234 724 94 68
480 114 76 104
1672 424 120 66
1020 504 78 110
1050 154 134 72
686 478 88 72
572 126 56 102
1066 678 102 80
1068 598 82 88
192 796 136 80
1372 428 96 70
32 684 102 76
1506 198 80 112
800 418 98 90
1620 454 102 72
450 360 92 98
1618 730 156 78
1508 20 94 60
288 764 110 74
602 250 74 104
986 578 96 106
498 552 92 84
1694 132 98 98
388 190 114 80
958 504 72 98
1240 904 100 86
1430 246 98 76
612 762 74 124
1720 852 88 76
526 682 66 102
1506 456 130 76
1634 76 110 70
46 962 88 76
332 382 152 72
524 366 62 100
0 244 42 116
124 838 86 94
1650 796 124 82
170 958 132 78
1136 844 82 120
1760 108 90 90
1536 78 140 58
