1622 634 108 54
1072 656 44 34
1054 498 44 32
968 264 38 40
1096 250 46 28
1096 222 42 32
1056 188 38 36
1676 254 52 48
1112 524 38 40
1204 354 32 36
1046 828 36 42
1028 276 44 32
1044 512 42 34
932 838 40 32
1004 532 38 34
974 786 44 30
1680 316 66 44
48 316 40 36
534 524 40 38
1674 366 68 48
120 184 64 34
990 474 46 30
80 392 46 28
940 630 40 34
464 772 36 34
1048 758 44 32
1060 554 38 42
914 432 44 32
1704 176 58 54
1112 382 44 32
1574 966 38 38
420 408 40 32
936 436 40 38
138 520 44 32
50 358 42 30
1652 468 82 46
1052 702 46 32
974 88 42 32
146 728 44 32
1510 584 38 36
454 530 36 32
140 470 54 38
602 526 36 32
1128 104 42 30
1098 190 46 30
128 382 48 28
1702 60 60 48
588 100 60 62
606 566 42 30
1046 734 48 30
84 792 46 28
1560 1018 38 30
548 1004 36 30
218 6 58 64
492 624 40 28
1052 534 38 34
