838 162 80 110
1058 864 84 82
1148 292 64 124
1442 216 74 114
946 684 94 84
302 560 130 60
1236 102 138 72
1368 190 74 110
668 842 92 88
658 696 136 72
908 120 88 62
32 222 136 74
1060 312 108 70
1030 262 100 70
1060 716 110 82
1114 754 88 86
1224 166 128 52
1562 132 76 112
96 572 130 82
956 356 116 58
734 286 114 60
1226 662 88 90
1372 814 84 88
1534 556 120 54
898 624 94 82
604 778 112 80
1074 596 82 122
1364 430 118 64
618 534 132 52
1386 340 90 100
1516 326 110 78
502 880 74 118
740 782 120 80
774 332 114 60
1254 768 108 68
1116 850 92 80
1372 60 116 90
1072 428 102 90
142 176 118 78
832 542 80 104
390 52 118 82
594 212 180 80
442 526 104 88
1640 236 116 62
318 610 82 108
1514 120 96 56
922 540 104 84
898 60 92 56
500 140 78 80
500 296 76 92
1034 62 86 74
1312 18 88 80
1212 726 64 88
986 110 90 94
944 376 90 88
878 920 106 80
358 104 112 84
156 642 140 70
1402 532 106 86
400 782 90 82
1278 286 108 88
624 278 80 108
1428 598 92 92
1220 216 138 74
1452 22 110 68
1128 520 92 82
54 756 138 92
776 716 110 82
312 146 92 102
1482 272 90 86
952 272 104 86
674 558 124 80
1022 188 112 70
1502 650 86 98
1564 60 90 62
282 912 110 82
1328 498 76 104
1240 832 120 52
190 910 88 102
1562 692 134 82
866 370 72 116
1106 34 84 98
264 772 64 118
314 336 114 82
346 274 100 80
1642 112 88 92
1564 596 88 104
14 114 108 72
0 304 138 74
718 624 100 70
1242 420 98 102
786 904 80 102
322 748 68 126
650 18 82 54
98 326 122 74
412 324 92 92
42 686 98 66
1616 362 142 68
796 628 92 74
1584 272 110 74
392 622 118 70
52 958 94 70
470 762 106 90
778 20 120 80
624 372 104 86
492 16 88 84
66 850 118 82
102 30 78 106
794 396 86 90
1228 300 66 120
1562 916 78 92
232 60 124 84
1724 782 80 60
336 214 116 76
400 950 100 68
1692 590 84 70
1244 882 96 62
816 860 88 108
1728 204 114 92
166 82 82 84
150 860 108 86
360 674 132 68
502 204 74 94
1694 116 54 76
444 176 72 120
1576 500 104 72
1678 652 128 80
1074 148 92 80
1778 146 72 60
214 126 116 82
608 870 66 92
626 930 104 86
172 704 80 104
712 442 104 88
602 138 120 76
1162 204 54 96
6 0 92 98
570 248 68 96
172 774 92 96
512 706 88 78
170 0 76 126
1712 492 104 96
1178 22 56 94
172 372 94 110
592 18 68 62
684 76 104 98
1458 766 74 104
1696 716 130 64
400 448 56 64
1584 418 104 84
1220 34 100 94
1714 92 90 58
1620 750 94 92
400 858 108 94
210 274 176 72
216 478 102 86
106 0 86 32
1642 852 78 90
438 840 114 68
