204 162 62 72
862 726 66 42
1108 244 48 74
650 426 60 56
698 944 74 40
1338 168 64 68
828 170 54 62
38 782 68 58
1010 398 54 62
928 654 62 48
976 776 52 56
858 536 52 54
658 868 64 52
1598 436 66 44
814 606 82 38
710 142 54 48
354 666 58 66
1492 526 70 42
288 516 72 34
1574 628 60 48
634 120 66 40
764 474 76 38
1384 438 62 58
1190 224 48 78
1230 348 76 38
1036 448 74 36
708 318 66 46
1052 136 50 62
1300 0 76 64
1384 754 62 52
978 680 48 62
374 572 62 48
706 560 54 60
1480 420 72 36
1188 478 62 52
1210 84 62 70
616 704 58 46
1614 836 60 50
622 534 66 42
490 786 52 56
452 210 62 60
1176 414 60 44
584 446 76 44
112 680 76 42
386 722 56 44
102 770 80 38
748 280 52 50
1048 706 54 48
438 758 56 46
804 280 46 58
1052 780 56 62
692 370 68 42
1088 378 52 64
748 792 58 40
1638 378 70 44
698 806 62 46
418 158 74 34
144 994 84 56
910 300 66 90
640 628 68 34
1606 580 54 58
646 656 54 56
762 406 50 58
1684 470 74 52
1630 536 102 40
1480 456 70 40
110 808 82 40
1682 574 82 60
1420 690 80 40
1706 368 76 78
1644 220 94 42
954 980 50 60
1014 618 82 42
462 852 76 38
572 120 52 78
10 156 86 70
1084 860 62 44
48 710 70 48
1538 364 60 72
598 962 52 50
830 322 46 62
70 336 68 58
78 620 80 52
426 704 68 34
1626 912 58 72
1550 352 70 40
868 308 40 68
750 510 48 44
1178 366 54 46
1612 288 72 62
886 302 46 84
1670 324 66 48
1034 958 56 56
470 674 62 40
1430 672 98 42
1786 770 68 70
1230 822 52 44
1172 40 64 116
1178 794 60 40
784 358 52 44
1216 120 46 28
1022 662 58 38
1784 636 86 68
1784 480 86 44
1194 872 68 40
576 704 38 66
26 858 58 56
572 200 36 66
70 120 110 68
230 2 68 30
610 2 54 46
754 376 50 48
1682 130 90 62
1120 188 54 54
14 288 84 46
1172 952 52 62
942 2 60 56
38 456 70 36
