980 182 94 66
180 708 106 68
898 646 108 74
1488 644 110 58
1138 476 74 92
1288 420 100 68
720 206 118 68
814 400 96 74
1080 288 66 92
1082 748 110 68
1386 828 76 108
840 978 82 78
712 302 102 70
1224 722 102 56
924 184 72 88
636 624 70 78
1532 846 110 74
1036 464 68 96
1590 722 102 60
744 532 60 94
432 12 142 60
878 306 74 88
1422 506 96 74
506 784 100 80
402 250 94 74
1144 306 66 92
1230 636 68 70
748 484 130 48
1234 108 104 64
1010 236 78 86
608 752 98 66
984 448 68 74
342 336 82 90
182 908 80 60
1058 416 110 54
1594 216 102 70
966 394 98 46
1128 850 74 84
1006 80 100 72
844 594 86 62
1324 170 96 64
1714 188 100 74
940 334 58 80
616 210 94 82
1516 126 100 86
376 870 86 110
1306 282 80 90
1220 328 80 82
1256 544 92 98
1430 140 98 92
446 314 100 74
1374 698 92 76
1094 70 94 68
1242 920 82 76
1488 350 100 64
1482 292 94 56
912 268 74 78
900 60 66 106
628 356 84 72
1332 232 106 64
1618 644 100 58
284 776 84 88
766 528 100 58
1420 768 88 84
1666 114 112 84
180 966 96 62
1700 434 88 80
802 18 96 54
414 174 114 84
1424 650 92 54
118 846 100 78
502 182 84 78
1244 258 92 48
1698 830 108 70
616 536 118 58
596 16 94 78
1654 506 138 68
1490 462 88 48
22 112 104 78
200 418 108 64
264 76 94 94
726 18 66 70
114 62 94 94
1722 656 86 52
1656 256 86 66
612 874 72 98
78 0 124 72
1448 702 94 66
38 190 144 76
1250 186 66 78
408 340 62 86
1166 202 52 104
1024 934 108 56
542 844 60 94
62 954 94 66
1708 594 94 72
10 308 98 78
114 418 108 78
1678 700 118 82
528 122 66 78
28 876 104 66
508 936 100 68
248 162 102 102
1718 970 74 56
1710 60 88 60
50 686 94 66
44 514 130 66
52 328 142 68
1198 24 54 110
1158 144 52 62
1710 286 80 62
76 472 100 80
1304 208 66 58
32 408 102 62
