214 592 110 96
1590 112 98 66
1322 258 116 82
410 60 90 112
1072 228 86 94
1056 746 108 80
1260 374 86 108
1596 60 100 64
914 782 126 70
1416 726 84 108
228 200 90 98
292 550 116 82
1376 822 104 96
928 128 104 78
892 594 104 72
938 834 114 74
368 208 102 86
896 170 80 114
732 260 70 120
1046 692 118 62
994 282 110 74
1138 562 76 112
1582 296 98 82
956 624 118 74
1358 198 132 70
1338 372 142 70
790 382 126 76
1018 886 88 102
766 730 66 118
1290 812 84 100
1488 296 78 98
580 162 130 74
990 414 90 104
604 636 124 68
612 306 122 62
1136 228 80 114
1236 672 106 78
230 440 94 94
126 574 86 114
778 16 102 76
620 14 116 64
758 490 80 94
118 680 142 72
1138 756 74 110
1408 278 86 90
688 844 74 110
1070 432 98 80
890 712 110 84
432 554 126 76
846 280 144 62
1412 602 94 92
1638 216 126 92
294 146 148 74
1708 572 92 98
1518 500 152 68
824 504 96 88
1218 744 132 66
814 578 84 102
400 300 120 76
1078 340 102 84
1514 704 90 90
598 566 126 70
642 240 96 74
1374 502 106 92
1028 164 80 102
800 144 70 94
1660 302 110 82
1598 586 106 94
1108 842 68 118
1406 944 96 98
912 24 96 66
1042 120 92 78
216 110 116 82
754 576 82 80
162 868 100 88
696 164 88 106
90 448 142 84
40 862 122 96
1630 684 104 84
106 128 120 78
792 300 80 106
366 484 108 82
1312 626 128 66
514 892 80 92
604 60 90 86
676 386 110 76
796 898 106 82
686 492 84 96
1052 60 84 62
702 120 102 62
1214 608 94 78
4 120 120 72
924 524 72 82
1486 572 112 84
882 844 64 108
70 274 132 92
32 784 156 84
58 182 126 88
1506 380 114 84
1358 442 76 106
300 236 96 94
498 730 88 66
180 804 128 78
1162 60 64 60
708 654 76 112
1692 0 144 68
846 440 92 82
638 790 96 88
396 712 96 96
892 334 86 86
1256 132 82 110
1206 502 104 66
1024 454 78 94
990 696 92 94
0 0 106 94
1048 522 104 74
320 696 82 108
66 486 112 92
372 624 134 82
958 64 104 88
1698 92 120 76
458 350 100 70
388 866 104 60
1354 24 94 72
1238 26 96 60
594 350 98 82
1718 350 114 96
1584 752 144 82
966 540 102 80
982 18 86 46
592 470 76 66
20 574 110 124
1214 214 64 84
1704 892 104 74
1722 808 120 68
800 974 54 78
470 484 118 70
14 274 86 102
78 48 142 82
718 16 74 60
1294 56 100 84
382 806 114 70
1216 842 70 94
454 656 88 66
1774 712 62 66
650 702 80 78
1656 152 168 64
