354 272 42 36
950 544 42 36
160 596 44 32
222 504 44 34
334 500 36 36
312 288 46 30
1484 352 34 38
168 580 42 32
1096 386 44 34
1058 530 40 36
1030 774 42 30
924 374 40 38
1004 576 36 40
218 390 46 30
874 102 32 48
1032 732 44 30
172 250 38 36
220 576 46 36
792 134 46 32
1030 676 42 32
1548 368 46 32
960 380 40 38
1012 618 38 42
1022 538 40 42
256 544 44 32
96 588 42 34
370 424 44 28
920 404 46 32
894 298 40 40
878 342 50 32
1074 574 40 40
686 220 44 28
916 452 34 38
1112 220 38 42
1068 872 34 38
1014 454 42 34
212 764 40 32
912 418 40 34
482 188 44 34
1058 634 42 36
966 444 40 36
972 544 42 32
1168 388 34 40
412 418 40 30
1062 330 42 34
862 350 46 36
1016 562 36 42
278 484 40 32
180 562 40 32
972 272 52 34
1046 260 50 34
210 182 56 38
246 336 44 34
1048 396 44 32
1048 590 42 30
442 114 40 36
1030 112 42 38
1194 468 46 28
1018 30 44 32
936 290 44 40
494 60 44 32
140 88 40 30
888 218 40 34
972 934 54 42
866 300 42 34
1034 382 40 36
1078 488 38 32
308 308 40 34
880 92 38 28
1072 138 44 32
1004 208 44 34
996 406 46 32
1026 356 42 38
946 280 56 32
1662 852 46 30
532 96 38 40
288 390 42 30
940 100 46 32
92 524 48 30
600 180 38 26
1114 288 40 32
1044 38 38 36
920 300 40 36
298 366 56 32
1020 82 50 30
1102 204 38 40
640 416 34 40
1096 178 50 30
890 240 46 36
990 364 40 36
1002 102 40 38
1080 60 38 34
1674 380 58 42
1684 236 74 40
1180 114 30 38
1046 296 44 34
1620 932 74 34
1512 814 38 36
1784 394 50 44
1020 426 46 34
1750 752 70 38
1088 440 42 36
32 572 42 32
304 338 50 32
442 4 44 26
96 224 40 28
980 252 44 34
1030 628 40 38
1780 506 48 24
962 76 40 34
1666 748 50 28
1094 688 42 40
920 278 42 32
898 206 44 30
1098 364 44 36
1044 60 52 20
1680 268 74 50
90 650 56 24
1036 342 40 34
1832 818 48 24
1836 866 58 36
