940 360 110 58
960 680 68 98
1004 230 74 88
1328 272 78 92
1060 196 102 66
870 830 104 70
1076 578 72 76
936 304 106 58
990 424 66 90
884 422 84 74
828 212 104 74
1062 728 110 60
958 548 88 62
1368 684 98 72
906 594 74 74
1238 168 98 74
1068 404 96 52
1086 884 90 78
1546 626 88 72
1504 864 104 64
262 552 110 68
1234 380 114 66
1558 226 82 80
1372 586 88 72
1632 688 92 66
854 614 72 86
1216 620 88 70
1462 558 82 82
894 484 76 94
1152 486 70 78
1636 748 86 90
714 90 72 96
938 918 78 98
804 266 80 72
718 816 72 92
1366 756 90 66
1038 612 60 104
1674 478 100 68
1556 498 88 58
1440 754 72 94
1160 580 54 88
688 482 64 88
1278 558 110 72
770 834 84 76
700 338 112 60
1542 550 92 68
1026 116 84 76
1156 310 54 96
1278 96 68 84
348 226 124 64
820 360 72 84
940 94 104 76
1140 772 66 68
758 428 112 54
348 790 118 70
786 92 102 60
806 918 74 66
516 698 70 96
708 248 80 82
1110 342 72 86
1472 504 94 66
464 542 76 98
682 704 72 92
812 16 80 78
252 322 120 84
18 112 108 74
1224 314 54 94
1410 284 80 84
186 0 108 56
1214 742 106 86
1008 756 72 86
1276 828 98 60
662 146 60 94
1318 428 96 66
732 688 90 92
1566 376 92 72
1434 658 90 74
1290 728 88 70
408 872 102 74
774 122 62 84
1514 918 76 86
606 354 84 110
1236 60 66 90
830 504 64 94
1594 320 100 54
628 240 80 92
468 712 68 86
474 906 72 72
96 720 130 66
1506 460 110 50
1456 980 72 78
1638 352 96 64
486 836 122 66
1630 186 114 64
328 856 94 82
1532 710 100 72
456 278 104 68
1358 872 104 74
800 632 68 72
296 286 136 64
1432 142 94 80
1296 884 80 70
112 656 136 60
734 574 66 76
1298 474 84 84
598 162 78 74
1142 28 68 82
1516 120 72 86
1072 464 90 82
1514 318 104 60
1072 72 98 62
1226 220 52 88
38 192 106 104
642 670 90 68
676 576 64 98
1404 422 76 76
620 472 72 78
770 528 76 62
232 434 80 98
1408 60 76 70
286 60 102 48
470 226 132 56
460 458 102 44
1672 242 78 74
376 322 96 78
1016 810 86 62
1500 756 82 66
1696 102 136 54
516 374 82 78
1730 520 90 70
1300 958 92 66
1462 60 80 92
730 898 96 66
1418 200 74 68
24 0 94 94
210 686 86 108
624 572 72 98
1712 578 86 76
6 312 80 74
744 490 84 42
630 80 70 82
1684 60 98 72
756 304 88 56
100 150 136 80
1162 208 56 90
1710 304 92 84
88 430 146 64
368 486 80 70
548 756 68 80
1236 918 94 80
1672 640 114 80
1212 852 50 94
1600 16 108 72
522 60 72 54
1638 412 104 70
454 360 86 84
628 962 74 80
170 126 136 68
506 120 90 70
734 18 80 52
262 170 106 72
248 840 96 76
812 972 66 76
68 764 96 72
112 550 104 76
418 142 110 78
622 20 122 80
1460 14 96 52
278 668 110 86
614 882 64 82
424 636 142 78
78 474 130 66
402 60 130 48
1830 772 70 72
1238 456 86 68
1710 986 80 70
1734 174 84 64
970 22 78 38
58 956 88 64
1572 60 132 46
48 686 86 56
1248 496 76 78
170 830 78 56
166 258 138 76
544 946 74 68
424 952 72 88
1146 426 58 66
1682 818 116 86
1740 260 76 50
