982 520 98 52
888 240 78 62
946 334 78 58
954 126 78 64
1304 278 80 68
850 634 68 86
1306 414 80 58
966 652 74 68
372 216 84 70
866 318 76 62
782 100 70 86
1136 460 56 102
804 356 64 66
1358 550 74 86
66 792 112 78
1096 174 58 80
848 442 90 48
1444 504 74 64
856 372 68 64
1576 848 68 64
780 764 98 50
186 748 94 84
310 504 80 66
910 706 72 52
990 272 88 58
1644 674 76 68
888 486 88 42
1070 114 64 62
1074 460 84 50
1380 240 92 60
1552 530 66 72
836 818 100 54
210 922 82 62
680 218 76 82
998 160 74 66
678 520 88 60
788 852 68 72
1518 376 86 72
1464 370 68 94
1334 144 90 70
652 326 88 60
686 876 68 80
280 750 116 62
1262 554 56 90
1528 662 64 66
1512 212 74 50
1338 80 102 64
216 300 116 64
438 648 70 84
676 136 62 70
384 92 78 80
100 502 90 74
218 444 96 60
724 294 64 84
0 216 124 54
1576 120 66 70
1554 240 78 50
1382 712 68 82
1598 336 82 50
1332 788 82 60
1696 142 92 68
1418 642 80 60
376 616 84 54
410 166 86 58
1458 570 58 78
460 846 86 48
132 688 116 60
230 202 86 70
640 786 62 80
1418 182 70 74
1688 208 56 68
1620 242 56 70
1094 372 80 54
336 942 78 68
840 66 86 58
154 90 98 60
300 874 74 82
1090 722 74 52
1686 266 78 72
1128 628 50 76
64 956 94 64
784 494 58 60
1226 330 54 84
444 92 98 60
630 670 96 86
500 286 74 74
1224 194 56 84
874 968 86 64
1086 878 60 66
1078 672 62 50
1114 298 48 82
740 594 96 52
956 766 94 70
1728 60 96 64
134 968 112 62
1468 810 68 50
688 954 68 82
1046 748 58 68
288 280 88 66
246 630 78 84
1614 564 58 66
1162 594 46 86
96 876 108 78
1526 86 58 78
1706 518 76 62
988 878 100 78
630 212 56 86
820 570 78 50
1062 24 62 54
628 744 106 44
1472 50 70 64
120 582 84 70
416 946 106 58
1692 410 70 66
1690 782 84 82
196 602 74 64
112 164 106 78
40 124 96 66
832 518 64 50
22 876 84 70
1726 888 64 82
1234 886 68 74
102 48 84 76
1230 782 98 64
1640 866 82 50
1152 328 60 56
616 258 62 80
1688 614 72 68
640 866 40 82
312 446 76 58
294 166 114 68
1340 120 82 30
60 692 92 54
386 844 84 66
1106 760 86 56
1516 964 42 60
602 60 52 64
46 318 120 70
748 554 98 46
1240 948 66 62
1144 46 68 84
222 996 86 60
408 904 80 48
1528 616 58 56
1592 636 60 42
750 986 82 40
1226 84 56 60
1220 594 42 98
1438 112 86 50
392 988 72 66
