532 824 68 74
702 660 56 68
1322 568 60 64
1072 538 84 44
1008 242 66 58
824 636 64 56
838 744 60 58
1536 348 86 56
320 306 120 60
874 424 60 76
960 956 94 56
928 232 54 74
1254 484 64 56
636 72 66 78
1448 92 92 54
1408 278 82 56
1362 196 72 52
476 346 98 54
988 696 74 60
754 92 82 46
1106 174 60 66
1680 238 82 44
1442 588 76 56
434 496 64 78
950 322 74 44
1226 406 82 50
724 578 80 52
776 244 72 66
954 566 68 52
1266 318 66 92
1574 178 68 66
952 628 72 52
1106 300 56 72
1408 468 72 54
964 514 72 42
640 538 66 54
1048 762 88 50
1242 154 84 56
200 698 94 42
1340 724 66 50
1034 880 74 54
792 538 68 50
1522 734 50 80
714 374 82 44
242 102 90 78
178 746 110 48
986 414 60 40
1404 540 50 64
680 516 76 46
510 278 74 60
1166 332 50 66
1322 138 80 52
840 228 60 56
1250 906 68 64
620 254 88 64
1372 758 70 54
1086 130 82 46
792 700 76 38
162 166 92 60
1092 664 52 66
676 940 70 58
1558 128 72 50
1098 906 58 62
1102 378 62 46
650 850 60 82
1612 822 58 58
110 464 102 84
1732 102 78 78
1218 748 52 60
1084 956 66 56
1242 660 66 54
694 878 68 60
390 782 96 44
1722 306 84 50
766 486 74 46
1600 646 80 40
1034 444 68 38
500 574 92 62
1736 210 76 52
524 76 72 76
1674 448 86 44
74 686 86 64
1630 600 104 54
800 428 80 48
78 948 86 64
624 736 56 68
984 468 80 30
612 176 60 56
1702 60 76 48
54 124 80 64
1456 750 58 68
1646 792 58 64
800 84 26 48
60 194 126 76
616 308 74 56
532 202 68 50
1664 672 60 56
1170 40 44 86
642 120 52 26
1624 150 68 56
1082 708 66 50
1612 698 56 64
108 0 96 54
730 54 88 44
112 102 110 48
1834 256 66 62
1734 672 60 52
106 604 110 84
1164 680 54 58
644 18 70 44
