200 216 106 92
1680 286 124 84
1596 300 74 108
144 600 122 78
1290 52 66 138
1072 524 72 118
976 760 104 88
172 510 106 88
984 326 90 82
1148 472 74 112
796 522 94 96
392 890 70 126
1384 202 102 90
292 190 122 80
1670 794 122 88
856 466 114 84
1498 778 80 108
770 820 104 86
266 794 116 82
956 852 76 98
1074 338 124 74
744 290 86 102
654 840 116 80
400 792 92 92
1074 218 96 112
1558 18 108 72
1336 486 86 104
910 172 126 80
1254 378 82 102
896 800 70 114
1492 544 72 106
84 496 96 100
386 40 86 96
830 658 98 90
1232 202 96 94
300 862 116 78
742 896 64 126
666 616 62 120
888 262 92 92
866 574 92 88
1492 194 106 88
676 768 130 72
608 28 86 122
190 766 86 114
598 168 92 100
438 250 122 84
8 600 130 84
752 122 106 82
640 232 106 86
1438 652 90 90
964 464 146 70
994 638 120 90
284 680 112 82
968 42 72 112
1250 552 66 116
736 382 124 80
1318 406 90 98
268 934 102 86
174 300 116 82
1056 402 116 74
880 392 98 88
1318 20 104 86
590 668 82 106
1350 106 122 82
950 594 64 114
830 346 124 76
844 120 72 78
374 102 78 120
80 214 124 76
1318 580 92 94
154 860 114 94
1458 18 116 56
1078 842 82 102
1590 200 96 92
1086 120 78 50
444 330 112 82
1370 800 86 100
740 670 84 108
968 368 86 98
1614 612 122 70
1232 668 108 74
1218 756 80 84
1566 570 78 100
462 770 112 88
1090 728 78 104
1320 692 82 104
406 10 114 70
1364 312 64 122
186 424 104 82
1606 902 86 98
0 518 88 72
728 60 106 76
1214 296 86 88
652 344 110 86
290 92 92 90
1688 182 114 100
172 954 98 88
590 120 100 52
400 662 92 102
400 596 140 78
1412 362 120 74
850 894 112 78
492 112 88 80
1064 936 118 88
1692 914 128 78
1478 104 90 98
1514 286 112 76
1124 804 82 110
724 620 116 78
1620 548 148 76
280 266 140 72
350 444 122 84
506 894 84 86
1458 948 78 98
1690 642 108 80
110 740 106 84
622 18 134 72
1408 58 128 76
1506 350 96 78
326 500 108 88
226 342 120 70
24 410 100 66
1224 486 64 108
692 458 128 88
40 842 120 86
610 574 80 108
1528 696 162 80
1606 120 98 96
862 20 126 70
1590 468 88 100
602 884 88 102
642 60 104 46
1688 436 108 92
42 688 94 74
270 502 82 88
1170 560 54 84
602 456 92 90
1552 132 84 80
1154 60 88 64
14 266 108 122
800 284 38 94
8 34 86 62
508 14 68 106
1394 302 92 74
322 312 120 92
900 120 78 50
8 120 118 68
1720 112 130 90
1648 704 84 98
986 120 68 42
434 406 94 94
516 612 90 96
0 770 98 48
1648 60 64 52
1164 410 74 70
