896 606 114 64
1628 718 78 110
1342 246 110 88
1024 562 100 88
220 308 98 96
328 6 98 110
1070 226 94 112
1628 498 96 90
1352 842 160 68
998 750 100 84
662 776 112 80
1452 778 100 78
1590 994 112 66
812 382 84 98
1102 514 110 78
452 900 94 102
668 392 96 82
1536 142 120 84
876 938 76 108
1448 582 102 70
806 660 86 98
252 186 94 98
1068 450 88 86
1308 402 76 100
1254 142 130 70
1414 898 98 82
488 788 98 60
154 860 84 104
416 630 140 64
816 740 84 100
1142 178 68 148
772 184 106 94
884 310 88 98
1500 688 100 82
1238 362 112 86
844 506 82 112
1476 434 170 66
1046 160 144 68
1096 850 114 86
604 756 76 84
1712 718 100 70
1528 598 120 78
136 254 110 74
924 550 100 74
682 120 92 70
954 304 78 98
886 408 64 134
1282 210 96 94
664 714 108 60
788 62 106 96
742 718 92 78
1256 676 82 104
400 574 142 64
298 134 122 80
1244 182 72 100
706 640 92 84
1528 534 116 74
372 682 100 100
970 120 92 64
1636 584 102 92
112 302 92 90
1548 232 100 84
980 484 108 90
288 582 148 80
1454 18 118 58
1084 612 80 114
1454 252 82 84
1260 902 90 80
632 566 90 90
1222 602 80 100
1716 350 84 98
1628 278 112 76
736 22 134 66
1424 192 106 88
1512 920 116 94
744 394 94 98
896 756 100 86
340 444 70 112
1338 758 120 84
1680 864 100 92
628 312 88 82
1030 350 116 84
930 380 72 84
1328 504 118 80
450 114 104 88
12 210 100 98
1562 842 126 82
412 6 112 82
670 902 114 60
1300 64 96 94
102 164 108 90
20 108 112 82
168 94 106 92
1216 842 54 96
1370 308 92 96
1338 890 70 108
452 200 72 122
126 634 144 68
990 368 64 92
270 516 122 76
224 642 130 72
298 836 152 68
1120 30 68 118
1230 50 76 94
488 378 104 80
1008 436 96 66
1042 26 82 120
694 302 108 90
1222 482 66 102
1022 812 104 74
1654 196 92 100
606 36 94 100
592 150 102 82
1412 382 102 80
370 246 82 110
646 638 82 106
646 850 120 74
1298 582 76 94
32 766 140 66
1522 300 94 92
1234 736 74 116
1362 448 92 72
722 938 74 92
98 48 112 84
46 580 152 66
310 282 84 104
348 356 112 84
976 888 70 100
1558 60 102 78
218 60 110 74
1604 354 120 82
448 686 108 90
766 264 106 88
1436 316 92 82
246 700 88 106
776 926 100 82
174 578 112 74
606 540 78 74
1206 288 68 106
42 288 106 90
1638 652 122 80
50 954 98 72
1400 638 84 106
934 798 82 98
648 212 116 78
44 410 82 60
196 910 90 94
1140 600 72 62
232 810 110 86
1238 950 80 94
596 246 88 86
1358 582 90 80
618 14 100 52
1638 446 112 86
1734 954 64 78
132 0 120 66
486 854 92 74
1052 928 86 92
1698 112 98 94
1784 60 78 90
970 22 102 54
470 482 112 74
512 238 76 84
160 704 98 88
604 120 86 38
1694 10 86 58
0 506 64 78
178 438 108 66
270 762 124 74
42 688 98 62
1768 826 60 70
530 618 64 112
76 818 90 98
