950 514 104 56
854 766 106 72
908 358 110 70
1036 776 110 64
1588 200 98 80
1050 714 80 64
1228 116 136 82
1314 792 96 78
750 870 78 92
1322 368 108 66
1042 276 80 106
1062 840 118 76
854 450 102 80
1232 336 122 78
1348 156 110 88
890 706 118 72
1228 460 96 90
1500 744 100 66
94 846 122 64
826 886 124 66
956 440 68 90
948 196 74 110
856 120 126 82
1364 670 110 72
1150 762 66 92
424 242 84 96
1094 498 70 102
1496 282 118 78
612 624 118 86
1062 648 76 68
816 372 104 94
1032 414 72 114
1296 460 112 62
1358 294 108 76
890 60 106 62
760 644 82 74
1218 732 78 100
1692 552 122 68
1004 136 74 108
1154 472 60 126
1552 574 98 108
434 652 136 78
214 218 132 84
734 120 76 46
618 202 110 98
1726 416 118 54
1708 226 114 82
1426 500 110 90
450 568 138 76
276 280 82 102
1118 292 104 84
604 310 164 72
38 768 114 86
1626 586 106 62
1458 668 112 78
1426 360 114 72
846 946 88 80
1628 492 120 72
344 294 118 80
44 222 134 76
686 182 130 80
1034 60 102 82
180 782 104 68
824 658 72 114
974 562 88 86
744 508 112 84
1638 94 94 82
612 348 74 110
926 620 116 84
90 60 118 86
54 0 118 76
660 100 70 118
218 476 150 72
1562 120 102 86
1426 218 96 102
970 858 110 84
400 106 38 110
1582 340 112 84
472 92 80 82
634 14 86 48
400 468 48 96
50 964 96 70
408 512 118 78
1300 938 70 96
1230 60 60 82
454 218 130 74
1398 60 100 88
1514 484 138 66
44 692 94 64
668 554 70 92
758 440 110 80
1016 20 98 46
178 526 108 64
738 574 76 110
414 722 106 94
202 832 84 96
696 808 86 84
1484 390 78 88
292 788 124 62
274 832 114 72
1226 204 66 104
452 936 80 112
506 842 94 74
1598 436 100 74
682 508 78 92
22 120 100 70
802 16 90 52
1720 474 108 64
1232 890 72 110
612 918 94 64
692 960 82 76
630 832 96 92
1406 762 88 82
298 552 112 88
10 562 116 84
226 90 92 96
130 580 92 102
720 264 112 74
144 718 92 96
298 60 112 56
332 640 100 90
1558 12 114 84
402 878 80 88
1070 134 82 110
1432 946 84 94
180 916 100 90
1150 38 68 84
308 160 100 78
1514 942 104 84
240 0 54 60
610 712 94 84
1410 850 82 106
108 896 106 84
1238 682 112 60
284 368 84 116
1642 284 140 76
1790 120 60 84
1634 654 118 62
1634 398 106 64
0 18 98 78
150 144 126 82
934 948 70 62
1058 936 78 62
1590 766 88 90
118 328 102 82
1566 844 96 56
1408 440 96 86
164 276 114 80
1122 18 76 50
234 654 106 74
594 80 50 74
0 206 44 80
1242 610 64 82
434 126 90 98
400 60 120 68
276 74 94 82
1564 908 124 58
1732 32 100 88
