188 912 62 50
326 130 98 44
1568 186 66 54
332 820 50 52
1084 238 62 70
908 326 56 48
644 370 60 48
250 758 72 46
1284 64 70 54
772 350 62 50
748 442 84 30
828 122 68 52
848 390 72 40
652 650 56 52
414 110 64 46
1306 300 58 62
918 548 50 54
1012 646 52 46
1046 178 58 44
600 136 74 66
1706 108 74 52
116 224 74 66
152 172 60 60
586 72 78 52
578 186 64 100
1292 232 58 44
430 908 52 62
1604 314 58 48
818 590 58 36
882 94 54 54
1454 144 54 50
800 446 30 34
1602 818 54 48
596 826 84 50
910 506 62 38
582 0 92 68
1094 906 46 66
716 650 42 60
468 964 56 56
780 494 66 44
766 120 46 24
1716 562 42 56
36 526 80 44
1324 0 54 20
1280 756 36 42
1110 656 28 54
1214 598 70 40
1046 770 54 46
1100 100 44 58
56 976 72 50
700 842 56 40
204 144 52 60
1190 136 72 42
1082 468 60 50
16 156 88 66
686 912 48 46
238 168 74 48
1180 482 76 42
710 238 56 46
662 266 48 50
228 810 66 32
584 462 84 34
616 542 74 46
1344 268 44 32
496 824 68 40
1044 944 48 60
252 14 80 52
1478 844 30 44
800 88 20 54
38 460 86 38
826 758 44 26
1058 714 42 38
1050 422 60 34
1068 676 40 38
82 396 108 42
32 696 96 68
504 936 58 44
