1542 320 84 58
902 424 46 70
792 760 62 54
656 694 60 58
914 290 54 66
1672 410 110 58
784 358 62 46
1034 630 58 56
774 410 70 50
1280 842 76 38
844 184 74 54
1526 254 90 46
1022 488 50 56
1220 574 58 66
208 156 90 50
678 374 74 54
1638 66 92 56
1100 654 46 64
940 704 48 72
588 792 70 86
782 118 78 52
790 656 50 56
860 464 54 64
588 416 86 62
706 326 56 46
1362 250 74 56
1344 398 68 68
890 616 50 62
334 94 72 56
1588 494 76 52
674 86 70 54
722 708 64 54
118 198 74 60
726 106 54 76
498 660 54 90
398 494 82 46
1332 172 82 48
870 272 52 70
1060 234 66 46
1298 234 58 60
288 850 78 34
836 922 56 70
948 64 50 68
1426 762 80 44
968 448 68 46
1416 620 56 62
1390 992 78 48
466 870 66 54
704 546 64 64
1438 116 94 48
1656 682 82 58
1336 594 50 50
620 214 76 42
1038 182 76 42
318 386 82 38
1400 440 64 70
662 602 50 54
1508 766 84 44
1240 256 70 54
760 282 54 56
1282 686 52 58
452 110 60 66
690 286 64 42
1278 562 64 44
1270 392 64 50
1318 342 88 40
1060 412 70 50
916 824 74 40
892 998 50 62
1700 564 72 64
798 556 68 46
980 838 50 62
374 234 80 36
72 504 82 64
472 424 82 50
960 684 62 50
610 28 82 62
474 926 56 64
1652 942 90 62
188 504 80 44
1212 942 70 44
814 280 64 62
1598 964 90 44
1672 170 100 40
14 644 94 48
1266 746 66 48
1324 926 66 38
996 328 66 46
952 636 70 42
966 932 62 48
1634 740 80 56
1404 690 76 42
1434 26 80 54
698 908 52 58
602 566 72 54
834 520 54 60
1502 540 52 64
1042 364 58 50
618 882 58 64
454 22 76 54
1172 628 58 48
1094 340 52 76
642 340 52 64
388 844 76 46
1478 852 60 56
920 574 46 56
1190 120 56 66
1204 674 68 36
1460 504 74 34
486 362 68 52
650 262 62 48
910 898 54 46
220 988 80 36
1482 932 78 54
1478 800 72 46
1574 558 76 46
18 358 120 44
1190 330 54 64
1312 666 60 44
1256 904 58 48
1058 134 66 42
1190 460 70 42
1560 668 62 54
746 918 54 62
1108 524 50 70
154 156 62 50
1258 346 62 48
1280 516 68 42
1028 284 64 42
1418 962 72 48
6 314 100 42
1616 810 76 60
1050 944 56 52
426 630 58 70
1034 832 60 50
1172 962 56 56
1018 120 56 58
1176 774 52 52
1682 202 94 52
928 540 62 42
1630 216 74 60
168 842 76 38
1612 598 76 58
162 0 86 76
1212 194 66 46
1080 94 58 42
1080 524 48 50
1240 86 72 36
480 562 74 70
1078 906 50 68
1234 326 68 38
1712 472 74 64
784 52 68 50
1174 742 66 36
206 924 86 44
478 90 74 48
300 16 80 64
404 272 66 58
752 72 58 48
1642 630 80 48
728 2 54 60
418 702 68 52
1184 412 64 48
164 546 92 40
742 596 46 52
650 932 64 48
444 792 100 42
1094 868 48 54
1482 626 56 64
12 162 82 54
276 804 64 38
1476 694 48 56
1790 778 82 52
802 596 30 40
148 580 76 42
744 962 48 68
1546 600 70 42
1172 532 42 56
290 746 72 38
1116 188 54 48
1158 640 44 68
40 712 74 40
996 54 50 56
58 224 100 66
484 120 68 38
1178 716 70 42
1666 260 108 70
108 724 82 34
188 604 68 44
926 508 52 52
904 946 64 44
30 442 90 48
294 344 74 36
1456 940 54 60
1112 826 38 34
566 218 60 58
1606 0 82 36
1784 664 80 48
1144 870 50 80
