1062 246 80 114
1426 438 72 114
1450 592 72 118
1448 290 74 112
1038 528 82 108
1008 622 64 118
1392 652 72 108
58 290 112 102
756 792 72 114
1528 586 110 96
832 686 80 110
1052 108 98 100
338 752 82 114
1572 184 82 110
1004 204 66 124
648 830 116 84
1322 690 90 96
1488 506 106 88
844 386 154 66
1636 12 122 68
1480 732 92 86
1596 764 74 118
1362 324 88 102
710 356 126 72
1124 556 68 122
158 100 78 114
1464 196 106 90
746 694 72 114
1544 680 88 104
1306 580 124 68
1278 128 72 118
978 84 64 122
810 60 122 72
1362 796 102 90
1016 60 104 70
1310 18 108 92
1130 60 90 58
1330 244 130 90
760 112 100 92
172 420 108 86
850 438 126 80
118 650 94 100
1062 434 124 78
1604 546 138 74
684 252 84 116
986 360 104 82
800 550 142 74
1232 184 64 136
900 688 96 92
1240 582 92 108
1632 432 116 86
674 398 64 130
796 924 76 116
1552 42 102 100
388 140 82 108
1348 150 76 104
888 326 146 74
340 620 76 106
1158 466 62 122
184 826 156 74
1048 708 94 92
478 290 88 94
400 558 80 88
630 694 80 106
370 694 112 80
626 60 108 44
428 782 106 90
1074 612 76 110
630 166 104 92
1642 296 114 88
774 276 104 82
956 488 118 78
1442 66 106 106
810 344 76 114
470 566 74 114
756 588 72 116
426 928 102 90
910 90 84 88
1220 806 68 114
898 562 116 128
36 770 154 82
614 120 102 56
1118 840 86 84
1250 60 60 74
1264 516 114 76
1540 404 92 108
472 460 94 90
1238 694 104 88
982 766 96 98
1316 866 120 86
684 916 82 96
178 524 102 106
474 146 66 104
1654 60 96 100
878 770 112 68
1342 496 96 88
866 166 130 72
1002 436 94 72
204 220 106 86
200 636 104 106
840 496 104 76
186 0 118 84
1240 306 74 108
1656 362 150 70
804 174 76 104
770 482 96 78
862 204 70 124
160 284 102 78
1514 866 114 74
166 728 136 70
718 152 88 100
1670 706 100 98
1118 746 82 112
46 960 94 76
28 192 178 80
358 52 156 82
514 718 72 102
1744 420 80 98
1710 638 130 78
1686 504 146 82
14 120 110 66
926 212 72 112
216 338 126 76
1238 444 92 104
814 872 120 78
350 218 96 106
1612 618 70 112
1046 794 90 104
1152 300 84 94
228 106 110 92
938 842 110 80
1688 790 100 110
1714 710 132 80
10 872 134 86
1296 272 78 110
260 288 148 74
934 922 74 114
420 628 114 84
1446 132 152 80
586 366 102 82
1722 580 118 64
400 322 96 88
728 416 108 84
666 540 116 76
1622 864 118 82
584 60 58 60
730 16 108 86
502 210 68 82
272 188 104 90
612 900 78 96
1460 20 122 48
1692 228 104 84
286 460 112 86
1232 900 104 74
872 824 80 86
1200 748 92 68
1688 936 74 120
32 570 118 86
606 528 86 106
360 898 90 80
144 892 196 70
1624 174 106 84
1674 612 76 98
1578 376 108 76
1592 930 118 84
246 598 126 82
520 842 72 120
584 258 104 76
1070 928 84 114
22 2 152 98
0 818 72 84
720 238 118 82
502 376 76 76
0 506 54 84
1806 56 66 90
68 482 166 84
496 128 78 84
