1314 184 74 114
1014 748 62 132
870 476 82 106
972 436 70 118
1504 328 122 78
1050 682 96 82
224 600 118 82
1038 382 160 64
1240 354 100 90
1504 688 86 106
1438 250 74 120
1652 26 116 84
814 592 76 112
1050 334 140 56
1246 94 112 82
1104 834 98 88
980 878 90 108
1042 608 102 86
888 120 96 60
1314 596 80 112
1110 580 88 92
1248 758 100 96
208 244 78 110
172 866 92 102
1038 446 128 68
582 376 104 72
746 930 78 110
1560 74 104 80
654 44 96 98
440 592 126 76
1434 20 70 112
1126 274 92 80
1620 174 108 88
1442 154 132 72
620 530 110 72
1126 60 84 62
1128 468 70 122
104 218 152 70
52 776 112 88
1618 570 74 112
724 546 88 100
1330 64 98 90
1594 780 104 88
1330 490 112 84
814 756 138 72
1490 536 120 78
1244 22 108 64
686 676 146 74
1376 182 96 80
148 436 120 84
1028 272 104 78
1218 536 62 102
652 898 84 106
1090 212 118 74
1676 320 108 70
934 690 76 106
324 804 106 104
204 516 132 80
746 844 94 90
246 218 150 78
778 490 92 88
614 154 80 124
816 294 76 102
174 744 92 92
892 322 82 98
702 368 96 90
1502 236 96 90
1394 566 96 84
274 910 94 94
1694 702 92 94
10 226 92 100
794 402 108 80
464 756 128 88
1634 256 94 100
1026 162 72 118
280 302 102 90
1546 606 84 104
1092 738 86 116
816 854 84 102
1368 366 60 110
774 180 112 86
1410 706 106 84
398 188 106 74
800 934 36 106
1218 186 66 116
1538 14 118 80
106 310 102 90
168 678 120 80
940 246 112 70
1558 922 108 82
274 0 114 68
408 62 136 82
170 952 134 72
400 662 148 76
1224 872 78 92
1480 810 82 102
1054 98 100 92
1232 596 86 98
462 836 140 76
14 116 104 68
172 0 116 92
654 614 146 82
392 328 96 90
1336 932 90 92
76 838 146 76
594 592 82 72
1228 678 142 82
942 980 112 68
848 244 102 86
778 40 114 82
56 498 126 78
746 116 158 72
0 786 66 98
0 60 138 46
588 478 118 62
1526 444 106 90
472 340 88 82
484 152 84 94
866 608 124 78
396 838 98 84
932 558 82 96
1624 666 84 98
2 546 104 86
18 858 100 98
1710 830 98 86
1662 98 160 80
152 130 116 88
1622 362 128 78
978 120 100 64
464 234 104 84
1500 946 86 106
1356 692 62 116
368 250 114 80
642 842 86 80
912 184 104 74
598 120 74 42
384 718 112 88
66 566 180 64
592 30 70 124
52 0 138 56
1412 784 104 90
514 652 76 84
1750 182 98 100
46 960 102 80
1412 376 92 100
588 252 64 98
1630 434 116 80
608 652 86 102
600 930 74 130
348 128 116 84
274 676 106 84
28 418 102 58
492 386 78 72
422 912 128 82
626 778 122 90
1748 638 102 84
672 418 74 94
0 320 136 68
176 348 122 84
266 76 118 88
1714 478 96 82
