1388 624 108 76
1544 576 100 102
808 146 56 140
1484 782 88 102
1532 290 110 88
988 438 74 124
148 902 112 92
1324 410 112 80
944 240 64 130
362 124 116 84
1384 246 84 108
1360 124 82 100
628 558 92 96
1310 546 66 112
1246 62 94 90
1312 736 74 110
1376 506 74 108
298 784 84 104
252 312 146 64
1318 334 108 84
1062 148 120 80
602 30 108 108
1226 664 142 78
962 526 86 102
1262 142 98 86
1552 482 118 84
908 688 74 94
818 726 90 90
936 370 84 100
872 878 64 126
1654 852 150 82
1450 524 90 96
792 484 66 112
934 24 96 90
972 120 90 86
1278 814 74 102
874 158 82 104
424 712 142 76
1476 438 82 102
1526 148 98 84
1380 800 106 88
724 652 112 86
970 680 86 100
1012 576 100 88
400 260 78 88
260 84 122 80
732 120 90 108
976 184 92 92
460 360 118 88
466 894 94 92
852 240 80 112
462 240 116 74
1108 484 88 94
350 842 116 78
1636 288 110 82
774 382 100 104
662 830 84 94
1676 568 120 80
832 306 90 88
620 684 116 98
366 656 96 92
184 798 122 80
974 918 70 114
778 804 106 68
472 634 118 90
170 264 100 98
590 220 180 74
1498 376 142 86
880 772 96 88
1224 198 84 134
1450 78 86 118
1720 680 86 104
676 770 110 76
244 242 144 72
826 18 100 88
1106 596 94 92
764 912 98 88
1392 886 80 106
1060 650 110 88
448 292 110 86
1048 414 112 86
250 910 90 104
1612 206 158 76
1240 360 92 76
244 700 126 76
1080 758 120 90
1074 62 110 90
114 606 140 62
626 294 130 78
440 494 118 82
1442 204 88 94
856 446 130 76
818 630 100 88
14 838 72 136
716 850 94 90
84 856 98 114
402 336 86 98
1004 276 92 100
1042 692 84 108
1142 22 82 92
1708 766 92 88
862 516 108 80
1074 302 100 100
1220 590 66 94
222 610 110 86
650 464 92 92
1640 24 150 80
1476 670 94 114
1140 240 82 92
1516 880 102 90
1438 22 120 56
1718 610 130 80
596 138 98 102
1640 662 94 96
1606 750 104 80
418 68 108 90
734 728 102 80
348 596 156 66
366 908 114 88
36 682 92 72
0 290 94 96
442 832 102 82
502 132 74 88
392 8 146 64
1462 860 72 104
1232 22 64 56
178 724 108 82
190 192 94 80
1168 294 66 118
1622 122 106 86
1240 438 80 100
1638 450 176 62
78 150 138 80
10 112 100 94
392 438 104 90
88 474 118 106
630 942 96 100
244 488 94 104
210 60 120 56
1678 88 126 72
240 0 170 70
1246 914 74 118
1064 872 94 100
44 554 132 76
18 412 106 66
244 186 134 64
508 826 80 82
1534 950 94 96
146 666 134 62
