890 254 80 70
874 648 62 70
914 856 52 56
702 760 60 74
164 184 88 84
696 294 78 66
790 360 88 44
646 182 80 72
652 128 68 54
210 1002 74 58
372 202 76 72
1040 578 62 72
944 636 68 50
1384 398 92 52
1090 314 62 82
1196 344 78 54
772 660 88 40
334 644 76 40
622 332 90 46
1272 396 90 40
110 842 76 56
476 298 74 46
384 48 60 78
198 668 82 40
690 434 82 60
408 570 58 68
738 912 44 56
630 638 62 68
1208 284 100 46
322 888 66 62
996 814 68 46
222 534 112 40
1006 86 58 74
996 448 68 94
430 192 68 62
630 574 68 54
1244 450 82 44
304 0 68 86
40 714 82 54
572 186 48 86
192 812 70 46
768 758 76 40
218 880 84 46
1252 122 60 60
258 792 66 64
120 554 78 44
1032 860 76 44
32 448 82 48
1030 662 60 54
1352 0 78 40
1068 814 56 48
12 158 94 60
1344 178 70 48
1294 284 68 48
0 520 88 54
620 390 64 70
162 626 70 42
404 532 90 42
896 128 62 70
462 950 80 48
986 756 82 46
1172 0 80 60
602 360 86 42
494 198 50 56
430 352 74 42
240 304 62 60
584 768 48 68
578 678 42 68
886 88 52 60
1294 614 76 42
1064 96 66 70
696 22 76 52
1170 846 56 60
396 316 56 40
494 60 52 22
1106 578 50 72
1314 146 72 40
1042 406 62 48
1474 434 64 64
1682 724 84 36
1274 204 78 48
1520 820 58 38
1116 60 56 50
1466 634 80 38
88 120 74 38
1362 290 72 44
