1064 648 90 72
1074 264 100 70
1120 846 90 70
688 686 86 66
180 260 128 66
730 788 104 74
1260 816 82 96
1068 182 88 80
1102 328 64 76
1434 876 98 60
1386 404 96 66
1292 350 76 94
940 764 86 68
1398 304 80 74
1072 392 90 52
1228 740 100 58
724 352 94 74
342 614 104 66
950 62 86 86
1370 194 102 82
1464 152 84 80
416 674 96 62
396 194 88 58
954 830 104 68
778 616 100 74
1562 740 72 82
1460 550 82 86
1634 472 100 60
1356 724 116 58
1386 588 82 88
796 540 138 64
1458 238 106 70
1638 384 88 78
762 160 86 106
952 518 82 96
936 128 82 102
1616 624 102 64
1558 472 84 82
610 854 72 94
900 592 102 64
1730 422 104 56
658 570 76 112
1668 220 132 76
1596 324 82 64
810 834 86 88
168 122 110 84
1378 74 92 84
662 498 96 82
1532 340 76 108
906 318 94 104
620 224 128 70
1026 112 74 82
1632 882 98 70
1070 440 108 44
1454 766 106 66
1316 306 92 54
98 752 94 96
1332 128 86 96
426 754 102 58
1230 28 82 112
612 932 66 84
316 276 112 70
602 60 66 100
1294 54 84 90
1290 572 114 68
1556 194 66 86
1472 320 82 94
302 688 128 70
870 432 92 58
720 942 106 74
650 324 82 98
432 588 114 58
98 840 128 76
468 296 108 92
1632 556 110 74
464 146 84 76
414 862 86 86
1320 846 104 76
792 734 102 74
1698 60 78 62
970 432 92 72
1334 28 100 66
92 330 124 76
1648 690 96 60
984 912 70 90
1690 798 108 72
76 184 126 76
1728 882 90 74
1540 544 110 64
16 116 120 76
1462 54 108 72
1082 920 70 58
902 480 76 70
1734 120 98 54
808 352 78 110
20 188 96 110
1724 598 88 74
132 0 112 72
1150 572 66 80
502 18 82 92
630 18 78 56
0 498 76 92
400 472 60 94
924 964 106 74
934 402 78 62
608 574 60 90
1762 518 68 78
1242 292 78 82
1770 24 90 74
798 110 72 104
424 810 94 58
184 670 116 82
1108 718 70 108
56 688 86 70
1232 916 84 68
522 688 82 74
1490 114 92 58
1120 40 96 98
1162 140 56 70
40 590 110 84
400 108 76 90
1596 726 114 60
454 960 142 84
88 500 136 60
140 452 130 60
232 770 134 92
710 446 134 60
492 220 70 70
466 922 122 56
1206 198 62 110
48 950 110 80
76 46 124 84
416 14 90 76
486 398 96 78
30 296 96 94
482 870 106 60
600 248 52 92
290 872 102 104
328 60 110 52
1580 250 70 82
1684 332 116 68
258 956 104 98
1434 940 96 70
1666 146 136 78
664 942 64 90
1218 330 82 60
600 162 50 74
