902 296 62 128
1382 168 72 122
1046 426 134 64
836 784 96 82
1074 492 120 70
776 770 68 112
1086 304 82 106
982 558 102 62
324 144 94 96
86 846 110 94
1218 726 116 66
952 394 108 56
804 80 100 82
1492 250 106 80
882 114 112 78
928 568 74 102
984 36 66 124
1068 596 86 92
826 472 82 118
306 214 86 104
994 496 100 74
936 448 138 62
1128 750 76 102
252 330 136 80
1052 20 106 68
1304 580 142 72
322 740 86 106
1040 678 134 64
1512 144 82 108
1594 288 122 90
222 168 88 102
444 266 78 114
968 276 64 116
1240 372 142 62
1490 736 112 78
752 328 96 78
1236 870 78 104
772 400 98 96
1378 316 88 100
990 622 94 76
486 656 86 108
770 868 90 102
1114 222 90 96
274 76 112 72
1656 942 128 70
1574 202 106 86
914 786 86 102
498 608 102 64
1448 812 144 64
832 226 108 78
1368 20 112 76
1460 664 80 112
1280 28 94 86
602 550 116 80
1040 228 72 108
630 648 104 98
1432 46 88 104
1210 586 92 98
166 118 88 90
670 120 104 46
366 650 102 86
720 536 82 102
1308 116 134 64
1078 870 80 102
610 136 94 92
1564 606 128 78
260 418 144 70
966 842 106 82
260 468 94 100
1718 142 112 80
1054 734 114 62
656 404 142 72
1032 156 110 78
270 620 108 78
1478 114 94 86
876 626 84 124
470 60 86 100
1268 316 138 70
940 490 74 88
1342 648 108 80
334 476 134 70
1686 692 112 112
666 264 150 72
234 546 114 80
824 596 70 128
1028 954 106 88
798 300 108 80
176 790 130 78
146 672 186 72
602 60 84 94
758 608 80 106
1504 338 106 88
358 554 136 70
1552 670 122 88
1240 196 102 100
18 108 122 76
626 332 130 82
136 540 140 76
1168 60 58 56
0 30 126 70
890 18 102 86
662 784 104 86
1734 454 100 62
1012 774 96 90
888 462 64 134
502 508 94 72
752 480 86 90
1594 450 90 64
400 50 64 74
1338 488 80 104
234 860 84 98
64 766 124 90
1562 60 104 84
946 676 84 102
400 144 142 68
1240 664 114 74
1048 82 110 78
1250 138 100 76
1684 60 152 64
1276 256 102 82
458 774 110 80
616 14 110 64
534 802 62 94
1452 862 94 88
1298 850 92 116
84 614 164 76
624 454 122 80
1570 382 112 76
712 60 90 62
84 172 120 86
976 120 56 54
1686 570 82 90
44 690 92 66
1144 550 64 120
624 738 96 100
48 956 98 68
462 182 108 78
1660 134 82 98
1700 506 110 90
464 948 136 80
1498 528 74 110
1236 430 124 66
1692 326 144 74
530 716 66 88
1326 726 134 80
780 14 106 78
872 868 86 84
1212 752 44 112
222 738 116 74
52 250 146 90
506 456 88 64
1590 868 78 114
112 0 80 58
1612 776 168 66
1560 550 102 58
786 950 88 96
456 854 88 98
1438 432 152 84
630 924 120 82
534 220 54 88
618 838 96 98
4 554 112 80
1700 240 138 82
852 930 78 94
938 916 98 76
444 12 130 58
400 922 108 86
1642 854 92 76
1250 950 88 102
1350 928 92 90
1528 892 66 120
1046 60 90 34
1736 896 76 82
