1684 192 54 60
668 130 54 46
1568 78 66 44
1464 422 88 36
1692 364 76 64
262 52 56 62
198 28 62 50
1312 782 54 42
1594 486 42 56
694 192 58 46
1396 266 60 36
1500 526 52 46
1418 22 58 48
1260 580 66 36
124 748 60 36
788 736 36 42
416 70 60 42
1488 666 56 32
856 70 42 56
822 534 44 56
880 346 40 36
1624 128 54 48
1808 808 88 36
198 310 52 46
892 436 40 36
784 328 36 42
1614 262 44 48
490 238 48 56
868 638 54 42
866 742 44 32
596 636 50 46
1602 816 56 58
1656 364 80 38
1180 530 32 38
744 374 42 36
1178 372 38 34
262 732 46 48
946 286 36 44
656 852 40 30
1178 678 32 46
1362 154 42 64
734 330 44 34
34 614 56 46
1298 450 40 52
906 206 44 32
94 188 88 38
918 506 34 58
1678 320 82 38
348 36 54 44
704 620 40 48
604 786 36 38
892 310 36 42
938 370 38 38
1244 274 56 38
1128 380 32 50
1174 398 42 36
1202 462 34 42
294 306 38 44
888 252 34 40
466 680 46 44
360 88 46 54
196 462 50 36
816 294 34 46
810 776 44 30
1472 118 46 50
994 340 38 38
996 186 34 42
850 396 38 38
1784 588 66 44
812 868 52 28
428 240 64 36
244 130 68 32
1072 424 42 36
424 344 40 40
1238 300 60 38
758 286 40 36
588 62 68 36
1056 658 50 28
882 62 42 26
1602 640 56 34
1058 772 44 30
1000 288 48 32
936 172 34 40
1524 214 46 50
1074 152 36 40
1044 460 48 26
592 726 38 34
1598 678 58 34
1470 260 52 40
1820 854 78 40
866 168 56 38
1642 758 70 38
852 214 42 36
1100 500 42 36
398 864 38 40
1046 732 42 32
962 148 46 30
1030 386 62 38
734 114 44 50
958 906 48 30
1062 830 32 46
598 534 42 44
696 840 40 42
384 412 36 44
330 194 48 50
1092 800 42 36
980 72 28 46
1184 920 36 42
802 290 26 48
188 742 62 34
660 972 44 46
984 828 58 38
1356 4 50 26
86 880 66 48
400 600 20 44
1062 214 40 42
602 576 68 36
1394 142 34 44
592 390 66 40
346 626 40 36
1666 462 92 52
1180 254 50 40
284 412 64 34
1206 160 46 32
1646 558 84 34
226 636 48 40
944 154 42 38
800 216 28 34
898 666 34 46
978 316 38 44
1186 964 44 32
684 52 52 48
420 12 64 56
330 236 36 36
154 602 64 30
592 688 30 44
1548 148 50 46
228 674 50 42
872 954 38 40
180 1018 40 36
368 910 34 44
1656 666 68 42
1058 672 50 42
1022 160 46 30
428 412 48 32
48 708 68 44
1064 398 40 32
154 446 40 26
384 312 54 28
844 304 36 42
404 288 42 32
1048 910 32 46
846 752 32 46
1246 174 44 30
188 646 38 34
1056 192 28 46
1522 174 58 36
152 676 68 34
800 762 32 40
1188 454 30 42
826 256 42 32
1808 312 68 42
824 914 42 38
458 404 50 28
320 586 46 30
796 254 44 34
602 960 38 36
74 128 100 40
54 796 62 40
818 224 38 32
1646 628 60 38
1468 204 48 40
882 758 44 28
362 338 38 34
1698 296 74 42
1110 908 34 36
