1330 734 54 48
1304 138 66 38
1692 158 88 80
1474 640 68 38
124 936 64 48
458 794 58 44
486 686 76 36
1346 412 56 42
960 88 64 40
76 266 70 38
106 514 64 38
1354 266 64 32
420 90 76 36
1688 510 70 44
1620 882 100 68
592 738 74 38
864 400 38 40
1614 580 68 36
870 718 36 40
1644 622 94 46
248 28 72 42
766 724 32 44
942 510 36 44
1068 232 50 40
734 778 42 34
992 330 58 42
1670 566 72 48
1098 112 36 40
822 370 36 38
782 304 30 48
684 652 58 36
44 548 58 40
1676 118 88 50
1016 936 42 34
1022 84 52 50
778 928 34 42
1030 782 36 40
932 880 44 34
942 846 40 34
1216 266 58 38
1190 632 52 46
1074 782 38 42
672 562 42 30
794 618 54 38
830 990 50 50
1792 664 98 40
868 844 46 34
170 60 66 50
882 208 32 52
1182 954 62 42
1234 492 42 34
788 730 34 44
836 920 46 32
822 792 42 38
256 308 58 32
1092 806 42 34
932 308 38 40
1186 64 42 32
952 190 44 54
1420 388 60 34
164 526 44 46
1288 322 56 44
308 822 34 40
1144 92 32 50
800 752 38 38
994 366 44 32
882 268 36 44
330 712 44 42
594 554 30 40
1188 744 46 30
1352 310 42 48
976 742 48 32
1214 400 38 56
912 522 30 48
908 694 50 32
226 0 48 20
1084 542 46 28
1036 740 46 30
270 348 56 48
1174 310 28 42
126 578 56 36
946 260 36 40
394 770 52 42
860 348 42 38
696 910 32 40
1096 430 40 36
1216 196 54 34
68 592 74 32
1086 276 44 28
1690 276 60 42
702 868 66 52
1200 228 44 30
584 340 52 48
912 234 42 42
188 48 64 40
668 398 74 34
350 788 38 42
592 152 78 56
862 680 38 34
828 838 36 34
1124 652 32 46
596 868 30 40
1336 360 32 38
1094 484 38 38
838 654 50 30
400 828 58 66
1176 788 38 36
590 390 60 34
1168 484 34 36
242 538 58 32
878 696 34 40
54 900 56 46
782 670 40 32
1100 180 38 38
202 544 38 36
842 356 40 38
858 662 46 34
840 854 40 32
