878 608 110 76
192 838 92 92
962 586 108 68
152 748 96 94
746 84 86 110
1236 414 106 56
1244 60 82 94
1006 312 62 104
868 742 70 114
720 328 116 64
776 620 96 114
254 750 118 82
130 204 76 106
910 288 110 68
1458 472 114 84
950 486 102 88
1618 534 144 68
1082 596 92 94
1598 74 80 122
106 686 156 64
280 2 110 84
164 104 112 82
1494 648 104 72
1412 228 128 74
242 684 146 74
946 684 92 92
1582 242 84 98
346 832 108 88
894 150 86 106
1230 192 90 92
1406 326 96 90
1536 358 98 88
800 284 124 74
934 846 82 112
312 208 128 64
668 596 104 74
850 418 106 76
1010 108 90 96
312 318 88 102
1102 184 88 106
1484 568 122 70
1022 684 124 74
800 906 60 88
956 350 70 106
1070 738 132 86
1256 128 84 92
668 700 100 88
1470 364 84 102
252 934 106 96
768 500 94 98
1334 236 116 82
500 792 90 96
1400 60 80 112
1308 334 100 88
714 238 90 94
1052 264 80 102
728 418 102 68
32 758 112 100
430 278 106 84
370 536 98 94
630 648 98 88
1710 714 118 72
1210 602 98 76
1074 112 92 88
1508 794 100 92
1392 406 92 94
700 860 106 78
1132 60 84 74
1236 326 84 94
444 354 122 72
740 790 116 78
1004 860 84 114
390 148 110 82
492 614 74 84
374 766 122 76
958 196 82 94
18 306 118 84
228 280 114 82
1462 116 108 74
740 60 130 54
674 60 92 66
0 224 134 74
1726 878 92 102
1352 516 138 78
612 580 66 68
1166 296 50 112
22 114 106 74
368 56 116 82
1650 138 120 86
1524 12 114 92
174 412 92 98
306 154 108 64
632 892 72 114
676 768 80 94
462 538 108 84
608 468 78 114
612 228 94 90
1366 648 104 90
1712 62 104 78
1618 706 104 82
44 856 138 102
38 688 104 66
1224 32 48 98
88 0 130 50
102 60 118 68
800 98 40 98
390 662 122 72
202 220 104 84
862 488 104 84
76 502 148 72
1684 200 104 92
36 412 90 66
1668 288 128 80
838 518 78 92
594 128 78 78
1224 462 96 68
158 558 88 100
1432 576 90 110
1056 856 112 70
230 600 120 84
1312 910 86 98
366 616 120 66
130 964 126 78
1234 902 86 106
234 500 124 76
1324 710 88 68
600 392 100 64
446 8 110 84
1566 768 98 90
12 18 114 78
72 560 98 88
470 60 86 42
1764 120 84 82
1046 962 114 82
1152 402 68 80
616 120 76 36
1730 600 88 72
1220 814 78 102
1668 768 94 100
136 320 106 82
