1550 286 70 130
1456 114 78 122
1478 262 70 120
750 310 120 72
1408 588 92 98
1258 184 68 118
282 680 78 116
638 236 88 118
388 238 126 80
938 338 170 66
822 240 104 88
1646 642 146 76
266 116 112 92
952 230 108 92
608 514 126 80
1346 232 124 82
1520 38 84 110
400 652 76 86
1338 156 110 80
696 52 64 154
1028 266 100 78
704 338 70 110
1678 250 128 104
678 668 68 96
138 852 106 90
874 504 72 112
832 818 64 126
616 134 96 126
1080 798 80 102
1230 638 128 58
1238 806 92 84
438 528 90 104
918 740 104 78
898 672 102 78
706 476 110 88
1264 314 102 108
988 834 80 102
90 764 128 80
84 176 124 84
164 290 146 76
464 322 82 104
1368 354 102 86
824 684 92 82
236 436 104 100
1004 712 72 114
1268 80 122 98
194 554 108 84
882 878 118 74
4 116 104 72
468 108 78 102
1080 340 100 86
1532 162 80 100
1072 410 110 60
1362 432 92 88
476 600 108 86
224 28 120 84
898 802 100 92
760 872 74 114
662 750 82 80
332 62 96 106
1114 202 80 108
1134 288 76 112
1132 482 82 120
806 470 62 130
678 820 74 110
1478 702 80 110
1298 520 134 76
1434 418 128 76
926 304 142 64
104 102 130 90
1054 934 112 82
608 938 86 110
1060 104 116 96
518 932 76 94
1058 582 132 58
1642 16 162 64
926 166 116 86
782 370 110 80
218 172 72 122
0 876 112 84
1006 518 158 78
1148 836 66 130
1076 730 108 74
1406 734 74 112
0 766 98 96
738 684 70 122
750 134 130 82
1414 820 82 106
788 194 126 60
1094 456 98 82
1690 716 98 100
170 698 110 80
966 642 96 82
1288 862 122 66
1228 416 160 84
586 312 102 88
760 60 80 100
956 388 74 124
740 782 76 114
750 602 110 76
408 6 112 80
862 16 102 90
1592 102 74 120
816 610 116 82
1066 634 132 72
1240 448 72 112
1440 902 82 114
910 72 78 110
1374 50 114 82
800 422 158 60
1022 152 100 80
996 576 92 80
1056 690 114 76
0 408 120 70
1356 20 100 44
298 206 104 88
18 200 88 116
228 624 138 74
798 768 92 84
30 6 144 98
352 738 116 78
1020 394 78 108
244 520 124 74
978 78 112 90
1438 498 112 82
20 686 124 76
684 922 68 82
1224 60 78 82
1508 798 86 106
1776 8 102 78
1352 766 76 88
8 590 176 60
1642 564 168 74
1248 570 108 74
614 802 70 90
10 312 168 60
126 936 140 96
86 0 136 62
314 442 118 84
150 610 104 102
1248 706 126 102
1120 60 104 58
412 702 138 90
1090 22 86 42
1502 120 102 34
1076 74 96 52
590 56 86 76
402 60 106 100
888 940 108 72
590 398 144 70
1522 536 114 82
618 706 74 98
1030 20 64 52
400 806 54 116
1600 350 196 80
1220 480 50 110
604 868 98 76
