1104 778 112 78
1064 580 114 78
1058 468 108 70
946 900 68 108
888 592 88 80
868 500 120 62
1284 432 118 62
896 166 90 96
1286 952 114 62
1074 18 94 76
748 852 78 108
888 660 96 100
784 304 118 82
1018 604 76 86
700 266 94 90
812 682 84 104
1250 142 92 90
264 104 92 102
1260 752 102 88
982 676 124 84
620 748 124 86
646 624 78 108
402 120 116 70
168 922 140 74
902 120 98 72
486 324 68 112
1616 440 110 92
758 938 94 92
1000 864 98 86
746 218 110 76
710 660 90 96
1274 22 106 76
1244 360 102 92
1668 140 88 104
400 476 144 74
1322 546 128 74
1010 518 116 72
904 322 118 80
626 100 138 76
1070 78 88 92
804 616 102 94
494 876 112 80
626 158 80 112
400 192 82 86
824 372 76 116
592 366 76 82
1386 626 84 106
1214 806 70 122
1414 224 124 74
1242 668 108 90
1286 850 90 110
1242 460 80 102
1426 584 116 80
1668 366 134 76
1682 224 84 102
324 320 92 94
670 428 106 64
1002 776 98 90
1136 842 68 94
132 204 100 88
256 262 82 98
1406 284 84 94
1234 584 102 90
752 418 116 76
1380 718 94 92
1222 210 92 98
942 544 94 86
222 186 92 98
1128 508 90 84
1228 60 74 92
1428 120 70 94
1098 210 76 102
1502 168 110 84
352 660 110 86
48 958 98 62
1414 874 90 80
434 882 78 108
1522 66 80 102
986 144 70 110
1336 72 86 102
1356 804 70 118
366 796 116 82
18 110 110 80
1514 306 100 94
292 534 82 112
432 16 80 82
1142 32 84 92
1530 728 124 68
1608 350 132 76
16 20 108 78
128 870 160 70
292 470 138 74
1154 238 62 84
1730 78 90 106
322 862 156 90
1532 874 108 84
390 322 100 94
252 656 104 90
320 176 76 108
1296 300 102 82
678 192 94 94
620 518 120 94
498 120 92 62
1040 162 112 84
1370 140 74 112
1380 22 114 48
168 120 88 94
1690 636 104 72
1440 412 110 72
858 422 108 90
452 538 126 68
344 24 82 110
432 596 114 82
278 760 112 78
1416 472 126 80
1516 778 94 84
1544 398 92 100
718 490 112 62
452 676 102 92
52 836 114 82
1670 710 100 76
1464 778 74 96
1486 660 108 80
20 210 114 72
2 844 58 94
1548 230 88 94
1554 644 112 80
610 60 96 78
598 648 76 122
1724 596 104 74
1732 296 128 82
220 726 100 96
66 256 132 80
228 10 108 86
1144 330 82 56
630 816 82 94
148 452 112 88
112 24 74 118
50 688 86 62
1672 20 100 68
1614 120 110 64
1740 812 84 88
18 758 108 78
1628 604 76 108
1654 924 88 92
1604 828 98 82
378 718 142 68
144 330 88 96
984 18 108 40
230 968 102 90
30 318 172 68
342 930 96 92
400 38 36 92
518 466 74 96
600 308 66 72
1728 430 92 84
590 146 68 96
196 520 148 68
0 218 62 116
480 48 100 72
128 738 80 108
