152 834 70 42
1546 992 80 62
778 430 58 52
346 712 52 50
646 558 52 46
1426 446 54 48
88 502 62 50
56 334 82 34
1678 504 82 44
980 248 62 36
916 110 52 48
690 912 48 66
1660 576 66 48
116 742 74 36
894 432 44 58
728 466 66 40
206 36 66 56
1296 814 60 42
1568 92 78 48
936 906 44 56
1418 226 66 58
738 362 42 52
434 782 48 52
1394 520 54 46
1264 280 52 56
118 680 72 42
116 652 70 30
788 348 40 66
870 540 56 40
1102 76 48 80
1304 280 66 38
1030 464 40 52
188 692 68 34
1044 178 74 38
956 708 60 38
204 990 76 40
820 736 30 44
204 312 68 34
70 222 76 58
944 322 50 44
972 348 42 56
644 850 68 48
724 588 62 38
592 200 70 36
1296 458 42 48
822 552 36 60
874 24 62 52
826 194 70 44
786 742 34 44
1178 702 58 42
278 172 54 58
1264 656 72 38
1166 854 42 52
754 712 32 40
1620 890 90 50
154 512 50 54
1792 682 72 38
1642 758 76 42
400 60 74 66
452 878 56 42
1286 1008 58 40
766 778 32 46
1090 918 46 48
1794 854 70 64
866 616 48 58
1302 516 32 44
1230 382 56 40
370 232 58 42
224 288 60 40
1312 652 64 40
1212 168 56 44
692 716 30 50
952 576 50 44
1192 108 46 66
966 816 36 42
1054 860 60 38
636 662 38 48
1220 610 42 36
1184 122 32 42
96 140 88 38
980 290 44 48
720 642 48 40
384 642 42 50
1322 520 48 50
94 212 78 44
1184 580 40 38
1222 212 56 40
858 838 34 42
1208 414 58 48
1056 506 62 40
1776 968 88 38
1054 374 50 52
44 894 76 46
1778 808 68 44
824 654 42 36
1070 354 60 34
350 532 46 50
918 604 32 42
114 90 74 44
1188 250 32 42
432 982 70 36
1094 540 42 32
196 504 46 46
1118 382 44 50
760 662 46 28
396 538 38 42
584 602 50 38
602 930 70 40
612 810 58 42
894 702 44 34
46 362 60 48
1178 762 52 42
46 526 56 46
1190 508 44 34
936 862 42 28
1254 558 34 40
870 682 40 36
1222 126 40 26
1178 518 36 38
1128 338 34 36
1218 244 48 62
816 690 38 40
1820 302 68 68
1220 554 36 42
528 876 42 50
344 918 56 42
328 344 66 34
288 276 52 56
826 816 48 30
380 278 64 36
222 324 60 44
98 398 68 34
1702 672 52 40
916 832 42 32
1696 608 56 44
806 746 30 36
378 300 64 36
1094 766 44 32
900 734 44 32
18 160 90 56
1418 566 50 46
1134 658 32 44
1100 64 38 26
320 828 58 36
288 350 50 42
1684 782 50 60
1634 730 74 40
