1374 788 66 40
904 434 48 50
1502 934 44 56
1602 36 100 62
828 362 52 44
148 52 74 48
764 470 70 38
870 638 56 46
1320 292 90 40
672 408 56 46
1200 216 50 56
346 804 68 42
476 100 74 52
1482 286 78 34
104 456 84 34
38 230 68 64
1206 182 78 36
412 196 52 72
1090 524 48 58
930 466 46 58
1050 508 60 42
1196 138 60 44
844 240 66 44
1174 386 58 66
1580 630 68 50
1052 268 44 60
1120 358 42 60
684 70 50 54
1550 520 88 34
854 506 44 66
82 300 80 40
168 290 50 56
194 910 64 44
1174 704 70 38
466 428 66 48
1096 246 42 72
120 998 76 42
586 674 62 44
1084 26 64 42
714 554 46 44
1060 786 62 40
1174 784 72 34
1070 126 66 36
584 296 68 58
976 834 46 44
1176 560 36 66
72 112 98 48
1248 108 60 56
1134 80 44 62
54 374 72 42
786 124 66 40
1042 192 70 38
592 918 80 72
598 722 62 54
940 926 64 36
638 616 58 40
470 208 66 54
1034 718 48 58
22 160 82 56
272 862 74 38
1042 60 58 42
1504 252 70 30
700 598 48 44
336 988 74 38
738 630 46 54
1622 880 112 86
608 584 52 40
1124 2 44 24
60 806 64 40
432 376 72 52
1060 886 38 58
640 224 56 68
1172 506 54 44
118 632 68 40
104 580 60 36
804 24 62 38
700 658 34 42
992 126 56 40
800 60 74 52
302 290 54 38
36 316 66 44
510 184 52 54
1180 980 60 42
1096 788 50 56
1722 318 60 42
884 106 42 50
736 754 38 36
672 208 48 42
846 128 48 42
1200 46 58 50
1244 0 54 38
226 1002 48 58
448 190 52 58
278 884 82 48
592 370 86 40
1062 160 56 34
1012 940 50 52
1036 100 50 44
222 340 58 34
