1058 580 40 38
1118 382 42 34
896 370 40 34
1406 552 36 40
996 566 40 36
1030 362 42 32
884 102 42 34
1102 356 44 34
888 308 42 34
1538 596 50 28
910 248 48 32
1006 354 44 32
720 106 32 44
884 836 42 34
1012 284 42 40
1172 664 40 36
822 786 44 32
356 696 36 40
904 702 42 40
1130 298 40 32
838 108 46 32
1022 224 42 36
1056 416 42 38
1406 626 48 30
928 772 44 36
1570 444 44 32
932 134 38 40
1222 364 38 36
1552 544 38 34
1676 578 38 32
954 1008 36 38
1104 34 40 32
664 460 34 40
998 680 52 28
222 184 44 30
960 652 44 30
1166 576 34 46
1038 468 42 32
914 106 44 32
120 566 44 28
506 296 40 34
916 196 44 34
1162 646 36 36
1046 848 52 30
944 976 42 32
1478 42 48 44
1052 732 40 36
854 794 34 40
186 726 46 30
1020 614 40 40
1590 760 46 30
890 724 44 32
1256 442 48 28
1022 246 40 36
1112 400 42 32
1178 686 36 36
632 632 40 34
1166 404 34 40
170 568 48 30
606 580 48 28
1234 912 36 36
658 716 42 30
76 616 40 34
972 236 44 34
1040 598 32 42
822 154 42 36
1070 240 36 46
1102 428 46 32
1034 626 42 40
956 60 42 30
1614 62 46 30
952 586 46 30
974 266 42 38
1102 204 38 40
1058 870 42 34
328 794 38 30
1644 310 38 34
120 90 48 62
1010 142 46 32
926 158 40 36
400 54 68 46
1180 718 44 32
866 946 46 32
488 364 46 32
800 62 38 22
1234 398 44 34
1028 120 44 30
876 156 38 38
974 576 44 32
1720 140 42 34
182 980 44 30
1300 86 52 34
602 390 48 26
1030 172 44 36
1014 940 42 38
1050 224 42 34
1016 266 40 34
1094 174 50 28
880 60 50 24
1050 108 42 34
1656 100 50 30
1020 718 34 30
594 322 36 32
958 170 42 40
878 816 38 32
1154 954 34 46
964 100 40 38
1784 476 70 32
926 70 48 28
240 320 32 44
920 90 46 32
1164 608 30 42
1016 964 40 38
874 26 44 32
