924 154 66 130
1294 516 104 66
1526 338 74 114
324 740 96 104
142 106 98 100
1106 846 66 126
1634 514 78 118
958 702 70 118
240 794 80 120
368 154 82 110
1592 298 82 100
1140 214 84 114
280 102 94 102
1236 174 116 78
198 260 100 90
966 816 114 82
28 848 98 112
1382 318 76 108
244 160 94 94
1434 362 82 102
1224 490 76 120
752 718 106 78
476 186 76 90
418 772 84 104
1262 28 66 126
984 20 112 70
260 332 98 92
260 668 118 82
306 224 84 112
744 60 112 72
1224 624 118 88
1118 518 102 90
804 286 78 110
1482 262 88 92
1594 818 106 80
830 424 130 68
1612 640 112 82
874 658 84 118
1008 286 62 114
874 584 114 80
840 488 86 104
1346 260 82 100
1520 522 82 106
1706 466 80 110
636 16 110 64
1284 710 74 108
72 572 130 80
806 582 88 108
800 800 60 92
950 638 112 86
1390 640 120 82
1492 172 134 76
1074 742 116 88
780 496 62 120
1310 394 96 82
594 742 124 80
1356 732 110 72
1258 140 92 50
706 264 108 78
354 468 140 78
744 136 84 102
892 50 104 90
1034 590 90 100
968 480 72 114
362 536 98 76
1236 430 108 74
1562 452 146 74
1688 582 90 92
900 468 82 114
1656 710 150 88
858 306 88 102
1076 100 82 102
706 478 74 98
134 206 146 72
446 698 92 90
684 620 90 108
286 846 136 74
626 338 88 94
102 884 112 94
1226 226 90 112
776 380 78 106
810 852 114 84
474 386 68 122
262 0 132 52
1690 790 106 114
336 370 162 70
698 916 72 124
948 392 82 102
1288 580 102 72
34 216 134 74
1062 670 118 82
662 284 82 104
1016 390 124 64
1078 450 78 112
1334 190 118 78
922 314 96 100
1414 232 104 94
652 132 122 88
622 642 78 106
1700 54 118 84
1484 828 130 66
992 114 100 98
380 282 88 96
720 806 70 112
264 516 128 74
1224 846 112 74
30 506 148 78
1580 52 104 96
1002 442 94 84
496 632 90 88
1644 184 118 86
1476 456 128 78
1294 824 116 72
906 892 120 74
750 636 76 96
150 60 162 66
656 46 94 96
628 432 114 58
1086 316 84 116
0 38 112 56
636 502 90 98
1248 120 80 38
976 972 100 88
1210 322 80 88
1376 532 76 118
1516 106 130 76
66 0 106 36
38 282 130 86
1430 540 84 100
1480 618 88 92
14 110 102 78
1048 968 108 84
1140 16 58 124
610 806 80 134
356 884 96 88
386 30 120 68
1222 12 54 110
632 156 74 122
1414 24 134 58
22 408 100 72
596 230 102 82
174 714 112 82
354 606 112 78
370 64 106 100
1588 892 88 96
1122 590 120 72
760 888 78 104
1780 298 76 84
1690 270 100 82
616 934 78 84
1376 920 112 68
826 930 100 86
466 920 134 78
42 966 98 72
1386 54 100 90
130 468 156 84
512 774 80 88
504 20 68 94
1512 762 94 80
420 614 142 70
580 52 90 94
1770 102 88 108
186 528 100 88
508 318 68 116
1220 772 86 80
102 752 134 82
32 684 100 78
1438 944 116 106
290 430 154 60
172 624 124 96
1544 612 82 92
1146 834 78 86
1618 958 126 76
1702 354 132 60
800 22 58 88
420 948 86 102
144 0 130 50
148 420 152 70
584 126 50 92
1484 854 90 90
506 110 68 102
532 224 50 110
