194 164 48 62
264 386 70 54
110 368 78 34
1526 142 62 50
790 174 56 44
1592 56 62 58
24 280 60 58
112 484 76 46
1726 170 60 56
1084 254 66 40
670 416 56 38
1700 114 58 52
1680 376 74 54
896 600 52 38
700 258 60 46
146 246 82 38
630 120 62 38
1558 398 58 48
932 284 56 44
142 556 76 36
780 106 52 54
122 980 90 40
602 238 44 60
108 52 72 88
1490 428 54 52
770 696 54 40
1016 638 56 46
428 28 58 56
348 744 56 48
1258 702 54 52
370 800 44 50
1320 750 68 38
368 150 60 38
170 756 50 58
368 196 56 50
1212 204 50 44
262 668 64 36
1310 320 64 40
806 520 48 46
710 638 64 34
1314 276 44 46
640 270 48 52
816 388 64 36
1376 530 44 72
952 650 40 54
468 120 74 48
1806 744 66 66
432 224 46 58
1082 382 34 44
1490 514 60 32
578 136 52 52
800 318 20 44
742 580 42 54
594 808 62 64
1628 492 60 36
42 542 58 32
1380 438 50 50
16 156 84 66
520 828 54 54
774 268 44 44
1076 536 52 50
1366 888 60 48
636 602 64 34
494 724 60 38
924 422 44 50
1044 122 44 60
1054 188 42 58
1262 372 42 56
1210 372 48 48
508 280 44 62
474 300 50 44
946 384 40 34
1206 134 48 48
446 986 44 48
1186 418 48 56
46 634 54 40
1064 422 36 40
406 246 42 52
920 712 62 36
1280 522 42 52
1190 230 38 64
1012 354 32 44
1178 500 46 64
1610 540 58 38
1196 730 42 32
1020 972 42 50
648 992 52 48
1088 74 58 44
1800 896 86 48
1534 542 72 34
1040 472 62 34
140 210 76 40
1140 388 28 48
42 446 74 40
864 352 48 50
1676 568 66 54
1036 722 60 34
1628 704 50 58
46 682 60 34
1594 818 56 42
232 978 42 48
230 756 54 42
20 382 78 30
1674 708 64 58
480 98 70 40
826 568 50 26
1178 936 62 50
1328 370 64 46
510 1000 44 56
1234 942 48 50
1314 552 40 32
264 1018 58 38
1666 434 58 38
292 972 72 36
400 204 20 52
1724 312 54 46
1358 360 64 50
1088 122 62 38
48 724 68 46
1104 692 38 36
1368 500 46 28
1090 754 42 38
1658 768 72 42
1108 176 34 38
838 340 54 46
