1488 580 64 82
1586 634 84 46
850 318 72 68
616 132 114 46
982 422 80 44
1098 172 70 66
926 408 60 80
862 884 80 64
898 180 56 72
402 802 66 86
1390 288 64 86
1346 570 66 58
804 632 78 58
852 478 80 54
696 188 68 72
512 358 88 54
896 964 90 48
920 814 72 68
406 128 76 78
1088 370 66 54
778 90 90 54
1590 268 66 78
496 146 90 52
640 364 66 64
960 600 52 68
1394 170 76 60
110 822 90 84
1094 668 68 48
1616 918 60 60
796 790 86 62
1010 102 66 60
276 162 84 56
730 952 96 48
1220 352 72 50
1146 612 54 76
866 92 80 52
1600 134 84 54
1534 122 70 86
1378 118 54 62
630 464 70 74
480 756 80 50
158 128 78 58
1288 140 70 58
1478 286 66 66
1004 670 80 42
68 948 94 68
634 296 84 54
848 536 80 40
702 52 74 68
758 498 74 46
118 60 94 58
524 792 66 60
768 330 82 44
848 592 52 66
1238 502 94 42
678 604 76 60
904 608 70 54
1054 270 66 70
866 400 60 62
290 360 92 42
1718 716 74 58
1604 786 74 50
288 242 84 64
510 894 90 80
626 730 122 48
1304 432 60 66
1398 892 56 82
58 490 100 70
234 324 84 54
1522 84 74 46
972 742 66 52
1090 428 74 52
502 86 72 58
230 70 80 66
446 540 92 40
1716 612 80 84
1566 486 62 66
614 60 108 76
1226 624 68 52
618 182 58 64
1430 24 74 52
1646 444 78 46
102 252 72 64
196 12 96 52
126 412 112 40
46 790 96 50
256 680 100 52
1666 188 134 66
1092 314 70 46
1022 36 82 62
1136 68 66 50
1596 18 68 52
1686 254 110 66
1552 358 84 44
146 206 84 50
1236 676 68 42
1358 904 48 64
538 994 70 50
1658 376 76 50
860 40 78 50
310 626 82 56
1664 668 118 52
46 124 90 64
1440 322 54 86
230 238 68 66
766 388 72 42
1098 464 80 46
478 482 68 52
1670 94 144 56
884 22 80 46
536 226 64 48
1150 750 44 66
624 558 48 80
1010 716 64 46
1240 90 56 56
420 20 78 40
1166 332 50 66
1296 866 66 42
1652 542 62 64
70 688 80 62
114 604 106 56
1222 862 58 58
488 20 76 54
52 318 98 62
1572 818 52 60
1458 966 52 74
1692 60 78 48
1722 786 62 48
28 896 76 84
1088 726 58 40
432 68 80 54
1082 936 78 60
1584 390 78 42
1102 774 52 56
620 256 50 60
1744 212 68 90
1166 150 42 56
1658 494 128 46
562 282 54 64
482 448 96 40
1704 548 80 64
1748 60 74 48
812 430 44 54
636 832 62 44
750 22 86 32
22 810 64 78
4 280 98 40
284 60 98 50
500 618 82 44
1494 948 68 68
1112 886 66 70
1834 702 66 58
516 656 88 50
62 420 78 46
572 506 50 52
1224 558 62 48
1078 852 68 54
0 60 76 38
1168 420 62 44
