1806 726 70 42
1512 718 56 40
1832 658 60 50
130 740 70 32
1618 976 74 72
836 768 48 32
1622 412 62 34
934 830 36 38
1692 468 66 54
1594 532 60 32
978 378 54 38
120 976 80 42
310 172 58 34
896 244 44 48
860 738 44 34
772 324 40 38
252 242 66 34
824 346 44 34
804 684 42 34
324 388 60 36
700 664 54 34
864 412 40 38
1464 366 40 54
910 408 36 42
1212 338 56 38
930 744 48 30
1800 582 74 34
712 958 64 34
294 758 52 40
398 670 58 32
1228 372 52 46
248 196 66 32
70 920 88 34
814 228 44 34
750 804 38 42
1184 250 72 42
1006 236 32 48
608 892 50 68
180 264 44 52
1044 128 40 34
806 128 58 38
152 590 64 40
126 386 64 36
470 736 70 44
912 610 50 62
1516 810 48 42
586 154 50 58
1090 114 32 46
804 864 40 38
518 862 62 38
386 244 30 44
1096 628 54 42
756 848 40 36
1070 548 36 40
1066 412 36 42
1090 474 34 44
392 196 60 34
824 398 46 28
890 802 42 36
70 524 76 44
1060 156 36 44
790 798 42 30
1210 176 58 40
258 706 38 38
1048 514 30 52
326 726 58 32
738 302 44 34
848 918 36 38
896 938 28 46
1064 260 48 34
1038 806 42 38
1068 320 50 50
1070 872 54 36
900 782 56 28
1202 482 46 30
788 720 34 42
640 690 60 32
286 700 42 30
150 358 58 30
736 726 38 42
1026 918 38 42
420 248 36 34
894 910 46 30
488 718 54 40
224 888 62 34
1114 290 32 48
1174 816 68 44
1472 850 40 30
838 808 44 34
1806 952 74 40
1094 768 48 28
68 120 98 38
1182 64 36 32
854 820 40 36
1220 962 46 44
208 150 76 38
1186 326 42 30
866 962 32 44
56 824 52 50
1062 4 50 50
588 386 74 46
400 300 42 72
1096 186 32 46
1182 30 36 42
348 334 38 42
1114 172 40 34
1188 212 30 42
800 326 20 44
1162 614 30 44
1136 568 40 34
516 772 54 40
1122 216 34 40
1110 142 40 36
1102 944 36 34
1686 660 58 32
826 860 38 38
598 552 60 40
220 620 44 34
1150 792 34 44
1032 988 42 30
1118 326 34 42
66 300 74 42
1088 418 34 42
1112 418 40 38
