896 684 76 84
1390 806 84 104
1458 138 70 120
904 250 78 108
926 724 128 68
842 198 64 124
936 82 86 108
800 644 96 72
1498 306 124 70
1088 570 130 72
1552 824 96 96
848 60 92 74
792 542 124 68
422 302 74 112
1374 278 68 124
938 360 80 98
312 250 116 78
1270 272 104 86
1638 658 82 106
1304 928 78 108
710 214 112 90
1012 756 84 98
1092 186 82 94
1220 858 116 74
1034 356 62 124
156 530 100 88
914 914 104 88
1310 516 108 88
1326 878 104 82
104 488 90 100
666 624 104 82
306 498 84 116
782 858 64 128
834 802 86 96
228 810 88 96
482 694 122 74
958 498 74 102
862 394 66 112
306 330 72 108
1360 602 84 98
1518 506 100 82
1014 60 122 58
680 60 102 48
1116 314 110 88
1668 758 128 70
1626 354 90 100
716 684 80 100
1626 12 116 64
1376 690 114 76
1244 410 106 82
156 296 138 74
1360 146 104 88
1466 570 102 86
1232 624 112 80
1460 772 84 102
366 866 102 110
686 424 102 74
460 354 120 78
714 512 86 102
1104 850 102 96
364 62 114 86
1250 20 104 48
1226 202 108 82
1572 60 116 94
1226 740 114 76
986 570 78 96
986 260 116 78
384 546 110 84
1070 124 102 84
1432 310 76 108
276 694 108 74
1368 46 114 98
154 132 92 94
594 348 86 92
590 126 104 64
438 648 128 72
1246 64 110 84
798 366 62 122
240 152 90 98
186 708 108 84
1618 438 192 72
1586 188 68 122
40 778 116 94
720 816 76 108
616 178 96 76
524 112 64 116
474 850 118 78
824 926 82 98
640 540 78 96
224 436 94 94
668 322 72 110
314 744 116 80
12 314 112 76
422 186 122 96
54 228 108 90
124 620 128 72
1114 486 94 92
1028 498 104 86
454 60 120 80
822 732 112 82
162 668 142 52
498 922 102 78
16 118 102 70
184 72 114 86
642 248 80 96
1004 906 88 108
1642 570 136 100
776 466 94 90
1366 120 96 32
1514 708 110 92
594 16 74 54
1718 692 90 70
1154 242 82 92
618 428 80 66
1048 846 72 118
266 60 124 54
402 746 136 80
1562 120 96 32
138 200 88 108
1428 640 112 70
164 782 118 84
482 244 100 68
1556 920 94 86
1682 822 96 100
400 634 76 94
316 814 128 68
1730 360 100 88
0 512 108 84
1752 306 102 60
640 898 62 110
476 792 116 74
594 238 60 80
1418 20 118 42
472 290 120 68
642 802 102 98
70 846 110 78
1484 652 76 102
1724 234 122 84
1656 84 84 96
1690 500 132 84
342 158 104 86
406 932 110 80
1670 914 122 96
1464 256 106 90
298 112 78 114
480 566 92 100
1214 60 82 62
576 60 66 70
1684 160 118 98
34 682 100 78
1734 828 94 82
178 366 68 118
696 906 94 100
608 630 58 94
382 466 122 68
1162 408 70 72
604 858 74 72
