1124 256 32 44
920 644 48 32
1064 496 42 34
872 736 42 32
896 146 34 44
1500 428 40 36
1170 566 34 40
232 828 38 40
1274 162 42 36
1268 458 46 32
1034 522 34 42
362 812 36 42
928 256 36 42
1034 258 38 34
1230 604 40 38
350 964 40 36
836 322 44 32
938 206 42 36
884 666 40 36
1236 230 48 30
1300 378 42 30
1206 904 36 34
910 540 36 32
1072 234 42 34
212 476 40 32
1188 248 44 32
1318 220 34 42
676 278 44 30
1050 718 48 30
1118 386 34 44
348 424 44 32
1074 924 36 42
1288 418 38 40
856 686 34 42
878 210 46 32
858 174 42 36
386 878 36 42
1488 802 44 28
178 336 40 38
338 108 34 46
788 294 46 32
992 772 38 38
322 852 38 38
1040 806 36 38
1138 104 36 42
1234 774 32 44
832 240 38 36
736 296 40 38
400 148 28 36
1562 356 36 36
208 340 44 34
130 780 42 32
434 102 48 30
700 322 34 38
728 342 42 40
456 906 40 32
1640 634 72 38
876 244 40 42
802 362 42 34
74 348 46 28
750 122 48 30
892 904 40 36
1250 298 56 28
464 544 38 34
1394 84 48 40
746 170 38 42
1218 744 40 36
126 900 44 30
614 192 36 36
886 224 42 40
1178 110 34 38
1296 696 40 32
428 192 40 36
1530 926 40 32
696 190 46 30
854 378 42 34
972 936 42 34
430 972 36 38
816 934 36 40
404 352 44 34
1082 182 48 32
434 210 36 40
494 62 44 30
1174 482 36 30
842 394 44 34
1260 254 46 32
1186 740 40 38
1312 650 48 30
992 796 38 36
260 62 44 28
502 706 38 36
704 120 38 38
432 54 44 28
868 356 42 34
1236 184 40 38
800 240 26 36
400 64 22 42
1110 214 38 36
1614 708 48 28
696 224 42 36
772 234 42 40
298 908 50 28
1848 552 38 32
1260 2 46 22
1082 788 46 28
400 2 32 30
474 948 40 40
796 180 48 38
270 2 42 28
730 320 40 34
364 38 36 40
882 794 48 28
828 966 38 36
1096 202 44 34
784 156 44 30
1018 900 48 34
1180 174 32 44
738 44 42 32
1794 350 68 38
918 224 46 36
1104 144 46 30
800 62 34 18
352 916 42 36
752 236 38 36
66 622 36 38
1776 832 36 36
800 264 24 34
472 932 38 32
930 812 46 34
598 392 46 28
1516 978 62 30
1662 576 58 38
838 178 38 38
908 930 40 36
1092 164 44 32
340 62 54 22
590 72 40 30
946 852 38 40
1782 782 46 30
1658 674 52 24
