994 410 108 70
1066 730 96 64
1028 844 90 72
1586 240 120 60
1318 346 96 64
254 736 130 64
1368 606 80 106
1384 378 102 62
958 670 102 66
404 310 106 94
1084 614 104 72
1112 812 92 90
800 766 100 70
414 952 112 66
850 240 62 114
1390 720 86 80
1584 542 90 72
1404 22 136 62
874 584 74 110
622 258 106 68
1226 362 94 64
1704 748 108 66
1416 468 116 70
1228 430 114 72
1362 238 80 96
1564 112 78 92
622 322 98 70
650 636 82 94
926 384 110 62
1100 186 90 104
814 420 106 64
706 764 102 74
1614 700 104 74
1520 300 88 68
946 554 82 78
306 326 114 66
1098 464 66 102
256 160 134 68
1626 178 106 68
1454 612 100 82
1026 178 122 66
1270 134 78 124
1304 174 104 104
232 256 96 94
888 828 90 98
1502 800 78 110
870 72 106 82
504 206 88 74
402 148 112 70
506 876 98 60
442 654 80 86
1454 182 94 74
1644 584 104 60
1052 506 66 102
46 764 106 88
634 514 118 78
808 916 92 98
1718 304 112 90
506 72 86 90
954 504 86 54
0 522 92 98
1086 874 66 104
1454 266 94 66
1496 154 102 68
508 810 92 68
800 294 60 100
122 474 128 72
298 268 106 72
718 660 88 86
896 428 76 84
236 494 78 108
1220 538 68 82
1566 342 72 106
152 110 98 88
68 222 116 92
1278 26 110 54
1052 120 124 54
1748 810 70 94
80 508 72 106
1532 60 136 82
1640 84 114 76
1632 772 106 68
610 16 116 56
796 530 86 72
464 266 100 90
1724 666 96 54
1648 14 100 76
152 636 116 72
122 542 112 84
1710 216 106 88
326 10 94 74
456 458 140 78
348 520 84 96
486 16 78 82
1702 428 128 70
390 574 126 68
1726 46 110 84
640 804 86 98
410 228 84 80
726 946 80 102
258 120 106 54
754 562 64 116
674 438 98 72
112 0 82 34
618 42 90 102
410 12 84 60
172 692 140 64
1250 752 86 96
1668 636 112 56
148 184 98 86
360 86 70 110
1156 498 60 64
250 862 100 98
128 974 130 82
716 830 94 86
754 472 98 46
214 30 118 74
670 902 70 94
604 644 52 106
42 684 98 72
606 130 64 78
138 744 116 76
78 308 108 70
1634 404 90 92
452 590 126 68
724 340 80 68
742 400 102 56
1640 872 114 82
1174 586 60 98
18 118 102 68
488 690 94 70
100 894 122 82
488 746 104 62
816 488 90 52
1150 942 60 78
1216 840 62 90
1120 24 80 82
32 408 102 60
1724 504 106 92
1158 686 76 70
96 60 122 66
6 0 80 42
1040 26 98 42
1224 928 104 72
1194 290 78 68
400 106 38 80
1152 414 88 56
616 884 50 66
540 934 64 54
