170 350 56 58
80 324 74 40
1296 278 62 58
1526 244 68 50
818 130 66 48
412 28 48 78
1510 368 64 52
132 286 60 62
298 172 68 44
182 972 54 60
1622 118 64 52
722 644 64 40
702 260 62 40
1526 166 54 52
1096 242 50 70
1660 310 60 50
1256 156 66 48
988 606 48 52
1252 530 68 38
1612 190 44 62
786 260 48 52
582 184 78 56
882 814 40 66
776 410 54 48
1338 394 68 34
1700 206 52 58
844 248 46 52
80 884 60 40
844 504 40 50
56 974 72 48
1178 116 64 44
602 606 56 52
800 474 32 44
484 306 66 46
352 404 46 58
902 588 48 42
664 1012 44 48
326 2 62 62
1394 358 52 46
78 382 74 40
1048 480 66 34
1512 30 50 70
820 924 48 52
266 18 66 66
1042 358 50 44
180 226 84 38
934 890 64 38
170 652 68 34
802 560 52 40
1426 8 44 62
1326 0 62 66
678 122 42 30
1182 392 48 66
1042 752 52 48
862 550 50 46
612 102 44 68
1712 358 62 46
746 28 72 42
42 260 60 38
1638 236 56 54
1072 518 74 40
1316 644 52 50
442 924 82 50
1384 910 56 56
1580 480 50 38
818 320 34 42
18 158 84 64
456 62 60 54
1438 420 50 48
722 454 54 42
84 634 72 40
462 408 36 38
1180 522 40 32
1258 698 50 46
1124 6 42 26
1438 350 52 50
1634 368 50 62
1082 668 46 30
352 982 46 42
598 866 34 42
54 718 70 42
606 512 54 38
594 688 34 34
716 80 52 54
1182 470 68 34
1100 796 28 52
1606 696 62 56
22 878 74 40
1794 660 100 40
