1432 568 62 48
1432 696 66 42
1426 406 52 64
1356 912 58 60
1274 292 88 42
72 222 90 48
270 154 72 44
134 744 54 58
1344 216 96 44
1628 244 88 70
490 604 60 42
158 704 70 42
146 828 80 34
940 548 68 42
470 678 70 38
116 960 90 44
384 410 66 36
840 650 42 66
650 314 50 62
72 356 72 60
1450 962 64 42
370 224 52 56
452 882 54 40
668 560 46 58
644 248 64 42
306 630 64 36
1006 850 54 52
890 588 42 56
430 820 62 40
180 224 64 70
1222 54 74 48
1238 396 76 34
1616 836 130 46
784 334 44 62
74 584 70 42
664 430 52 46
154 922 80 40
1224 542 52 56
884 416 62 36
722 368 60 38
1044 348 64 48
686 406 64 38
190 650 56 38
370 656 58 38
482 48 56 56
70 786 58 48
1632 890 82 50
588 576 78 40
1206 128 44 58
390 926 58 42
130 506 104 48
872 498 46 54
1098 650 46 62
78 520 80 40
1630 986 92 50
1058 924 50 48
750 572 44 54
858 30 50 54
656 774 66 42
910 488 56 36
1190 694 46 56
682 480 58 46
910 450 56 36
76 646 70 52
26 376 64 42
1580 930 102 56
1676 346 86 52
642 714 52 46
598 626 62 38
310 268 76 36
690 164 72 48
856 812 42 64
1048 684 64 44
810 556 62 36
648 674 54 36
580 42 62 56
592 288 62 66
1136 84 42 68
798 770 40 62
870 62 46 22
578 90 46 90
1632 782 104 56
778 480 56 34
826 506 46 50
1058 206 62 52
1300 680 62 64
674 650 60 36
1642 564 110 46
860 450 46 50
1432 986 54 56
942 58 64 38
586 528 60 36
948 934 64 38
1180 756 66 38
990 382 62 36
980 262 56 44
1046 186 66 42
1170 378 60 42
656 884 54 46
1038 738 68 48
72 90 70 52
582 696 44 56
1712 250 94 88
810 434 56 38
1184 402 54 52
742 664 42 50
1094 248 58 54
1050 138 80 46
1054 508 50 50
1160 774 46 62
1054 410 66 44
722 458 50 48
1098 908 44 62
1190 440 60 40
48 710 70 48
598 860 48 46
1752 136 62 90
808 62 46 60
574 402 48 66
1318 14 66 52
1186 236 52 54
684 820 48 48
114 888 68 46
1588 474 46 48
1146 650 40 66
1164 838 56 40
1196 482 50 42
8 162 98 58
364 696 54 38
48 534 60 38
808 824 48 44
38 454 82 36
1020 18 60 46
1692 62 96 78
588 4 72 46
1096 516 44 62
26 652 58 42
964 990 42 56
1176 522 54 40
758 436 56 34
598 952 62 42
872 544 48 46
898 432 62 34
1126 606 54 40
1074 388 60 40
752 826 40 60
268 426 62 32
