1028 762 72 114
1060 248 72 106
804 262 86 98
248 724 144 78
864 432 86 102
806 704 94 94
1052 120 114 88
620 190 122 82
1324 708 70 120
196 430 100 92
930 686 116 82
954 416 106 74
900 898 88 102
10 490 100 106
1334 334 74 118
108 214 114 84
1328 578 96 92
1540 640 100 92
1470 794 98 86
1304 486 94 90
1116 752 84 116
872 764 98 90
72 766 146 86
950 478 102 76
1392 488 82 100
1062 364 116 74
1030 634 126 74
380 638 120 86
940 60 100 84
134 460 88 100
1240 306 124 58
962 172 86 102
1038 436 138 72
1570 36 78 110
770 184 118 78
1358 60 96 54
1628 454 84 114
1234 636 104 86
918 822 108 84
1226 358 96 94
808 120 86 60
1666 158 110 84
1612 112 112 90
1236 708 86 104
306 448 94 92
674 252 126 76
1512 698 68 122
394 832 90 106
1630 694 94 94
316 586 124 74
378 724 80 104
796 886 104 96
252 148 112 88
998 338 78 102
910 342 114 74
1354 850 106 78
1562 350 94 94
182 60 126 42
1420 674 114 80
1438 74 72 114
1574 734 78 98
962 256 94 100
1128 484 88 114
800 18 116 66
144 340 94 98
282 800 142 76
382 484 110 90
1252 60 70 108
642 320 92 96
208 242 116 82
764 598 114 90
404 262 116 70
438 546 112 82
1400 340 92 88
1230 470 92 96
694 770 116 90
1360 120 90 66
1362 170 104 84
722 670 112 88
1610 310 146 70
762 838 78 110
1686 444 108 88
884 192 76 108
1456 22 130 64
1282 104 82 102
16 848 126 102
1150 596 68 84
902 114 80 108
1368 414 150 84
1414 592 116 78
612 118 148 78
1454 860 82 104
1214 766 68 114
704 562 82 106
1454 156 112 84
1030 870 124 92
180 652 112 90
618 60 98 76
8 118 104 74
50 20 138 86
338 106 114 86
82 608 144 98
1378 236 86 80
684 380 124 60
284 296 140 78
1522 246 72 116
688 850 80 118
996 544 106 100
340 922 82 108
266 650 116 78
580 60 68 72
1046 16 90 88
1528 904 104 90
1522 182 134 80
1470 484 148 74
762 500 104 90
1484 562 116 78
1042 502 96 90
268 532 104 86
588 468 76 94
1434 236 84 102
1474 318 80 112
948 534 66 122
1648 798 142 84
602 818 96 72
1766 126 106 90
484 46 74 110
454 192 98 90
188 522 104 92
718 322 122 72
498 296 80 86
34 296 118 92
18 412 114 70
152 824 142 100
750 944 82 106
382 324 120 68
1192 308 66 106
1726 710 92 102
1246 912 96 86
1742 60 142 70
1596 228 78 112
100 100 136 94
1074 56 134 76
800 432 74 86
294 228 132 70
656 424 72 110
472 832 124 64
1302 236 86 78
1240 186 84 82
696 60 108 52
1212 60 70 92
1752 262 104 86
318 4 174 88
232 890 122 86
1616 896 98 94
1632 48 112 94
422 916 96 78
1214 868 72 88
1048 980 84 74
994 926 86 104
258 960 108 82
