784 872 68 58
846 890 70 56
850 46 50 74
1532 574 74 64
1480 754 62 56
1364 322 76 64
1272 572 58 52
772 30 64 60
860 514 70 48
766 532 68 46
1070 212 52 82
1530 274 76 54
892 164 46 68
636 608 60 56
936 364 46 60
900 686 82 46
1214 930 68 58
730 220 60 76
1652 552 76 62
1110 92 60 76
910 590 72 44
1592 638 100 40
932 124 72 42
1554 704 52 52
1304 210 52 80
1640 272 74 58
738 414 56 64
1598 736 64 42
1192 188 82 52
1606 792 68 46
1612 956 68 54
400 60 34 34
818 342 48 52
362 34 78 58
666 418 68 38
1160 782 68 50
1626 358 66 58
1050 164 56 56
1216 508 66 52
562 198 74 60
1688 242 60 58
1526 24 106 60
1182 218 54 80
1112 30 66 60
380 348 64 50
34 444 86 52
12 142 98 96
1116 62 58 20
1112 522 48 70
1706 504 72 48
1180 504 46 74
1026 976 78 74
32 710 100 54
1640 418 86 48
1126 120 40 32
654 4 72 34
442 350 74 68
1164 962 88 52
