1254 160 72 112
1018 778 72 120
410 728 76 106
1122 232 102 90
690 126 78 108
974 176 64 122
770 786 104 112
1324 482 84 102
936 90 106 86
1138 308 86 96
1000 46 86 104
1276 676 84 76
870 686 108 84
722 656 96 72
4 282 100 102
1598 274 82 110
1328 208 84 100
818 18 114 60
734 404 120 70
1236 78 92 76
422 470 74 110
1098 66 58 126
868 264 70 110
1632 108 106 84
1094 608 98 92
1538 100 84 106
1056 458 96 80
1680 292 78 104
924 294 106 82
362 442 82 102
1386 794 98 86
768 158 94 92
1514 864 102 90
1254 798 142 62
1408 294 122 70
1624 480 96 78
670 872 78 116
920 776 106 92
1044 210 102 86
1022 526 86 118
940 358 114 80
1404 144 118 90
1326 942 128 76
954 454 102 82
1032 376 82 106
1236 344 78 96
620 534 80 110
1240 722 84 92
986 880 86 110
1586 188 116 78
914 586 82 112
816 610 72 104
680 294 76 100
874 492 96 90
1324 588 88 94
884 156 94 92
1628 858 114 84
858 374 94 92
196 536 154 70
410 360 118 88
1366 330 106 88
668 226 130 78
652 378 92 94
1716 554 92 106
1120 776 84 84
494 736 96 94
458 44 108 86
36 770 112 100
1600 16 112 62
1154 20 80 90
12 114 102 72
324 560 108 86
808 880 86 86
1092 876 114 82
1558 406 98 76
332 658 116 76
1466 772 86 76
414 128 100 90
1246 412 110 88
10 60 118 48
1464 210 110 78
1376 660 90 100
170 586 136 82
1288 26 72 104
400 70 106 76
1454 564 126 72
578 80 96 84
1108 494 84 110
278 702 114 78
1618 606 148 72
820 500 82 120
678 744 82 106
1678 702 118 100
864 842 98 94
1098 20 80 52
1666 156 154 62
1562 798 126 78
596 298 78 86
1238 598 84 84
400 248 100 80
610 830 68 106
1492 22 104 50
648 640 112 74
108 560 106 96
102 850 108 96
1038 690 134 78
126 704 124 84
734 568 114 76
1068 752 112 56
1476 80 80 110
112 650 138 74
500 618 82 112
1474 630 138 72
38 216 112 84
1744 314 120 84
468 862 108 86
1786 120 72 76
14 496 104 94
1236 852 104 86
134 282 120 90
624 466 146 60
1512 278 86 102
1722 202 114 94
504 294 72 104
26 684 114 74
748 476 102 72
656 560 78 94
1640 380 98 90
1198 492 108 64
1246 946 98 94
728 736 94 88
690 514 76 102
616 724 68 116
592 660 62 100
142 148 108 64
248 864 132 74
108 486 116 84
324 896 98 82
98 306 94 78
1696 950 98 82
736 272 82 108
414 938 124 80
854 924 100 82
46 964 92 74
512 814 82 84
1392 728 140 72
610 20 118 62
0 558 76 76
1186 550 102 52
128 64 104 94
580 198 80 90
