1430 272 72 74
1590 352 80 68
1524 192 68 78
1550 288 66 78
1654 614 74 60
374 126 74 74
1410 392 126 54
914 870 66 66
830 910 80 54
188 200 90 66
990 862 62 68
586 382 54 72
698 758 74 42
1508 76 90 48
1602 78 88 86
788 708 52 66
1254 566 84 44
460 920 78 52
634 400 66 62
622 126 68 78
1036 156 78 48
184 770 76 46
750 172 104 54
738 824 54 50
314 996 72 52
68 870 66 52
964 954 74 42
1300 456 84 48
686 554 88 54
268 0 90 74
1590 830 102 48
1606 716 98 48
612 264 66 60
766 446 60 58
300 302 62 64
688 358 60 58
376 614 58 54
844 384 84 48
1180 92 66 90
218 648 68 44
430 984 86 58
32 610 84 50
886 642 68 44
580 872 48 66
102 632 76 40
1794 786 84 70
148 548 86 40
570 212 60 70
232 316 66 50
40 714 84 54
604 952 76 42
114 910 108 54
656 526 46 68
740 60 70 52
1170 400 74 86
1722 300 88 66
318 616 62 56
556 14 76 68
1670 448 76 40
620 992 64 52
70 188 110 82
1018 544 62 48
1102 588 52 68
1308 490 82 44
36 452 80 44
1186 202 62 122
1596 798 108 44
1090 96 74 54
938 996 78 44
12 154 84 68
314 382 58 68
116 142 102 72
914 396 70 48
572 608 56 46
1780 848 84 58
1320 916 80 34
