224 80 92 106
732 568 72 120
1382 200 86 108
818 100 84 110
1688 240 96 110
1376 850 76 120
130 170 80 110
238 784 108 104
962 830 104 86
826 416 112 88
938 518 76 108
834 502 98 98
308 26 106 104
1310 22 74 124
942 368 86 98
848 712 102 88
988 716 84 104
822 604 70 100
220 176 112 86
1080 186 96 86
1304 202 58 124
376 646 160 68
164 606 134 82
348 132 84 122
1250 176 68 124
1014 530 98 90
156 680 126 78
738 224 74 106
1336 350 70 132
272 664 110 82
426 164 104 90
1222 482 94 80
406 540 108 90
1346 784 118 72
1046 436 80 104
1534 750 116 70
602 42 98 102
842 896 120 80
932 22 108 84
922 102 70 118
940 258 104 82
1012 614 82 118
1740 592 82 108
6 594 112 90
666 290 102 80
1322 542 152 68
1220 18 86 94
1496 806 68 108
80 480 112 96
38 222 104 84
1522 326 64 128
610 154 88 106
1526 496 120 82
838 20 112 66
684 776 90 100
1108 570 76 106
1548 250 116 80
406 706 124 78
1446 452 72 106
600 654 76 90
1228 380 126 74
1332 476 122 68
682 652 72 108
1394 326 78 108
32 0 92 110
146 426 108 92
1658 534 80 102
590 764 90 92
624 356 112 82
1506 192 106 84
978 146 92 90
708 60 102 54
336 290 118 80
668 124 94 92
1348 670 92 90
1432 654 86 98
242 542 112 78
1526 132 142 70
14 286 104 92
712 720 116 76
742 784 144 64
628 580 88 100
1534 580 116 84
1332 604 130 78
1442 922 122 84
1580 346 104 78
1604 18 146 58
1406 30 92 90
1076 732 92 88
1250 648 96 92
596 252 100 90
1666 348 126 74
792 16 68 68
1140 296 64 118
1048 892 108 78
484 798 106 94
1416 314 132 76
1142 220 78 96
1454 552 122 84
1556 648 96 90
1692 472 122 86
1030 670 118 80
746 406 80 112
20 772 102 104
756 842 106 96
1422 730 82 100
804 232 92 86
1236 722 106 80
190 254 148 76
1038 122 148 80
474 330 82 98
1232 914 110 80
260 930 98 112
702 480 74 104
152 904 134 86
492 122 78 42
1744 516 116 82
1042 26 106 84
38 962 104 82
344 364 136 88
68 120 194 72
1632 794 102 110
4 110 108 82
430 6 100 78
802 300 88 100
510 222 74 88
452 938 154 80
400 136 42 104
874 286 106 80
1636 670 114 78
1656 92 146 52
1650 414 156 72
516 612 86 86
984 938 116 80
356 848 122 86
1720 126 96 120
300 876 110 90
30 686 104 74
374 716 84 110
92 738 112 96
0 490 58 90
1484 36 106 96
1202 558 68 114
596 14 78 68
532 692 66 120
