1434 358 80 48
308 478 60 70
132 494 66 64
1654 234 64 64
1358 704 56 56
212 466 78 38
1254 532 60 56
1260 374 74 44
1538 560 58 64
900 468 46 64
1436 718 56 48
198 866 70 48
1510 142 94 52
44 550 76 54
36 356 86 50
130 744 76 46
600 770 54 66
1542 274 52 78
284 654 76 38
1666 654 60 60
286 876 48 56
1290 326 80 38
1386 558 64 48
40 618 104 46
304 730 72 38
1814 892 84 46
16 154 88 68
448 828 66 50
32 456 84 50
104 374 84 44
1804 564 92 48
1474 800 56 58
426 78 94 50
1188 570 52 62
1606 80 76 48
1672 774 72 40
1184 698 44 58
800 690 28 42
1204 656 66 36
1184 252 56 50
260 730 52 48
1336 186 72 40
1252 272 72 36
1396 832 76 34
1090 630 52 56
800 766 26 42
668 174 62 54
666 618 66 32
350 834 62 34
46 712 70 42
1648 110 84 44
1378 976 64 38
1802 700 80 36
222 758 50 54
60 822 86 50
1712 148 66 58
1098 290 54 62
1138 792 32 38
114 48 84 64
830 552 70 44
900 804 40 34
600 426 54 66
1034 404 46 52
1278 732 66 34
394 860 48 50
1208 190 52 52
712 858 46 50
1654 816 56 48
782 268 48 50
1352 870 60 40
746 832 60 44
1166 886 42 30
