1230 438 118 52
1010 744 116 50
1050 414 100 68
1336 322 80 84
1074 484 80 78
914 630 94 62
1134 586 72 106
784 168 112 66
988 64 70 88
1256 548 76 92
1242 362 78 76
1066 144 68 88
1044 582 72 74
728 322 100 64
1076 234 106 72
964 526 78 84
1012 230 68 102
986 458 88 62
918 86 82 96
916 568 78 62
916 698 84 78
804 230 102 64
1264 300 86 66
1030 798 96 68
762 754 72 80
790 484 86 72
1408 258 122 56
664 558 84 74
1364 396 104 58
1436 690 78 70
80 772 114 86
1360 458 74 100
482 240 102 82
1410 502 118 54
1078 328 106 86
948 844 96 58
98 302 124 72
636 32 104 66
932 288 68 86
728 402 124 60
828 548 102 62
646 282 96 86
1250 182 98 74
494 890 88 78
900 984 92 64
326 540 88 72
810 282 82 90
42 866 118 66
1470 344 108 62
1512 222 110 64
1372 86 98 58
592 38 80 104
130 834 134 68
858 756 94 60
1516 510 80 84
1298 658 96 70
1328 22 86 78
400 330 116 64
1408 136 64 80
1622 530 104 62
1080 856 80 72
910 810 100 58
834 622 90 90
1504 112 114 66
1508 284 112 66
1404 314 90 70
1536 466 124 56
810 788 88 90
914 348 80 84
1142 512 72 82
772 94 96 72
1286 862 100 72
812 418 116 62
1364 640 104 60
668 626 102 66
1350 756 86 58
640 658 76 96
274 618 120 68
1486 408 102 68
622 476 106 72
400 936 92 76
884 252 68 108
884 434 88 80
1130 60 88 70
1714 270 84 50
1462 804 102 64
1570 368 110 84
1288 796 104 62
466 824 136 66
1226 224 74 80
366 796 148 66
1076 628 72 68
1232 74 88 76
846 896 70 116
686 120 92 86
176 296 134 84
34 212 126 78
496 120 90 68
496 558 110 58
1390 560 128 56
1318 214 84 74
180 920 108 90
836 60 80 100
438 16 134 60
1346 840 84 68
1632 80 102 84
1514 702 90 90
1426 758 88 62
318 888 90 100
1532 20 100 64
1400 30 100 70
1570 156 100 78
1348 192 92 58
336 698 90 96
1658 340 122 78
1728 292 98 58
494 954 116 76
1610 246 82 88
44 958 98 72
316 196 118 104
632 144 84 98
476 752 110 66
1620 444 122 60
1438 614 90 72
1484 184 86 64
1494 912 94 88
1516 600 76 90
604 634 56 80
1214 598 68 72
1608 660 88 58
396 726 88 76
1056 908 72 108
434 66 134 78
1264 708 86 66
432 510 98 86
1726 612 90 50
1426 928 94 92
110 426 192 70
1724 648 108 72
1002 956 80 74
1448 122 68 96
616 830 64 110
1220 492 78 64
1474 40 98 84
642 888 116 78
192 518 122 64
136 0 114 50
1642 220 104 56
1690 708 134 58
1728 120 104 58
1170 244 48 88
1166 140 58 64
1540 816 104 62
14 116 102 74
606 774 56 80
1420 438 76 58
232 964 156 78
176 246 144 62
1374 698 80 54
652 950 96 70
1626 598 104 68
1668 756 108 56
1594 886 70 66
520 618 80 58
44 688 84 70
1650 150 136 66
1232 956 122 78
1160 410 70 60
0 254 40 68
0 460 70 94
1694 552 90 60
1216 284 70 68
1704 946 76 82
1712 804 96 48
206 54 138 78
1700 496 120 56
1164 686 66 60
