1594 134 82 56
746 334 44 68
1458 596 90 46
1538 250 66 68
1394 334 52 76
1360 778 56 72
1300 180 46 64
304 58 60 76
780 580 48 66
854 318 50 64
1262 300 64 50
1636 764 102 48
666 716 54 48
1518 752 68 52
918 202 48 58
1548 836 72 40
1094 382 50 62
594 902 62 78
1536 926 104 52
1274 768 62 40
1396 86 56 62
578 94 76 64
1544 430 56 62
932 560 48 60
1724 258 74 78
1272 622 46 68
392 680 66 38
192 318 68 50
964 480 40 68
476 286 52 62
370 174 62 58
704 110 48 62
1332 862 52 70
1028 364 42 62
1642 280 72 48
848 476 56 46
1406 652 54 70
1582 732 58 56
144 238 68 46
810 274 60 40
1636 540 98 46
1178 412 72 42
1600 500 78 42
728 742 60 48
454 12 66 56
990 292 48 46
666 410 54 48
574 288 96 52
142 800 70 36
104 674 78 38
944 932 44 54
796 690 44 68
706 440 44 60
662 590 44 52
392 358 52 58
380 136 78 36
880 426 68 36
1652 666 74 54
890 622 44 66
1056 526 50 50
674 820 66 44
116 944 78 48
1038 698 60 50
894 962 52 46
1044 622 50 50
1432 708 92 54
1084 246 62 50
584 250 86 42
208 152 68 42
1046 428 60 44
1030 804 62 52
848 638 46 58
170 400 76 40
408 950 48 48
836 518 62 40
414 96 86 60
1028 474 70 38
992 344 44 52
250 780 56 50
84 376 70 44
1246 902 56 42
248 662 48 62
794 434 56 42
1696 358 80 48
666 192 90 40
172 172 58 62
1230 252 58 42
46 862 68 34
598 352 80 48
912 870 54 40
16 368 78 46
1398 1004 60 48
1096 910 48 56
838 556 50 50
1176 758 52 46
728 856 46 54
408 634 54 40
1090 790 50 62
1186 516 42 66
92 338 64 48
1196 264 46 64
1058 146 66 38
758 674 56 40
718 988 46 58
1444 66 52 72
686 546 58 46
1082 308 46 52
790 510 52 56
96 504 80 34
164 572 80 56
80 908 70 46
252 944 62 40
966 410 40 66
1196 728 58 34
1100 120 62 52
1028 742 62 38
784 464 42 54
1746 140 66 100
594 390 70 38
1660 886 82 74
812 938 58 38
14 156 90 60
600 808 56 62
1224 934 44 50
124 990 76 40
600 634 62 40
1102 650 40 62
1286 0 54 72
1198 212 58 44
142 94 70 64
1188 470 66 46
1140 368 38 82
1176 632 50 44
750 436 44 54
1060 234 62 44
968 60 68 38
980 120 54 50
1454 992 62 48
1694 470 74 54
734 494 44 40
1068 656 44 62
588 686 58 44
290 400 78 52
142 584 48 60
576 20 62 48
596 760 74 36
70 620 58 46
30 520 58 62
1204 174 70 34
1636 472 90 38
196 678 60 38
74 288 88 44
1182 112 58 52
530 726 44 56
874 62 40 32
306 988 62 40
538 556 40 36
242 468 56 32
48 708 70 46
290 2 72 38
34 446 78 42
606 570 62 40
74 522 66 56
1096 188 36 40
1148 96 28 54
386 84 56 42
1178 690 56 42
