1532 592 116 60
1272 192 104 94
824 796 118 66
262 118 126 82
1436 232 128 70
1304 794 86 96
1554 158 96 102
1236 100 104 74
756 540 120 58
1228 640 150 68
886 858 94 76
964 556 78 90
896 468 72 106
954 428 78 80
1272 418 84 96
1368 264 98 86
478 228 112 78
388 664 114 88
786 298 84 96
408 174 134 74
406 600 118 64
464 718 82 82
962 496 90 76
298 764 138 76
1336 892 116 66
792 158 112 86
260 698 124 68
976 856 100 80
894 226 90 94
1060 680 88 74
1140 564 76 94
1454 400 124 74
796 412 104 66
764 248 96 64
618 560 116 68
1242 376 68 94
0 240 78 92
1064 864 94 88
972 152 116 74
718 784 86 100
1640 304 100 100
890 924 102 76
1362 384 98 98
800 886 58 82
1370 696 114 76
1300 60 76 66
716 264 80 104
1020 258 90 72
510 346 74 90
1356 100 94 66
1330 506 106 98
1080 308 68 112
1300 302 90 108
1030 202 114 76
1654 184 116 84
426 512 124 62
486 10 90 64
900 60 68 74
510 586 86 76
1562 330 84 102
922 368 100 62
658 694 94 88
1588 60 96 54
1446 18 118 44
144 728 112 78
418 346 106 76
1332 584 88 96
694 130 114 78
226 534 86 102
444 784 120 88
304 826 140 72
674 610 86 100
1702 504 86 100
366 336 74 92
676 60 84 58
1088 58 112 50
874 380 64 88
1464 320 120 86
44 778 124 78
508 812 90 86
1042 588 116 84
1004 86 76 88
644 780 84 100
1098 764 108 88
612 650 70 126
1466 684 78 100
880 754 108 62
770 484 126 66
1236 912 108 82
1434 106 76 90
1590 716 94 76
1454 926 64 120
510 698 84 80
624 250 98 98
160 0 104 128
1004 312 78 84
310 622 114 82
94 858 92 102
1532 878 82 108
654 940 128 66
1586 986 122 60
716 90 112 54
214 800 86 98
136 618 148 72
972 326 70 94
836 698 114 74
1564 254 118 88
756 40 112 76
1202 60 98 72
962 60 72 84
1080 102 74 86
282 60 112 48
1416 506 98 86
44 690 90 64
848 90 68 110
16 120 116 68
24 854 88 98
54 218 140 90
34 60 148 56
1140 846 68 72
714 870 102 78
650 146 84 86
158 264 80 100
598 74 128 64
636 504 100 58
1496 102 80 102
1746 294 84 94
248 246 160 68
1626 662 84 80
1034 968 66 84
36 580 174 72
230 906 130 78
1166 144 54 66
1712 706 100 58
604 868 96 68
680 314 78 100
1580 868 104 62
1568 462 98 106
364 450 86 84
1676 608 104 84
122 912 116 80
814 22 94 50
1382 18 62 60
598 174 74 84
1722 6 104 48
294 502 118 94
1220 306 60 104
16 0 102 40
232 306 106 74
226 0 82 60
1566 780 140 72
446 440 112 66
76 522 126 72
630 378 88 90
