1634 658 72 50
1008 412 50 46
1488 904 70 34
1656 880 62 50
436 144 56 60
1596 246 58 34
1704 288 66 38
914 844 52 46
1464 754 64 36
118 696 70 28
718 650 36 42
1632 758 94 34
1692 478 62 48
1614 140 70 40
1378 838 66 34
1780 688 72 34
440 710 56 42
804 666 36 44
66 650 66 36
1790 776 78 40
822 712 40 34
748 668 38 38
682 590 38 38
1182 426 56 34
752 700 38 38
1470 946 66 34
1050 506 56 38
1572 492 56 38
1386 740 54 34
658 634 44 34
38 318 78 34
496 426 60 38
1358 982 48 58
646 250 42 42
778 792 36 42
886 610 32 44
1674 420 70 44
680 780 48 30
338 30 66 38
1196 696 50 42
800 354 20 48
836 258 40 36
72 596 54 46
910 270 52 40
1202 844 56 38
1328 484 40 38
850 768 38 34
974 642 62 36
342 508 44 34
750 232 44 52
1598 108 66 40
474 540 42 52
26 524 62 38
694 870 44 36
80 838 52 46
964 608 46 32
1284 956 40 38
888 408 58 36
876 572 48 32
1072 676 34 46
878 484 58 32
1476 430 32 44
1174 554 48 38
1204 468 38 36
1228 258 62 38
150 746 50 40
786 284 30 46
1380 448 40 32
678 718 42 30
1356 522 38 40
400 664 32 36
1082 850 36 40
74 228 74 58
1050 762 46 34
770 860 40 34
1188 302 56 42
306 860 44 32
1414 534 44 34
492 390 52 40
1836 702 60 42
344 600 36 42
596 728 44 28
1192 746 46 28
1714 358 58 56
370 574 44 32
900 348 48 42
1090 526 36 40
434 582 46 32
602 786 54 26
1242 696 48 30
96 144 86 40
352 696 38 40
256 866 40 34
880 774 46 32
434 614 44 54
684 272 76 38
1194 256 34 44
822 304 44 36
1128 294 34 42
1782 558 66 40
1666 942 58 44
1044 898 84 38
984 34 50 50
1572 186 78 38
400 556 24 34
1388 546 34 48
1694 168 86 70
1280 288 40 38
1634 42 72 48
1586 62 52 42
1158 826 36 38
734 366 38 36
804 288 28 44
400 582 22 40
730 386 46 28
442 794 34 38
652 898 46 26
1086 792 38 44
248 830 40 32
816 742 38 36
1290 1004 34 46
246 782 64 30
442 904 52 48
424 1018 56 40
382 124 54 18
744 352 42 32
1206 606 42 32
396 146 44 50
826 898 46 32
1570 168 68 34
1128 122 48 22
600 676 54 26
746 752 36 40
1192 114 40 36
1250 312 38 36
1120 806 30 44
1004 994 56 38
732 812 38 40
400 718 36 34
342 786 44 34
1586 24 90 70
800 852 22 42
430 878 44 32
420 106 34 34
308 690 42 34
378 86 36 42
782 908 32 38
1202 940 56 36
790 740 44 36
1410 514 46 30
402 742 44 34
810 704 32 36
508 328 44 28
206 928 72 64
800 272 20 44
1680 808 54 46
596 592 52 26
1108 698 38 32
604 846 56 26
1786 484 82 44
