954 598 90 80
908 244 128 62
1316 726 102 62
1072 398 88 84
824 264 96 62
952 430 110 70
714 578 116 76
1058 226 108 78
972 492 92 88
590 472 116 74
184 258 174 66
1494 664 108 56
1058 684 104 60
1214 614 90 80
22 118 104 66
1368 586 102 76
860 498 100 86
1076 744 106 64
980 664 94 56
874 412 90 80
612 644 80 116
1252 148 140 78
1074 470 80 96
1404 440 132 66
1420 838 102 70
810 608 96 96
618 336 72 112
250 480 94 102
748 648 78 100
774 402 110 74
712 774 70 104
876 20 104 76
400 664 70 80
812 318 116 56
1388 296 92 98
978 60 96 58
914 292 92 90
1294 426 112 66
168 708 110 80
744 60 112 74
1038 616 66 78
1120 588 72 90
400 504 62 92
266 60 92 102
778 840 80 98
1496 314 118 76
1244 64 114 82
1510 228 102 86
794 772 114 86
686 350 84 102
1284 934 94 86
168 644 130 76
510 260 70 108
1338 826 96 96
626 536 76 96
1070 132 108 76
1408 144 106 76
250 732 114 84
472 192 120 82
990 856 108 98
788 194 76 106
800 498 84 88
456 676 130 80
714 268 90 108
1206 822 96 76
1230 334 102 88
214 582 118 80
440 14 122 64
1666 796 126 58
1634 422 112 78
1734 612 102 106
1322 250 108 90
438 932 98 86
8 0 90 96
1238 738 100 56
164 46 92 88
1084 310 120 80
338 206 120 86
596 120 104 54
88 844 130 70
1330 500 80 106
948 138 112 86
1682 472 112 90
1508 466 100 88
1064 932 90 96
218 800 76 108
1536 922 110 82
414 320 94 104
1266 470 70 114
1344 172 90 90
640 60 110 62
1624 540 128 78
594 254 78 100
300 134 122 84
1594 664 92 78
978 760 102 78
1492 586 108 82
1694 294 122 84
1434 500 80 106
790 936 82 100
430 882 112 58
606 140 84 112
1622 600 98 88
1410 60 102 78
60 502 104 78
346 898 76 98
1504 144 100 90
332 0 98 82
468 62 104 78
144 0 126 74
1664 186 72 104
1450 782 110 68
1502 56 122 82
1070 72 106 72
1420 722 104 66
368 78 112 82
1176 496 48 100
1600 248 78 110
1638 70 98 110
1710 948 104 66
618 926 128 76
1640 740 114 68
416 446 114 80
1588 736 72 120
436 564 66 106
528 964 78 90
180 942 92 90
1584 138 80 116
936 962 118 82
618 842 92 96
150 180 78 104
40 686 100 68
400 804 132 68
1470 254 74 110
1162 402 72 80
1220 214 54 100
448 230 86 94
616 984 92 64
1470 18 90 44
1680 854 82 90
1156 14 60 112
1720 124 90 104
1602 862 106 82
74 554 98 86
1764 8 94 70
314 438 118 64
1256 776 112 64
36 408 90 68
1164 686 74 66
1706 380 104 70
1230 468 66 112
0 216 122 58
226 414 98 72
