1232 382 110 60
1026 564 88 76
926 358 88 56
970 242 80 84
1116 194 74 108
1054 696 94 76
1352 608 106 68
904 186 108 64
1028 438 82 90
1382 142 78 82
1138 484 74 108
884 584 84 96
986 668 86 64
1264 590 82 74
1634 264 108 60
1120 748 78 118
836 208 90 114
936 120 98 70
1584 336 84 62
1508 572 104 58
1334 322 88 70
1060 126 110 66
780 718 118 62
788 624 104 60
1278 660 118 60
884 414 104 68
636 498 82 94
1218 500 72 74
1440 712 80 104
1464 368 106 66
1382 778 92 72
344 762 126 68
756 642 76 86
698 300 114 74
1412 224 108 54
392 230 124 68
1234 146 96 96
1046 248 74 106
1562 758 84 84
90 880 114 78
954 568 86 102
722 852 94 62
1430 584 104 84
90 48 128 92
1068 392 102 62
720 190 118 78
626 792 96 68
364 826 124 66
242 50 134 80
844 80 94 76
258 676 132 78
874 934 72 108
928 60 96 72
490 944 88 98
1356 258 110 74
400 448 114 72
1702 294 126 58
864 856 88 82
706 546 92 92
772 488 66 98
1424 314 112 58
1504 732 76 100
894 678 84 66
204 598 138 66
416 298 102 94
616 166 80 86
1470 464 86 88
820 360 66 114
622 352 112 82
942 722 72 68
390 694 114 88
1604 482 70 100
268 912 92 94
308 222 76 88
1062 60 110 70
1212 740 56 124
956 970 96 88
702 110 116 82
918 778 96 76
176 722 110 88
1052 348 100 52
654 214 84 94
1536 630 86 84
1510 218 74 86
784 898 98 80
32 798 126 74
400 338 84 76
408 974 88 76
114 678 148 74
1512 90 108 82
874 728 64 84
264 498 104 98
1448 88 76 94
110 448 106 88
800 782 86 50
630 850 86 74
1358 384 104 66
1664 500 72 54
346 538 96 90
400 902 102 86
122 814 138 74
786 832 88 60
1396 464 78 78
1610 792 76 84
778 44 86 98
20 114 104 74
1590 130 118 92
1536 18 104 52
1482 158 94 68
1294 752 104 74
1504 424 88 54
28 404 102 68
386 616 102 82
1730 344 110 62
516 462 80 90
1288 850 88 80
1724 226 94 74
1632 80 128 60
1108 860 90 102
1558 838 94 102
212 228 86 96
2 8 100 86
26 590 100 92
1330 62 120 80
638 672 98 84
516 868 84 80
622 746 124 54
1470 22 96 76
1318 440 94 88
1158 412 88 56
52 960 92 62
848 480 100 78
480 588 68 104
866 18 76 44
1320 804 72 62
1666 718 102 76
218 310 124 72
0 546 50 110
1756 122 88 74
590 60 50 84
1530 516 100 70
860 792 64 64
1644 448 84 52
1566 396 100 64
44 690 94 66
1058 900 102 106
706 438 94 76
1646 120 92 34
1726 10 116 80
1668 786 150 70
1618 22 106 66
1156 684 72 74
608 18 136 70
490 756 102 54
134 934 118 84
1684 166 152 66
1652 386 90 58
1700 600 90 98
22 182 102 128
628 940 88 68
644 902 82 54
1744 704 84 58
1606 60 98 36
1174 188 46 102
