742 318 94 80
1084 346 86 80
820 898 96 96
128 804 78 102
1450 230 98 90
812 320 108 74
870 588 78 102
922 546 100 64
946 620 114 72
464 350 86 76
1512 286 116 90
702 214 72 108
1098 502 76 104
1108 766 98 92
1410 22 96 62
756 866 64 124
1220 308 84 108
1074 738 78 78
474 160 112 88
650 742 140 74
604 512 132 56
992 702 140 70
1498 20 110 62
318 836 88 100
826 756 88 96
1580 540 110 62
272 676 104 86
194 276 120 78
1276 272 80 88
1228 436 130 64
1212 60 72 66
986 814 90 92
1102 52 64 98
138 464 130 98
882 48 96 84
1226 626 100 66
1418 714 106 86
886 672 78 104
704 576 90 100
638 60 108 62
1384 540 80 88
908 500 146 54
1344 480 84 90
1632 44 92 80
186 884 78 104
1064 436 88 84
178 602 110 84
1602 280 98 82
776 592 68 102
944 390 102 78
1546 804 136 74
822 20 132 70
636 250 66 100
1090 882 76 96
1298 394 104 82
812 538 74 106
20 116 106 76
210 824 130 76
1098 242 120 94
670 812 84 88
1056 150 122 76
610 346 96 102
470 656 122 76
904 332 78 90
216 742 100 90
174 684 98 88
656 674 110 72
0 544 124 68
172 60 138 66
962 114 122 72
486 18 90 92
600 556 84 88
990 332 98 66
1148 864 62 100
814 400 72 100
920 284 112 68
1576 154 96 88
1284 110 90 94
284 60 82 104
1686 780 112 82
404 736 120 78
1166 480 44 118
1368 302 116 66
1410 174 124 62
254 916 82 98
1536 718 88 94
1548 468 118 86
84 594 102 98
716 20 98 68
412 138 80 90
50 242 126 76
952 972 94 88
982 60 126 66
26 860 110 84
1014 232 114 86
346 344 146 76
622 936 72 116
376 226 124 88
1300 340 156 66
124 196 92 84
0 314 68 68
0 192 104 86
720 422 132 70
1630 474 178 62
736 496 114 84
678 104 118 74
46 308 128 78
1226 462 80 122
976 18 108 48
620 184 100 84
890 466 118 62
54 950 102 84
1272 692 116 76
476 270 86 90
326 120 110 44
478 850 86 82
1636 614 102 56
664 894 86 84
1610 386 86 76
1020 874 86 84
1706 700 106 52
1464 776 102 74
1698 510 126 88
1674 262 84 80
846 60 82 34
610 662 64 98
1404 944 76 50
638 136 134 84
1612 652 118 70
1280 508 76 86
1648 110 86 86
348 58 86 96
396 914 142 82
316 372 72 116
504 718 92 72
280 606 88 82
886 398 72 80
48 692 88 64
604 230 52 86
1724 196 82 102
1280 802 90 96
1058 972 92 76
1622 352 102 56
638 464 112 60
1398 830 132 64
426 588 80 102
508 248 72 76
626 888 62 68
348 610 94 92
124 0 158 60
1406 120 122 54
1716 890 86 86
