890 398 64 54
782 130 70 54
1084 270 78 46
1300 114 84 52
634 162 66 56
154 202 80 48
874 184 62 42
122 734 82 44
246 698 54 62
1670 386 86 46
1002 382 46 74
34 536 72 68
1214 132 86 52
902 612 44 64
312 254 78 38
978 258 48 78
362 8 66 78
154 348 72 60
114 796 82 38
1632 86 96 52
852 750 64 36
784 518 48 64
964 554 44 58
1254 424 72 40
790 316 74 40
38 884 78 64
586 210 52 68
954 96 66 50
1532 556 72 44
462 222 76 42
110 598 82 40
1048 194 56 64
478 160 66 58
1082 914 52 66
884 130 52 58
92 644 88 36
102 468 92 38
298 714 58 56
414 312 50 56
840 84 56 48
1344 0 92 64
1096 98 50 70
1712 272 88 56
1038 448 72 38
834 450 48 58
1078 386 50 66
922 42 54 74
1042 750 60 50
358 482 76 40
716 312 52 48
798 800 60 42
726 536 48 52
502 114 54 62
1084 44 68 52
1262 778 48 56
594 58 56 62
766 50 72 48
604 668 80 40
1098 520 46 68
1180 230 62 64
1170 682 56 56
188 448 58 50
36 446 76 50
1244 506 72 40
90 520 60 42
1060 138 48 60
282 672 76 34
684 400 44 30
436 874 72 44
590 546 72 40
400 0 40 28
570 124 38 66
1038 660 78 70
732 382 32 38
1064 782 52 54
46 708 72 52
800 64 30 36
1180 92 42 64
1102 836 44 62
1184 550 64 48
576 416 28 52
1176 384 46 58
470 990 54 62
852 0 70 60
22 640 76 46
408 974 54 56
372 344 60 48
0 574 28 36
134 554 80 36
1016 990 68 42
1002 2 68 44
1170 736 80 42
1808 444 92 48
14 156 92 72
436 644 34 28
574 342 32 42
1578 636 66 36
1118 648 28 54
792 468 58 42
460 312 46 52
446 644 94 46
