440 156 86 42
1596 758 76 36
472 266 64 42
1474 138 64 48
888 208 64 46
844 300 50 58
1284 326 78 34
1566 390 86 36
860 112 64 44
162 2 76 76
434 326 74 40
1294 788 68 38
26 266 88 38
148 562 74 36
1474 32 50 64
446 514 72 36
390 222 50 54
652 860 56 46
652 662 44 62
1512 818 74 38
1200 82 44 72
152 364 62 34
1626 866 58 52
228 548 70 30
434 888 54 54
604 322 78 52
832 672 58 44
1698 496 70 54
1618 654 82 38
406 842 54 68
1028 50 42 64
1014 308 56 36
994 112 54 46
316 186 46 56
1238 218 66 40
154 230 52 46
1656 364 94 52
176 728 50 48
1038 468 68 38
298 20 66 44
1282 86 70 42
718 244 64 38
1446 570 44 50
1276 378 56 42
996 268 56 40
1176 294 52 50
1040 190 60 44
962 854 52 46
1296 910 48 56
1210 828 54 52
356 190 48 62
774 382 56 38
810 642 54 40
1794 552 62 44
1352 60 60 56
308 274 54 44
608 516 48 54
148 114 62 42
918 562 70 42
206 248 66 42
730 626 54 44
1306 986 48 62
1686 138 92 40
628 602 46 58
714 726 58 38
576 102 84 50
656 912 46 48
1052 524 52 44
1826 824 72 56
1228 362 54 42
372 286 44 44
912 698 40 60
1088 2 58 62
1180 934 54 46
1658 934 54 54
174 850 46 54
930 2 48 56
942 960 62 36
1092 542 62 36
120 676 64 32
1046 864 54 42
498 442 68 48
1088 256 58 38
190 630 66 28
294 922 52 48
452 402 48 52
74 646 66 40
858 820 60 38
1200 624 46 28
1612 986 90 60
614 954 52 52
258 470 60 34
1176 398 54 38
76 518 64 44
786 332 52 46
400 450 36 26
108 848 62 40
318 640 64 36
970 794 48 38
380 592 62 34
898 782 62 32
792 776 54 48
164 166 78 42
790 924 42 38
724 338 64 40
948 734 48 46
302 398 58 44
108 478 84 28
758 808 36 40
950 996 32 44
1266 586 60 34
332 328 64 32
1248 670 38 32
1176 530 32 38
1098 426 54 36
1794 752 64 42
1066 916 46 52
858 910 46 44
26 574 68 36
1278 448 44 32
758 876 56 40
218 800 66 40
1170 778 62 40
1296 0 58 50
216 844 58 40
1312 442 58 38
1206 588 40 32
1128 88 54 50
690 630 52 42
1092 806 48 54
106 392 76 32
1196 744 46 28
1560 870 80 58
212 748 62 36
902 552 48 36
1196 712 40 36
1182 416 54 40
1202 122 50 20
1208 646 50 52
1006 744 58 50
400 356 30 40
404 526 24 46
1352 2 50 24
1102 180 32 46
1308 504 40 36
1302 456 42 28
360 394 34 42
348 512 38 38
190 308 70 28
1808 282 76 40
682 596 58 34
1674 40 92 42
62 832 56 44
1342 50 44 42
1186 174 32 46
142 936 76 36
414 520 30 44
1714 152 76 84
1290 560 48 30
250 336 60 32
302 498 42 50
298 358 40 34
744 272 58 60
722 968 46 28
752 758 46 48
