946 384 64 70
682 266 68 78
374 944 90 70
966 492 70 80
836 278 80 66
854 536 86 68
852 694 60 80
820 384 68 68
1328 212 82 72
1082 418 80 68
764 912 62 66
1456 582 96 54
758 600 68 90
1078 216 58 68
878 898 86 62
1144 232 70 58
1068 172 88 44
854 482 104 48
780 68 82 94
1306 728 78 54
954 162 68 78
978 806 80 56
1504 182 78 90
882 410 58 72
746 284 86 52
970 908 64 80
280 162 114 66
226 718 86 74
1130 330 62 92
506 984 72 70
598 60 68 108
864 148 88 62
1266 428 84 66
448 742 66 74
124 712 114 64
502 764 78 68
608 254 66 90
1220 334 60 82
1230 80 98 64
1664 16 114 66
994 60 92 62
1378 756 86 70
1310 142 88 72
442 612 64 72
1732 130 94 72
362 668 74 52
158 284 104 76
280 638 100 60
806 506 58 76
408 74 86 72
78 880 136 56
1460 708 70 70
538 124 54 100
1300 506 72 42
1220 612 56 60
376 276 94 52
1236 456 52 82
1728 208 94 66
1098 102 60 70
650 962 78 62
636 854 78 90
464 60 90 54
1216 750 80 64
390 322 100 52
1102 634 66 64
1084 720 84 52
396 610 50 70
1344 514 58 92
328 514 92 66
642 496 94 46
1654 880 66 68
268 368 92 68
1218 964 110 58
1072 678 88 40
70 952 82 70
1104 874 68 80
618 670 80 72
142 60 80 58
16 322 112 64
362 374 94 54
144 914 100 76
1716 600 86 56
504 480 78 80
880 22 64 52
66 200 102 74
116 120 124 64
1108 746 72 50
1068 892 54 66
450 478 72 70
40 770 104 74
1138 58 46 78
36 122 94 70
800 120 62 36
348 582 66 50
38 682 124 64
210 934 74 64
1072 968 68 54
24 220 76 54
560 874 62 60
1182 40 40 92
44 492 104 62
730 450 58 80
198 580 112 66
640 438 104 50
630 932 54 64
40 540 108 54
704 16 64 44
