1246 788 40 38
1118 530 32 50
1024 808 44 34
966 940 40 34
1108 648 44 34
876 904 48 32
1296 772 46 32
1018 548 40 36
1390 772 50 30
316 714 44 32
944 786 36 40
1180 818 48 30
1052 552 46 34
1102 906 44 34
172 382 36 44
800 666 44 36
854 142 36 40
782 1000 38 36
130 910 40 32
1332 386 38 36
724 928 40 34
470 262 42 32
874 336 36 36
256 518 42 32
1444 472 46 28
1828 844 68 30
1414 866 44 34
1078 894 34 42
890 130 44 30
358 818 38 38
1824 504 62 42
452 312 40 36
1042 938 38 38
384 256 42 32
946 846 38 32
90 544 48 26
400 426 26 36
1658 566 78 40
142 816 46 30
256 416 50 28
136 744 54 24
340 254 44 34
950 968 40 32
480 554 40 32
88 624 48 28
836 740 32 40
1208 700 38 30
380 314 38 40
1196 726 40 34
1394 506 38 36
118 282 58 34
246 916 46 28
114 616 42 28
828 720 36 40
378 384 48 32
430 498 48 30
134 402 44 28
1102 426 46 28
1178 504 48 28
428 440 48 32
412 702 40 28
296 344 54 28
1094 70 42 34
1588 350 38 40
284 840 36 34
862 940 36 38
590 122 38 32
816 764 40 36
92 358 44 32
400 156 48 44
404 484 36 36
848 980 36 36
790 98 48 54
438 224 42 38
340 146 54 36
1692 282 56 46
1226 116 40 38
186 154 38 38
400 278 46 30
390 292 42 34
202 416 50 26
280 224 66 34
372 426 36 34
1092 692 46 34
420 332 36 36
346 770 42 32
1676 224 92 40
774 720 44 32
244 406 40 30
464 942 62 38
114 352 38 30
1178 476 32 38
1092 452 38 42
88 826 38 30
404 330 30 38
636 722 32 34
1334 8 50 40
1146 80 34 42
1660 268 82 30
122 166 62 42
1634 814 66 46
78 376 50 30
1106 672 38 32
1156 60 44 20
1052 136 30 46
1210 106 34 40
56 242 58 54
1810 368 60 48
512 834 46 28
