894 744 34 40
1004 404 36 44
1054 680 48 30
1062 346 40 38
1002 662 38 34
940 620 42 36
1064 636 36 40
884 890 50 30
1248 308 34 38
1010 506 34 42
1102 538 40 34
214 584 44 32
1054 386 40 38
204 644 34 38
1026 768 46 34
948 162 46 28
1114 820 36 36
1626 838 86 44
1172 678 38 34
784 892 44 34
946 652 38 36
1670 366 76 50
1224 476 48 28
128 740 52 28
300 510 44 32
968 744 46 34
944 856 38 38
264 150 34 42
1176 556 46 30
1670 160 108 70
166 228 42 32
932 926 46 34
324 308 34 40
808 222 44 30
1102 300 42 38
304 148 50 32
1176 786 34 34
786 946 36 40
1024 788 44 36
1096 124 48 30
218 124 42 34
1118 230 38 40
996 952 34 38
886 116 38 36
364 426 36 38
1176 252 38 36
168 264 40 36
906 920 38 36
746 800 48 30
284 674 42 28
1644 718 74 38
252 750 48 32
310 352 40 36
854 650 42 36
896 904 36 36
198 822 36 36
788 756 36 42
96 894 48 28
884 138 40 38
748 834 36 40
1360 154 44 32
1058 172 44 34
882 594 46 30
1306 176 44 34
1666 254 86 36
1826 482 40 36
1006 814 48 38
392 60 34 42
1102 496 42 32
1644 758 64 38
1788 646 40 32
1404 200 40 34
718 356 34 36
826 758 46 36
986 812 44 32
730 962 40 40
898 492 34 36
776 786 38 36
1428 232 46 30
1020 946 42 34
214 964 50 24
966 502 42 36
232 468 36 36
1196 348 52 26
1662 470 56 40
334 34 36 36
1036 28 30 46
262 480 44 34
970 762 42 38
1716 74 60 60
230 784 44 30
718 898 42 36
834 110 38 42
1124 22 30 46
922 526 38 38
302 0 52 22
1100 164 44 32
1192 204 32 38
968 552 46 34
370 102 42 30
1186 30 36 42
1362 246 38 36
1762 932 38 38
898 48 36 32
350 68 46 32
1792 594 36 32
1796 706 60 34
1176 386 38 34
1232 214 40 38
786 686 30 50
1752 762 34 36
330 0 44 26
1630 936 70 36
1590 514 48 26
1786 536 50 26
1390 212 36 36
314 84 44 34
740 920 40 32
800 62 38 18
610 838 44 30
1186 158 38 32
1224 8 34 36
264 368 44 32
1286 210 44 30
1190 394 50 34
1824 550 52 26
824 704 50 36
