942 678 94 74
952 326 82 76
962 548 76 86
1490 492 102 70
852 282 90 72
676 200 82 68
1344 486 76 92
1030 342 70 86
1234 654 104 60
1076 196 100 88
746 374 100 70
1318 692 110 60
1556 86 100 70
800 818 108 62
1576 538 112 60
866 594 68 92
1240 372 106 78
630 476 98 72
1318 602 128 66
932 208 90 76
428 730 92 92
798 758 104 60
664 534 82 84
1228 720 90 54
1388 60 90 64
1054 424 120 56
410 806 118 80
734 680 82 82
1396 180 94 74
1466 820 92 80
708 740 78 84
1370 280 104 76
1034 474 80 112
770 490 74 92
932 834 98 58
938 138 132 82
698 258 82 74
994 78 88 80
1598 646 100 62
814 880 96 68
1448 638 104 54
604 356 88 86
1388 516 96 98
1032 214 72 118
1128 580 92 78
442 282 106 72
838 180 112 74
640 254 84 98
218 46 136 72
1394 892 132 62
838 436 76 72
1466 204 104 86
968 878 100 60
890 476 100 66
808 692 76 74
320 190 120 82
1548 226 106 74
1100 460 82 104
1668 254 120 90
890 60 94 72
726 896 98 78
656 782 94 70
130 226 134 72
1088 356 92 76
1570 378 82 104
1556 806 86 88
1072 690 88 50
202 268 134 76
1070 74 108 72
612 86 102 80
866 404 104 78
1634 572 84 82
1330 346 110 90
18 110 106 78
1724 644 88 70
1628 806 106 52
1072 642 100 62
622 842 102 90
1236 170 94 100
1286 888 108 66
1616 126 114 64
1074 918 84 72
1636 700 94 62
830 502 82 78
1112 862 80 80
332 330 88 94
520 218 76 80
1234 68 102 64
1224 280 98 84
1126 312 82 76
770 46 114 84
672 652 90 78
340 268 108 80
1302 810 86 72
1730 372 94 62
1322 748 88 90
1106 738 62 96
612 666 78 102
384 978 112 72
326 884 168 74
818 624 80 84
506 970 94 84
1618 334 106 78
1326 94 58 106
632 950 82 96
1614 18 170 62
1034 950 84 80
452 540 128 60
1234 916 74 82
1586 178 94 48
1632 924 104 58
494 848 114 68
626 60 106 44
178 702 94 100
1552 696 90 62
1486 362 90 112
38 408 86 62
1606 852 84 92
170 0 142 52
1606 744 100 60
1654 186 168 62
16 294 104 92
200 598 98 102
50 958 92 66
1058 718 62 72
86 60 126 64
256 682 142 64
1534 626 72 82
378 126 116 66
694 954 98 72
826 938 78 80
472 594 124 66
1646 408 86 84
298 742 80 102
270 978 112 74
420 498 102 78
220 104 94 90
406 12 94 92
106 816 88 92
0 176 80 92
474 902 108 72
42 684 102 74
1222 486 66 92
1504 570 76 76
1480 736 118 70
284 608 74 74
602 154 56 82
46 504 108 54
418 642 106 52
390 670 74 96
1232 120 128 64
42 240 96 76
508 646 94 68
422 192 70 96
354 530 96 74
164 102 80 104
186 542 124 68
1230 460 104 66
1146 760 64 80
1730 888 80 108
320 0 92 78
1338 962 86 76
820 14 82 76
1754 504 60 70
1166 488 54 98
458 380 98 66
530 758 76 88
458 690 90 56
518 152 72 80
154 498 142 48
354 608 94 62
142 326 124 78
468 14 76 52
1362 842 86 72
0 264 46 80
1642 68 132 78
1740 602 66 48
796 998 86 58
1382 954 118 80
334 50 106 106
182 914 82 72
30 790 86 88
454 176 92 74
1156 260 78 60
62 552 112 82
1078 120 76 28
1830 864 64 108
1766 212 86 78
730 550 84 90
610 768 56 88
598 282 68 62
1776 14 82 94
