1046 500 74 70
988 166 84 70
804 622 86 58
306 870 92 62
1648 158 72 72
632 356 100 66
1358 122 78 62
966 414 86 46
274 706 94 48
492 342 98 60
1018 572 68 48
1604 104 86 56
1026 352 70 68
194 700 80 86
448 118 86 58
1146 602 54 82
468 224 76 84
324 168 110 52
416 726 76 80
1366 534 60 62
892 582 62 100
1704 204 72 88
152 186 96 70
818 420 54 60
1078 120 76 60
1234 192 78 60
1508 296 68 78
60 316 102 68
264 454 98 46
1044 650 68 60
212 306 86 88
1224 734 64 74
492 700 82 78
178 892 88 66
66 692 84 58
396 12 88 64
1240 76 56 78
852 332 66 48
22 880 106 70
1378 384 72 66
1632 600 86 48
1228 672 90 42
504 794 100 68
64 956 96 66
174 124 104 58
356 946 80 70
842 488 64 58
1632 518 84 42
1154 866 46 80
1102 850 58 78
1532 542 66 86
726 800 64 74
718 128 60 78
742 468 86 48
736 738 86 56
388 352 74 80
124 270 88 84
1744 60 80 44
1268 910 86 56
1444 542 62 44
948 1004 72 50
1348 862 68 36
750 184 80 66
346 224 90 86
1714 102 78 64
6 522 104 52
1646 28 86 58
42 598 106 74
88 58 110 64
1108 726 54 56
988 74 80 52
88 484 104 72
502 62 74 52
0 204 116 76
1374 898 56 74
528 486 78 52
1460 588 70 44
28 116 108 76
1100 70 104 40
642 446 66 62
1076 944 86 54
1160 208 48 78
1654 738 68 58
1730 646 68 64
