226 662 40 38
886 480 44 32
982 514 48 28
826 290 44 34
268 746 42 38
1020 328 38 40
916 656 40 34
1246 106 42 34
734 800 32 46
700 418 36 38
826 654 44 30
624 400 46 32
836 558 48 28
984 894 38 38
700 542 42 28
182 632 42 34
984 422 44 36
832 364 40 32
310 564 34 44
922 302 54 28
918 246 42 36
1108 390 36 38
772 834 34 46
902 346 36 38
908 140 44 34
1072 548 36 42
242 492 46 30
934 396 44 38
934 882 36 38
762 946 36 32
1004 248 46 30
1496 360 52 52
164 458 46 30
890 926 34 46
1084 242 36 42
916 602 38 34
856 720 42 32
306 206 38 38
870 864 42 36
936 346 44 36
380 746 40 34
812 104 46 32
832 816 44 32
914 522 54 30
1176 408 40 32
1250 150 40 32
870 172 38 42
1048 714 44 30
1096 36 44 34
792 712 44 32
820 158 30 46
304 794 40 38
1394 396 54 40
28 548 40 28
220 160 48 30
860 102 36 34
330 518 46 30
174 536 52 28
336 418 40 34
1192 230 32 46
340 724 38 34
598 456 44 32
428 556 40 32
1046 890 36 38
296 838 38 34
826 132 48 30
1200 790 36 40
1244 206 40 32
1080 314 48 30
912 540 34 40
382 296 32 48
1176 556 32 44
892 826 44 36
1050 948 44 30
426 502 46 32
1266 2 38 32
594 414 34 34
260 700 46 30
340 198 42 28
270 242 50 30
608 854 40 36
956 980 34 38
1316 4 36 40
390 606 42 34
974 184 52 30
304 700 50 28
388 424 44 30
942 60 48 26
1424 496 36 34
166 912 36 32
340 548 46 30
1098 818 42 34
358 792 36 46
422 366 54 24
642 798 46 28
630 352 42 30
390 492 38 44
1004 38 44 32
988 116 48 30
1414 70 46 36
636 566 46 30
828 120 50 24
1194 152 44 34
772 28 36 38
176 732 42 34
1340 888 48 26
1058 470 44 32
1046 382 42 32
128 582 52 28
346 562 38 36
1102 288 48 30
1540 184 42 52
414 96 60 34
368 266 32 42
584 312 32 42
1174 360 38 32
602 594 42 28
284 110 36 36
224 730 42 38
786 1010 36 40
138 566 46 30
918 86 48 28
1138 92 36 42
66 302 50 36
604 680 48 28
224 882 48 30
1108 424 44 30
858 818 40 36
172 864 48 28
1112 506 42 34
1242 450 40 42
1288 196 48 30
990 938 40 34
1000 754 48 30
1252 424 44 34
1276 874 38 36
606 956 32 38
1116 684 38 38
1224 978 54 44
232 950 44 30
116 960 30 40
1048 412 42 32
1068 452 46 32
1488 848 52 38
1176 588 38 30
94 478 44 28
280 884 36 36
76 682 50 24
1572 24 52 58
1584 0 52 22
1082 480 44 36
654 6 40 34
590 432 40 36
1664 562 72 48
84 494 50 26
38 648 52 26
866 120 46 22
1072 432 46 32
1164 472 34 48
