792 698 64 60
916 828 44 76
1252 608 62 50
978 416 50 52
332 384 62 44
772 582 66 36
90 320 62 68
832 350 58 44
430 262 58 62
300 806 58 54
1038 696 58 40
666 646 48 50
1116 332 48 52
912 324 46 62
1048 498 50 64
1042 188 68 42
980 292 66 38
884 256 44 68
800 488 82 40
430 534 70 38
1268 182 68 40
1270 232 64 40
824 170 60 50
892 204 58 42
966 660 62 34
84 788 70 36
1000 630 72 34
204 736 74 34
588 26 56 64
1098 648 40 60
120 822 70 40
384 318 70 42
584 134 58 62
976 334 44 56
742 126 52 52
1048 430 58 58
1064 876 64 40
670 440 58 56
704 122 48 64
778 20 50 60
464 162 86 54
1380 538 62 44
16 152 92 68
1204 282 60 38
460 112 78 44
972 74 46 52
754 922 52 56
1228 168 60 40
1810 664 86 36
708 546 84 28
480 278 64 62
638 72 64 46
932 930 70 40
1348 512 52 50
810 838 60 40
1090 582 62 46
124 636 68 40
802 232 62 42
472 394 58 60
676 314 52 44
1198 220 50 50
474 216 74 44
1388 82 50 58
1432 64 58 54
1206 138 58 36
748 880 84 36
1036 744 64 36
590 594 72 34
1168 120 32 36
1000 852 58 52
802 120 42 26
800 886 28 34
1004 62 52 18
1642 732 74 32
160 362 70 52
1796 712 84 42
974 248 50 48
1180 92 28 44
848 60 62 50
1086 24 46 60
1064 762 44 66
598 954 78 40
654 116 62 34
842 114 42 60
1052 354 52 46
464 898 70 42
932 260 42 62
44 710 78 52
826 250 52 50
426 380 52 40
1680 658 74 32
1124 120 40 30
1110 802 28 52
26 798 60 34
964 134 54 50
38 452 86 40
412 408 60 40
920 178 56 42
968 120 42 20
1684 222 64 38
978 870 58 58
1136 86 28 52
