1396 232 58 48
40 522 74 50
1482 44 58 58
896 448 56 42
326 706 44 50
104 670 70 30
216 686 54 46
166 814 66 34
1356 26 66 48
154 538 62 34
664 78 56 44
130 900 54 46
1602 742 60 30
748 270 40 50
1218 280 68 38
864 772 34 44
782 366 50 44
870 640 36 44
958 690 34 34
64 364 64 42
1650 576 82 36
696 28 52 62
1802 844 86 58
842 656 32 44
796 424 56 42
692 738 34 44
846 122 58 44
646 552 46 46
1832 192 68 58
966 178 40 38
1012 106 60 40
808 712 34 44
852 198 58 38
1232 324 44 54
1130 380 38 38
466 526 70 36
826 276 58 36
586 718 52 56
14 238 66 56
962 940 46 52
724 626 40 38
1676 266 96 76
1218 28 56 56
718 204 50 40
1202 196 60 40
1054 502 62 34
758 648 34 50
1258 478 52 36
868 242 52 46
894 636 40 38
1700 162 106 56
730 532 30 48
456 654 82 30
640 210 44 52
1808 782 70 38
1082 256 48 48
852 578 36 40
902 550 36 38
1002 630 36 42
632 448 54 32
1334 840 46 50
1170 718 72 42
966 642 40 38
1202 382 44 52
1044 766 62 34
774 596 32 44
800 554 30 50
104 852 62 38
884 744 46 34
1018 952 32 44
1054 162 32 48
1228 874 32 46
1204 430 56 48
864 698 46 38
1018 348 56 46
1102 518 30 50
1180 502 62 34
1146 120 40 34
20 160 82 62
910 520 42 30
1110 230 40 32
1786 522 68 38
1066 926 48 50
1822 758 74 36
1104 918 42 30
946 548 50 30
582 516 34 36
976 600 56 24
1788 458 78 54
1088 792 32 44
602 864 56 44
580 310 38 44
1622 834 114 58
1682 604 62 46
1740 60 64 78
1782 714 56 50
84 128 88 50
520 444 48 46
874 718 40 36
78 824 56 54
1630 804 88 40
1092 442 34 44
1084 920 42 34
