910 264 70 44
150 750 68 34
1520 386 74 44
664 164 50 64
822 512 40 64
1576 882 60 46
636 92 64 46
1518 760 64 36
1210 430 66 40
1512 700 52 48
1082 252 66 42
938 738 58 42
740 260 50 64
1674 476 86 56
1040 432 54 58
1216 164 66 52
918 420 50 56
1650 864 82 54
1196 648 54 52
170 604 66 38
1620 352 76 42
1060 638 50 50
1192 872 68 38
1224 492 62 38
712 484 72 34
686 772 68 40
1190 108 52 60
882 394 46 58
262 634 60 40
134 498 52 64
392 992 48 60
1238 294 68 36
146 858 70 38
1046 770 54 40
990 134 42 58
430 68 64 60
812 676 62 36
588 342 46 60
166 314 64 38
804 146 70 40
1200 222 50 54
948 548 60 40
1666 402 66 54
862 568 42 58
176 54 70 60
1034 698 50 48
476 566 74 40
822 22 52 70
986 878 46 56
1044 184 66 40
850 342 52 44
1100 420 60 34
264 180 62 38
1052 132 62 42
696 620 44 60
996 558 52 46
1686 718 72 46
262 128 74 36
1414 18 78 42
354 752 60 48
470 348 76 42
896 618 70 34
1288 962 66 36
798 98 52 42
856 674 60 38
132 160 74 44
728 86 64 52
494 122 48 56
1178 918 64 38
1244 992 48 58
606 652 48 54
662 574 50 48
408 678 60 36
346 350 56 50
1086 608 56 44
268 360 46 50
1788 732 98 44
480 314 72 40
642 964 52 54
14 156 82 62
1188 700 52 50
36 370 68 42
770 714 62 44
400 878 22 40
740 688 66 44
800 4 30 28
992 948 68 42
706 720 42 46
1054 210 62 44
400 748 20 48
902 990 60 38
1808 588 78 46
1212 322 68 48
800 122 40 28
400 370 78 44
1046 922 34 46
104 336 60 48
1016 606 60 36
774 60 58 48
620 528 56 42
154 256 58 46
734 628 48 54
900 580 50 34
1178 760 50 50
1098 888 46 52
646 122 58 20
1214 744 40 36
400 182 68 70
1020 996 68 36
38 310 66 50
302 318 58 44
500 770 52 50
356 880 74 36
128 216 52 48
1120 646 40 64
324 298 58 30
294 438 74 34
452 288 48 54
106 864 74 48
52 792 60 38
1060 884 50 46
1178 970 54 38
372 588 52 46
218 948 58 52
488 826 54 58
132 580 52 48
1646 632 64 54
1654 670 88 44
334 892 56 54
836 62 46 26
1044 566 52 40
400 602 24 44
122 26 72 48
754 668 54 40
