1386 228 66 48
1502 136 72 50
1486 224 72 48
712 442 68 42
1052 430 54 52
1492 596 56 60
1076 108 46 56
1616 562 70 38
1488 276 70 46
1210 546 62 60
406 66 72 38
468 108 66 52
632 302 50 56
842 472 70 34
1318 130 78 42
78 820 60 48
694 294 56 58
178 104 66 84
886 602 56 38
1362 30 58 62
1046 496 60 36
1610 384 54 56
710 32 68 44
872 336 46 62
168 942 54 62
122 748 74 38
228 712 54 58
278 792 70 36
282 270 60 42
1570 442 78 40
328 504 44 48
1182 398 46 56
734 554 60 46
1188 238 58 56
1300 396 46 64
388 752 50 58
960 372 48 50
138 226 60 50
1580 262 70 52
440 304 66 42
328 644 60 32
838 98 70 38
1554 926 78 62
630 548 52 60
1622 662 90 36
1574 684 66 46
730 618 42 52
866 514 60 36
1020 700 64 36
438 658 76 36
650 238 58 48
356 292 48 58
610 462 64 38
784 318 68 42
154 192 66 38
430 508 70 34
590 60 64 62
1134 78 42 76
50 632 66 52
1008 210 66 44
924 480 48 50
234 188 78 38
1432 684 54 64
1482 10 68 68
1202 210 66 34
450 388 68 38
658 428 58 36
1182 78 42 76
744 888 58 40
952 420 50 52
378 234 50 54
640 8 48 64
264 992 66 44
1030 192 82 46
892 982 58 56
1002 28 66 48
828 42 60 42
102 124 70 52
14 366 98 42
1190 490 54 44
1204 698 46 64
120 538 64 68
1532 814 60 52
1844 722 52 68
16 158 84 64
1320 4 50 58
806 348 62 40
168 572 50 60
416 264 42 46
624 850 54 52
596 848 34 36
2 246 88 52
812 386 48 46
622 620 60 42
574 104 42 62
678 576 42 50
72 488 60 38
1454 756 50 46
1320 482 50 52
1610 800 52 50
344 374 70 36
1074 914 62 34
1058 766 36 42
56 978 68 46
1480 688 32 36
480 574 46 30
36 900 62 44
368 396 50 60
496 226 64 38
400 226 20 44
