1022 278 64 108
740 834 94 52
1040 566 96 68
706 256 76 84
1084 358 70 84
728 654 72 90
920 232 74 114
1064 692 118 60
1106 226 102 76
1322 144 74 92
818 524 112 82
962 952 84 76
1064 152 114 60
1110 748 86 78
776 896 78 68
1288 494 98 58
804 652 82 86
998 446 102 82
1130 598 78 78
1118 312 102 72
494 140 90 72
752 590 84 78
1148 852 58 108
852 180 94 88
1384 140 96 66
1524 194 74 102
372 480 98 70
1148 478 68 94
752 370 82 96
460 344 96 68
1530 886 70 76
448 256 122 60
1592 194 74 76
1234 388 98 54
262 196 142 76
1246 180 64 110
1636 322 72 86
874 102 78 90
932 364 92 72
1086 818 84 64
630 800 56 92
1074 910 64 86
1690 212 88 80
228 302 120 76
186 542 86 82
1438 210 96 94
226 884 102 82
276 554 114 68
1570 146 124 54
628 16 98 64
856 292 70 114
1416 582 92 62
1144 30 70 98
472 926 118 64
1288 800 104 66
288 42 130 84
1072 108 100 52
402 640 112 56
468 866 124 70
1574 350 80 64
1248 698 94 62
166 742 76 96
226 654 100 74
604 472 68 78
8 194 108 86
1616 684 74 70
750 14 60 80
1730 328 94 98
1226 458 56 112
456 736 94 60
400 792 76 74
1300 956 104 62
436 688 108 54
1266 120 72 68
1220 864 52 108
1232 652 96 66
26 114 104 74
1546 416 110 66
1682 632 122 72
594 270 98 68
624 744 76 70
658 680 84 72
1508 542 74 86
1530 60 76 64
1666 80 72 102
282 924 84 98
1428 470 86 84
1372 60 90 70
534 750 66 60
210 478 108 74
1068 632 92 62
664 122 80 82
86 202 136 76
284 614 110 62
102 520 84 100
1726 136 96 92
1220 734 58 92
616 934 68 88
408 572 100 58
420 0 80 68
1636 600 116 70
302 814 104 80
62 314 124 78
1258 434 60 74
642 354 112 84
1668 826 56 58
1624 770 90 54
52 952 106 70
34 482 92 96
1760 234 78 74
630 302 80 84
1614 492 90 68
124 608 92 108
1228 24 58 112
172 686 106 68
274 362 84 70
1660 404 74 70
622 144 88 90
50 688 104 66
594 26 58 68
46 588 90 100
422 362 84 78
1672 702 124 76
876 6 70 56
1706 830 68 68
1584 808 76 84
1106 42 50 74
82 784 122 76
66 30 100 70
