618 122 74 116
1094 592 106 84
856 784 90 96
906 614 102 84
402 618 112 90
916 186 88 100
674 728 100 88
1314 560 102 68
1218 568 96 102
658 622 86 100
320 192 84 110
1242 170 100 88
606 40 106 110
344 466 78 104
1310 258 132 84
1354 182 124 86
1108 206 90 98
168 822 132 80
28 206 128 94
1480 482 120 82
636 256 86 98
882 20 120 70
178 596 110 94
78 590 96 108
740 600 106 86
1452 120 102 82
764 526 114 68
986 60 88 76
778 120 150 54
1292 480 114 84
1002 596 118 80
590 758 92 98
948 280 78 102
1514 846 90 96
1112 780 116 74
896 294 70 116
830 488 132 68
1246 838 112 82
738 188 100 96
708 286 86 98
1464 770 112 80
904 702 86 102
980 460 106 76
1232 718 106 82
878 418 104 80
198 488 74 118
752 18 116 70
1364 894 98 86
1392 576 90 84
808 162 88 104
402 200 186 80
924 758 138 70
1036 728 128 66
986 246 88 102
662 12 100 92
742 486 98 62
400 146 132 70
972 518 84 102
1654 276 86 100
1682 788 102 98
1120 324 70 78
1254 632 92 58
800 296 58 94
354 286 100 90
652 946 134 72
1622 82 94 92
1062 346 82 104
626 830 132 70
1040 670 130 70
1064 120 94 92
1026 888 162 72
1616 470 114 72
1408 308 84 100
1636 530 112 74
126 946 128 92
6 112 108 74
664 888 116 70
1398 60 72 114
968 368 106 86
1322 704 98 96
262 340 124 76
1448 386 76 104
1088 60 78 78
978 864 88 80
1404 650 98 90
894 884 112 94
642 538 118 86
1682 16 118 92
258 910 90 100
354 698 114 82
596 542 66 122
1492 244 106 84
1326 636 98 80
1630 172 92 98
1528 554 110 90
1582 628 100 94
290 0 84 102
1614 378 140 68
442 330 110 80
246 84 86 106
16 0 128 94
1534 328 92 100
1224 906 104 80
788 382 110 78
1142 10 82 112
400 946 66 60
976 804 122 78
1414 234 116 72
666 474 100 84
426 498 98 88
412 120 114 44
1504 932 110 84
146 70 106 138
1210 242 84 74
280 578 108 82
264 720 100 90
1662 882 120 90
1758 300 92 106
1444 14 106 94
608 120 112 40
12 302 138 80
1244 86 124 84
590 344 86 122
418 774 160 54
158 746 86 96
1560 254 94 104
1228 20 78 90
332 942 120 82
1686 682 106 96
322 794 80 122
594 656 68 80
800 964 50 92
1712 254 146 82
38 856 124 80
26 762 128 112
400 374 138 82
138 416 112 74
1764 824 72 82
38 686 88 72
16 410 118 72
1168 284 72 96
502 526 94 104
158 692 138 82
1654 592 92 90
74 482 124 92
1726 154 98 98
414 28 98 60
454 820 126 72
1782 120 80 68
1746 592 60 92
702 412 136 62
178 272 108 84
1012 962 150 86
486 886 94 100
354 780 136 80
266 484 78 106
1720 482 108 80
