348 230 54 52
1462 156 76 42
192 226 64 46
138 190 54 56
992 328 66 38
774 432 54 50
120 734 74 34
836 298 64 38
772 488 60 44
834 258 58 32
866 676 50 46
1200 240 46 54
960 386 54 44
1042 474 64 44
684 602 54 44
1022 458 50 58
1044 156 58 42
178 808 60 42
1004 716 46 46
1026 542 54 40
1074 546 56 46
160 530 46 48
1046 638 52 44
196 736 62 42
444 104 56 46
1212 378 70 38
350 982 64 50
38 360 68 58
648 530 48 48
164 602 70 30
36 626 68 40
158 128 78 44
1206 136 70 44
1086 902 54 42
190 468 84 42
1102 648 40 62
506 222 56 50
640 582 60 38
1074 262 58 40
1052 690 46 48
208 642 60 38
1050 218 54 42
102 860 46 46
292 138 58 64
1180 406 60 36
78 572 58 42
322 166 56 50
504 526 70 42
830 984 48 54
854 630 44 44
1118 226 38 36
1588 910 160 62
150 928 52 52
1130 292 40 32
134 898 50 48
722 912 56 44
194 562 64 32
1088 808 44 58
1176 946 50 58
1192 446 60 36
182 398 46 52
998 982 56 34
582 242 68 52
30 530 66 34
1792 548 88 42
228 592 52 40
972 2 50 62
1102 428 60 34
